     iteration=          19999       process=              0       (i,j,k)=              0              0              0       (x,y,z)=   4.993908e-03   5.007063e-03   4.586006e-03     particles=             75
fabric=[ ...   
   3.906088e-01   1.901076e-02   7.700715e-03;
   1.901076e-02   2.921718e-01   5.189948e-02;
   7.700715e-03   5.189948e-02   3.172194e-01]
sigma=[ ...    
  -2.460418e+03  -1.642328e+02   2.038015e+02;
  -1.599440e+02  -1.250973e+03  -1.014614e+02;
   2.489662e+02  -5.068367e+01  -1.267787e+03]
sigmaDot=[ ... 
  -2.548192e+06   7.940592e+06   7.846031e+05;
   2.624743e+06  -7.444417e+05  -1.704525e+06;
   4.497812e+05   1.973339e+05   2.191114e+06]
intgraE=[ ...  
  -2.168548e-03   1.038088e-02  -1.173302e-02;
   1.038088e-02   9.386623e-03  -1.098562e-02;
  -1.173302e-02  -1.098562e-02  -2.471452e-02]
E=[ ...        
  -4.954868e-03   1.110148e-02  -1.461789e-02;
   1.110148e-02   1.116736e-02  -1.143122e-02;
  -1.461789e-02  -1.143122e-02  -2.208706e-02]
e=[ ...        
  -5.571434e-03   1.059992e-02  -1.533400e-02;
   1.059992e-02   1.015801e-02  -1.158202e-02;
  -1.533400e-02  -1.158202e-02  -2.368669e-02]
intgraF=[ ...  
   9.977735e-01   1.594854e-02  -1.426080e-02;
   4.597033e-03   1.008973e+00  -9.081751e-05;
  -9.474696e-03  -2.221035e-02   9.748680e-01]
F=[ ...        
   9.949139e-01   1.549120e-02  -1.564011e-02;
   6.447757e-03   1.010798e+00  -3.463731e-03;
  -1.396668e-02  -1.955845e-02   9.775322e-01]
R=[ ...        
   9.999897e-01   4.447643e-03  -8.493652e-04;
  -4.440647e-03   9.999576e-01   8.067871e-03;
   8.852121e-04  -8.064017e-03   9.999671e-01]
U=[ ...        
   9.948627e-01   1.098513e-02  -1.475925e-02;
   1.098513e-02   1.010982e+00  -1.141598e-02;
  -1.475925e-02  -1.141598e-02   9.774854e-01]
l=[ ...        
  -5.999197e-02   1.655158e-01  -3.145524e-02;
  -1.123954e-02   1.432376e-01   1.503239e-02;
   1.458420e-02  -9.098148e-02   3.067598e-03]
d=[ ...        
  -5.999197e-02   7.713814e-02  -8.435519e-03;
   7.713814e-02   1.432376e-01  -3.797455e-02;
  -8.435519e-03  -3.797455e-02   3.067598e-03]
     iteration=          19999       process=              1       (i,j,k)=              0              0              1       (x,y,z)=   4.993908e-03   5.007063e-03   1.375314e-02     particles=             53
fabric=[ ...   
   3.824107e-01   2.705286e-03  -3.137776e-02;
   2.705286e-03   3.659683e-01   2.556496e-02;
  -3.137776e-02   2.556496e-02   2.516211e-01]
sigma=[ ...    
  -8.818730e+02  -4.934582e+01  -1.378217e+02;
  -8.442327e+01  -9.390170e+02  -7.987563e+01;
  -1.475016e+02  -7.269157e+01  -6.365763e+02]
sigmaDot=[ ... 
   6.362623e+05   4.496218e+05   1.035172e+06;
  -7.759075e+05   1.048716e+05  -2.757101e+04;
   8.367178e+05  -5.996941e+05  -1.228414e+06]
intgraE=[ ...  
  -1.848744e-02   5.415842e-03   1.543154e-02;
   5.415842e-03   1.287357e-02  -5.288868e-02;
   1.543154e-02  -5.288868e-02   6.310652e-02]
E=[ ...        
  -3.890118e-02   1.157032e-03   1.434591e-02;
   1.157032e-03   1.498955e-02  -5.496519e-02;
   1.434591e-02  -5.496519e-02   3.277330e-01]
e=[ ...        
  -4.270817e-02   4.554722e-03  -3.987752e-03;
   4.554722e-03   8.971612e-03  -2.587174e-02;
  -3.987752e-03  -2.587174e-02   1.979758e-01]
intgraF=[ ...  
   9.813084e-01   1.495303e-02   2.387031e-02;
  -3.262888e-03   1.009606e+00  -2.227510e-02;
   6.944526e-03  -7.885630e-02   1.060729e+00]
F=[ ...        
   9.580535e-01   1.706390e-02  -5.762342e-02;
  -8.559745e-03   1.011384e+00  -2.998127e-03;
   6.525239e-02  -8.240125e-02   1.285355e+00]
R=[ ...        
   9.984431e-01   1.281174e-02  -5.428771e-02;
  -1.092322e-02   9.993296e-01   3.494236e-02;
   5.469899e-02  -3.429496e-02   9.979138e-01]
U=[ ...        
   9.602247e-01   1.482501e-03   1.280664e-02;
   1.482501e-03   1.013751e+00  -4.781556e-02;
   1.280664e-02  -4.781556e-02   1.285697e+00]
l=[ ...        
  -4.725195e-02   2.048643e-01   3.813243e-01;
  -1.417044e-01   6.736190e-03  -2.008814e-01;
   2.502159e-01  -3.751924e-01   4.982918e-01]
d=[ ...        
  -4.725195e-02   3.157997e-02   3.157701e-01;
   3.157997e-02   6.736190e-03  -2.880369e-01;
   3.157701e-01  -2.880369e-01   4.982918e-01]
     iteration=          19999       process=              2       (i,j,k)=              0              1              0       (x,y,z)=   4.993908e-03   1.499885e-02   4.586006e-03     particles=             70
fabric=[ ...   
   3.160817e-01  -3.538130e-02   8.492552e-03;
  -3.538130e-02   2.888738e-01   3.601010e-03;
   8.492552e-03   3.601010e-03   3.950444e-01]
sigma=[ ...    
  -8.431575e+02   2.778331e+02   1.141795e+02;
   3.068565e+02  -1.086126e+03   2.600140e+01;
   9.913470e+01  -2.716839e+01  -1.171042e+03]
sigmaDot=[ ... 
  -8.776481e+05  -6.639359e+05  -4.044586e+05;
   9.943227e+05   4.779990e+05  -1.456967e+06;
  -2.617304e+05  -2.160469e+06  -9.643313e+05]
intgraE=[ ...  
   2.153024e-02   4.311195e-03  -1.498556e-03;
   4.311195e-03  -1.373103e-02   2.817114e-03;
  -1.498556e-03   2.817114e-03  -2.398330e-02]
E=[ ...        
   3.821379e-02   6.173575e-03  -5.470791e-03;
   6.173575e-03  -1.665032e-03   9.059147e-03;
  -5.470791e-03   9.059147e-03  -2.758585e-02]
e=[ ...        
   3.510429e-02   6.244381e-03  -6.623888e-03;
   6.244381e-03  -1.899909e-03   9.625644e-03;
  -6.623888e-03   9.625644e-03  -2.919232e-02]
intgraF=[ ...  
   1.021111e+00  -4.151258e-03   1.123714e-02;
   1.311809e-02   9.861517e-01   7.521722e-04;
  -1.484267e-02   5.062353e-03   9.756570e-01]
F=[ ...        
   1.037186e+00   6.267697e-04   1.091732e-02;
   1.198650e-02   9.982650e-01   6.766893e-03;
  -2.299116e-02   1.168418e-02   9.719379e-01]
R=[ ...        
   9.998411e-01  -5.627754e-03   1.691555e-02;
   5.670573e-03   9.999808e-01  -2.484468e-03;
  -1.690124e-02   2.579994e-03   9.998538e-01]
U=[ ...        
   1.037478e+00   6.089928e-03  -5.473007e-03;
   6.089928e-03   9.982725e-01   9.212918e-03;
  -5.473007e-03   9.212918e-03   9.719637e-01]
l=[ ...        
   1.921339e-01   2.079748e-01   1.485460e-01;
   2.464406e-02  -2.062207e-01  -6.063388e-03;
   2.726245e-02  -7.636402e-03   1.162174e-02]
d=[ ...        
   1.921339e-01   1.163094e-01   8.790422e-02;
   1.163094e-01  -2.062207e-01  -6.849895e-03;
   8.790422e-02  -6.849895e-03   1.162174e-02]
     iteration=          19999       process=              3       (i,j,k)=              0              1              1       (x,y,z)=   4.993908e-03   1.499885e-02   1.375314e-02     particles=             47
fabric=[ ...   
   3.477293e-01   4.608948e-03  -1.146762e-02;
   4.608948e-03   3.097124e-01   7.395204e-02;
  -1.146762e-02   7.395204e-02   3.425582e-01]
sigma=[ ...    
  -1.389335e+03   1.070384e+02   5.399912e+01;
   8.771311e+01  -1.719838e+03  -3.354569e+02;
  -2.519282e+01  -2.259089e+02  -2.271219e+03]
sigmaDot=[ ... 
  -1.432523e+06  -1.629690e+06   4.760328e+06;
  -3.058267e+06  -4.463894e+05   2.960718e+06;
  -6.669458e+05  -2.427340e+06  -1.043927e+06]
intgraE=[ ...  
  -1.067139e-02   3.540189e-03  -6.428101e-03;
   3.540189e-03  -4.736895e-03  -7.871493e-03;
  -6.428101e-03  -7.871493e-03  -1.993877e-02]
E=[ ...        
   2.845837e-02   7.448431e-02  -1.001585e-02;
   7.448431e-02   6.747879e-02  -6.386374e-03;
  -1.001585e-02  -6.386374e-03   7.472344e-04]
e=[ ...        
   2.645356e-02   6.482328e-02  -8.817725e-03;
   6.482328e-02   4.287944e-02  -2.637257e-03;
  -8.817725e-03  -2.637257e-03   1.435306e-04]
intgraF=[ ...  
   9.892479e-01   4.575966e-03  -1.915352e-02;
   2.564742e-03   9.952413e-01  -1.589951e-02;
   6.260224e-03   1.720258e-04   9.795421e-01]
F=[ ...        
   1.027966e+00   1.392960e-01  -3.224345e-02;
   5.562445e-03   1.056172e+00  -7.776726e-04;
   1.311480e-02  -7.458315e-03   1.000227e+00]
R=[ ...        
   9.977030e-01   6.400020e-02  -2.219562e-02;
  -6.391689e-02   9.979453e-01   4.443550e-03;
   2.243440e-02  -3.014668e-03   9.997438e-01]
U=[ ...        
   1.025543e+00   7.130150e-02  -9.680180e-03;
   7.130150e-02   1.062939e+00  -5.855014e-03;
  -9.680180e-03  -5.855014e-03   1.000683e+00]
l=[ ...        
  -1.740928e-01   2.178945e-01  -2.291429e-01;
  -2.428377e-01  -1.458084e-01  -8.525948e-02;
   1.193356e-01   6.994847e-02  -3.269190e-01]
d=[ ...        
  -1.740928e-01  -1.247161e-02  -5.490361e-02;
  -1.247161e-02  -1.458084e-01  -7.655503e-03;
  -5.490361e-02  -7.655503e-03  -3.269190e-01]
     iteration=          19999       process=              4       (i,j,k)=              1              0              0       (x,y,z)=   1.497474e-02   5.007063e-03   4.586006e-03     particles=             67
fabric=[ ...   
   3.447110e-01  -1.937259e-02  -5.718486e-03;
  -1.937259e-02   2.926489e-01  -4.262549e-03;
  -5.718486e-03  -4.262549e-03   3.626401e-01]
sigma=[ ...    
  -2.761679e+03  -2.492445e+02  -8.923543e+01;
  -1.850548e+02  -1.499299e+03  -9.112035e+00;
  -5.072253e+01   3.687828e+01  -1.301159e+03]
sigmaDot=[ ... 
  -9.981720e+05   1.552644e+06  -3.477581e+06;
   2.518164e+06  -1.624429e+05   1.262869e+06;
  -2.587466e+06  -6.151132e+05  -9.668933e+05]
intgraE=[ ...  
   6.345968e-03   5.259662e-03   9.852615e-03;
   5.259662e-03   1.503834e-02  -5.879977e-03;
   9.852615e-03  -5.879977e-03  -3.240704e-02]
E=[ ...        
   5.246072e-02   3.480680e-02   2.012634e-02;
   3.480680e-02   1.993920e-02  -1.202737e-03;
   2.012634e-02  -1.202737e-03  -1.224774e-02]
e=[ ...        
   4.356648e-02   3.125921e-02   1.897703e-02;
   3.125921e-02   1.791822e-02  -2.384639e-03;
   1.897703e-02  -2.384639e-03  -1.282790e-02]
intgraF=[ ...  
   1.006100e+00   1.850572e-02   4.642887e-04;
  -7.523197e-03   1.014489e+00   1.068426e-02;
   1.997794e-02  -2.337934e-02   9.669910e-01]
F=[ ...        
   1.049555e+00   1.926648e-02   8.592493e-03;
   4.904523e-02   1.019374e+00   1.643824e-02;
   3.081327e-02  -1.957236e-02   9.875021e-01]
R=[ ...        
   9.998359e-01  -1.412497e-02  -1.134522e-02;
   1.432678e-02   9.997370e-01   1.790917e-02;
   1.108927e-02  -1.806877e-02   9.997752e-01]
U=[ ...        
   1.050427e+00   3.365064e-02   1.977727e-02;
   3.365064e-02   1.019188e+00  -1.530396e-03;
   1.977727e-02  -1.530396e-03   9.874771e-01]
l=[ ...        
  -8.953164e-03   5.611471e-02  -3.560612e-02;
  -1.328025e-01  -9.147520e-03  -6.281520e-02;
  -1.718634e-02  -4.916402e-02  -6.364091e-02]
d=[ ...        
  -8.953164e-03  -3.834392e-02  -2.639623e-02;
  -3.834392e-02  -9.147520e-03  -5.598961e-02;
  -2.639623e-02  -5.598961e-02  -6.364091e-02]
     iteration=          19999       process=              5       (i,j,k)=              1              0              1       (x,y,z)=   1.497474e-02   5.007063e-03   1.375314e-02     particles=             43
fabric=[ ...   
   3.126495e-01   1.241139e-02   4.127796e-02;
   1.241139e-02   3.488763e-01  -4.282445e-02;
   4.127796e-02  -4.282445e-02   3.384742e-01]
sigma=[ ...    
  -1.576337e+03   1.205310e+02   7.059600e+01;
   9.076800e+01  -1.730912e+03  -1.845559e+02;
   2.655512e+01  -9.004196e+01  -1.922156e+03]
sigmaDot=[ ... 
  -1.574143e+06  -7.205478e+05  -1.391693e+06;
  -7.866540e+05  -2.274036e+06   8.699488e+05;
  -1.775944e+05   9.230873e+06  -3.182906e+05]
intgraE=[ ...  
   6.350251e-04   7.993555e-03   3.198725e-02;
   7.993555e-03   1.788897e-02  -3.069495e-02;
   3.198725e-02  -3.069495e-02  -2.151247e-02]
E=[ ...        
   2.885064e-03   9.635917e-03   6.815907e-03;
   9.635917e-03   1.672522e-02  -7.735795e-03;
   6.815907e-03  -7.735795e-03  -9.553119e-02]
e=[ ...        
   1.463242e-03   9.980645e-03   1.312967e-02;
   9.980645e-03   1.546780e-02  -1.282463e-02;
   1.312967e-02  -1.282463e-02  -1.169103e-01]
intgraF=[ ...  
   9.985784e-01  -1.070579e-02   8.434404e-03;
   2.893096e-02   1.016555e+00  -1.435782e-02;
   5.722005e-02  -4.774937e-02   9.781093e-01]
F=[ ...        
   1.001542e+00  -2.994748e-03  -2.818726e-02;
   2.364434e-02   1.015875e+00   1.824611e-02;
   4.609693e-02  -3.793106e-02   8.987826e-01]
R=[ ...        
   9.991407e-01  -1.267012e-02  -3.946340e-02;
   1.382742e-02   9.994782e-01   2.919215e-02;
   3.907294e-02  -2.971274e-02   9.987945e-01]
U=[ ...        
   1.002809e+00   9.572678e-03   7.207339e-03;
   9.572678e-03   1.016510e+00  -8.111569e-03;
   7.207339e-03  -8.111569e-03   8.993441e-01]
l=[ ...        
  -9.293283e-02  -1.037650e-01   1.897194e-01;
   9.839953e-02  -1.502438e-02  -1.271832e-01;
   1.572607e-01  -7.833566e-02   6.859207e-02]
d=[ ...        
  -9.293283e-02  -2.682754e-03   1.734900e-01;
  -2.682754e-03  -1.502438e-02  -1.027594e-01;
   1.734900e-01  -1.027594e-01   6.859207e-02]
     iteration=          19999       process=              6       (i,j,k)=              1              1              0       (x,y,z)=   1.497474e-02   1.499885e-02   4.586006e-03     particles=             57
fabric=[ ...   
   2.986483e-01   2.986513e-03  -5.094092e-02;
   2.986513e-03   3.500681e-01  -1.883743e-02;
  -5.094092e-02  -1.883743e-02   3.512836e-01]
sigma=[ ...    
  -1.052688e+03   2.169880e+02   2.313493e+02;
   2.114525e+02  -6.824132e+02  -1.858558e+02;
   2.856489e+02  -1.910837e+02  -1.009627e+03]
sigmaDot=[ ... 
  -1.387586e+06   3.900474e+05   1.743060e+06;
  -1.965483e+06  -1.132821e+06   1.064436e+06;
   1.106195e+06   1.562436e+06  -1.020561e+06]
intgraE=[ ...  
  -2.580104e-02  -1.448341e-03   9.803373e-03;
  -1.448341e-03  -2.286493e-02   1.667057e-02;
   9.803373e-03   1.667057e-02  -3.157205e-02]
E=[ ...        
  -5.553788e-03  -6.709481e-03   2.473670e-03;
  -6.709481e-03  -2.101842e-02   1.352810e-02;
   2.473670e-03   1.352810e-02  -1.701297e-02]
e=[ ...        
  -5.956264e-03  -7.510746e-03   3.155291e-03;
  -7.510746e-03  -2.211682e-02   1.456607e-02;
   3.155291e-03   1.456607e-02  -1.814711e-02]
intgraF=[ ...  
   9.735727e-01   4.564369e-03  -1.761912e-03;
  -7.619997e-03   9.768459e-01   2.955341e-02;
   2.227202e-02   4.630729e-03   9.674603e-01]
F=[ ...        
   9.941547e-01   2.778109e-03  -1.096770e-02;
  -1.665600e-02   9.787245e-01   2.031478e-02;
   1.647650e-02   7.331913e-03   9.825686e-01]
R=[ ...        
   9.998534e-01   1.000160e-02  -1.389509e-02;
  -9.909901e-03   9.999288e-01   6.652474e-03;
   1.396064e-02  -6.513800e-03   9.998813e-01]
U=[ ...        
   9.944041e-01  -6.819003e-03   2.549873e-03;
  -6.819003e-03   9.786348e-01   1.380338e-02;
   2.549873e-03   1.380338e-02   9.827396e-01]
l=[ ...        
  -2.495254e-01   4.772665e-01  -4.231416e-02;
   3.198330e-01  -1.110738e-01   4.457806e-01;
  -6.237283e-02  -3.315281e-02  -2.839186e-01]
d=[ ...        
  -2.495254e-01   3.985497e-01  -5.234349e-02;
   3.985497e-01  -1.110738e-01   2.063139e-01;
  -5.234349e-02   2.063139e-01  -2.839186e-01]
     iteration=          19999       process=              7       (i,j,k)=              1              1              1       (x,y,z)=   1.497474e-02   1.499885e-02   1.375314e-02     particles=             53
fabric=[ ...   
   3.788144e-01   3.542729e-03  -4.562871e-02;
   3.542729e-03   3.314780e-01  -3.890187e-02;
  -4.562871e-02  -3.890187e-02   2.897077e-01]
sigma=[ ...    
  -1.954976e+02   1.690139e+01  -3.745542e+01;
   2.883152e+01  -2.276199e+02   6.232698e+01;
  -2.724760e+01   6.839145e+01  -1.480762e+02]
sigmaDot=[ ... 
  -2.082364e+06  -9.809162e+04  -1.843014e+06;
  -5.049308e+05   7.391445e+03  -3.307179e+05;
   9.160862e+04   1.243342e+06  -5.577284e+05]
intgraE=[ ...  
   1.089001e-02  -3.576440e-03  -1.039347e-02;
  -3.576440e-03  -2.186982e-02  -1.576697e-03;
  -1.039347e-02  -1.576697e-03   2.675832e-02]
E=[ ...        
   2.170264e-02  -9.285896e-03  -2.173949e-02;
  -9.285896e-03  -4.241706e-02  -7.233142e-03;
  -2.173949e-02  -7.233142e-03   8.609488e-03]
e=[ ...        
   2.101081e-02  -9.366679e-03  -2.029206e-02;
  -9.366679e-03  -4.670745e-02  -8.848142e-03;
  -2.029206e-02  -8.848142e-03   6.236254e-03]
intgraF=[ ...  
   1.010775e+00  -8.676206e-03  -3.123513e-02;
   1.757016e-03   9.777997e-01   6.608822e-03;
   1.050102e-02  -9.636783e-03   1.025913e+00]
F=[ ...        
   1.021441e+00  -1.457609e-02  -4.956279e-02;
  -3.827175e-03   9.565267e-01  -1.253378e-02;
   7.047225e-03  -3.176702e-03   1.007276e+00]
R=[ ...        
   9.995946e-01  -5.558548e-03  -2.792263e-02;
   5.423472e-03   9.999732e-01  -4.910918e-03;
   2.794918e-02   4.757489e-03   9.995980e-01]
U=[ ...        
   1.021203e+00  -9.471272e-03  -2.145812e-02;
  -9.471272e-03   9.565670e-01  -7.465846e-03;
  -2.145812e-02  -7.465846e-03   1.008317e+00]
l=[ ...        
  -7.659832e-02  -1.397622e-02  -2.058142e-02;
  -2.937926e-02  -6.613094e-02  -2.559449e-01;
  -2.419712e-01  -2.587636e-01   2.395614e-01]
d=[ ...        
  -7.659832e-02  -2.167774e-02  -1.312763e-01;
  -2.167774e-02  -6.613094e-02  -2.573543e-01;
  -1.312763e-01  -2.573543e-01   2.395614e-01]
