     iteration=           6999       process=              0       (i,j,k)=              0              0              0       (x,y,z)=   5.002049e-03   5.007981e-03   4.676658e-03     particles=             76
fabric=[ ...   
   3.453987e-01  -1.256676e-02  -5.561987e-03;
  -1.256676e-02   3.007805e-01   7.106267e-02;
  -5.561987e-03   7.106267e-02   3.538208e-01]
sigma=[ ...    
  -2.682563e+03   3.028851e+02   8.665839e+02;
   2.035615e+02  -3.109112e+03  -1.618203e+03;
   9.524314e+02  -1.919712e+03  -4.655558e+03]
sigmaDot=[ ... 
  -6.698008e+05   2.624899e+06  -9.312303e+06;
  -5.534281e+06   2.919164e+06  -1.140311e+07;
   1.659531e+05  -1.568160e+07  -1.552198e+06]
intgraE=[ ...  
  -6.178898e-03   5.789859e-03  -7.311720e-03;
   5.789859e-03   2.952608e-03  -4.337025e-03;
  -7.311720e-03  -4.337025e-03  -1.289552e-02]
E=[ ...        
  -7.666203e-03   6.261908e-03  -1.073848e-02;
   6.261908e-03   4.113209e-03  -5.750550e-03;
  -1.073848e-02  -5.750550e-03  -1.358933e-02]
e=[ ...        
  -8.065168e-03   6.148323e-03  -1.114304e-02;
   6.148323e-03   3.912715e-03  -5.785815e-03;
  -1.114304e-02  -5.785815e-03  -1.430011e-02]
intgraF=[ ...  
   9.937596e-01   4.122273e-03  -9.362073e-03;
   7.400767e-03   1.002876e+00   2.509533e-03;
  -5.408824e-03  -1.129941e-02   9.869726e-01]
F=[ ...        
   9.922419e-01   5.149478e-03  -1.330144e-02;
   7.308622e-03   1.004051e+00  -2.466819e-03;
  -8.376074e-03  -9.080889e-03   9.862243e-01]
R=[ ...        
   9.999963e-01  -1.102749e-03  -2.505050e-03;
   1.111102e-03   9.999938e-01   3.335641e-03;
   2.501356e-03  -3.338411e-03   9.999913e-01]
U=[ ...        
   9.922254e-01   6.242347e-03  -1.083724e-02;
   6.242347e-03   1.004069e+00  -5.744558e-03;
  -1.083724e-02  -5.744558e-03   9.862408e-01]
l=[ ...        
  -4.441485e-02   2.007239e-01  -3.218692e-01;
   2.484244e-01   3.916023e-02   3.663731e-01;
  -2.261478e-01  -6.749614e-01  -6.322767e-01]
d=[ ...        
  -4.441485e-02   2.245742e-01  -2.740085e-01;
   2.245742e-01   3.916023e-02  -1.542942e-01;
  -2.740085e-01  -1.542942e-01  -6.322767e-01]
     iteration=           6999       process=              1       (i,j,k)=              0              0              1       (x,y,z)=   5.002049e-03   5.007981e-03   1.401002e-02     particles=             53
fabric=[ ...   
   2.401009e-01  -1.855673e-02   4.616505e-02;
  -1.855673e-02   4.183514e-01  -2.986492e-02;
   4.616505e-02  -2.986492e-02   3.415477e-01]
sigma=[ ...    
  -1.241475e+03   2.328452e+02  -3.446036e+00;
   1.163088e+02  -3.288048e+03   1.633944e+01;
  -4.395946e+02   3.084805e+02  -3.526397e+03]
sigmaDot=[ ... 
  -8.652549e+06  -3.518873e+06  -6.520542e+06;
  -4.239520e+06  -2.905640e+07   7.525909e+06;
   9.696802e+06   2.115351e+07  -1.082092e+07]
intgraE=[ ...  
  -1.481185e-02   8.588247e-04  -3.704727e-03;
   8.588247e-04   7.203313e-03  -2.468147e-02;
  -3.704727e-03  -2.468147e-02   1.813339e-02]
E=[ ...        
  -1.501419e-02   2.542736e-03   1.840569e-04;
   2.542736e-03  -6.576092e-03  -7.615843e-03;
   1.840569e-04  -7.615843e-03   2.658626e-02]
e=[ ...        
  -1.548803e-02   2.671504e-03   1.730314e-04;
   2.671504e-03  -6.969839e-03  -6.938305e-03;
   1.730314e-04  -6.938305e-03   2.531213e-02]
intgraF=[ ...  
   9.850441e-01  -5.128850e-03  -2.666165e-03;
   6.533567e-03   1.006292e+00  -6.676202e-03;
  -4.655987e-03  -4.190634e-02   1.017947e+00]
F=[ ...        
   9.848700e-01   3.516181e-03   3.258956e-05;
   1.639923e-03   9.932012e-01   4.985381e-03;
   3.194623e-04  -1.966741e-02   1.026230e+00]
R=[ ...        
   9.999995e-01   9.499138e-04  -1.490257e-04;
  -9.480239e-04   9.999250e-01   1.220723e-02;
   1.606104e-04  -1.220708e-02   9.999255e-01]
U=[ ...        
   9.848680e-01   2.571442e-03   1.926865e-04;
   2.571442e-03   9.933702e-01  -7.542236e-03;
   1.926865e-04  -7.542236e-03   1.026214e+00]
l=[ ...        
   1.673921e-01   1.303777e-01  -5.083825e-01;
   1.106791e-01   1.146266e-01   5.011557e-01;
   3.633352e-01  -1.675778e+00   5.201719e-01]
d=[ ...        
   1.673921e-01   1.205284e-01  -7.252368e-02;
   1.205284e-01   1.146266e-01  -5.873114e-01;
  -7.252368e-02  -5.873114e-01   5.201719e-01]
     iteration=           6999       process=              2       (i,j,k)=              0              1              0       (x,y,z)=   5.002049e-03   1.499661e-02   4.676658e-03     particles=             71
fabric=[ ...   
   2.573904e-01   7.929804e-03  -1.382029e-02;
   7.929804e-03   2.469555e-01  -7.811483e-03;
  -1.382029e-02  -7.811483e-03   4.956540e-01]
sigma=[ ...    
  -1.640605e+03  -7.038500e+01   8.592811e+02;
   9.047726e+01  -1.081478e+03   2.398234e+02;
   5.983782e+02   6.894366e+02  -3.662708e+03]
sigmaDot=[ ... 
  -1.148119e+06   3.182716e+06   1.018293e+07;
  -2.592578e+07   5.100372e+06  -1.390093e+06;
   6.093633e+06   2.651818e+07   1.974064e+06]
intgraE=[ ...  
   3.558528e-03   1.140055e-03  -3.456541e-03;
   1.140055e-03  -5.252165e-03   3.972332e-03;
  -3.456541e-03   3.972332e-03  -1.545905e-02]
E=[ ...        
   9.710578e-03   1.625457e-04  -1.417919e-03;
   1.625457e-04  -2.438424e-03   4.943520e-03;
  -1.417919e-03   4.943520e-03  -1.394049e-02]
e=[ ...        
   9.507241e-03   2.352482e-04  -1.551858e-03;
   2.352482e-04  -2.524849e-03   5.134787e-03;
  -1.551858e-03   5.134787e-03  -1.435854e-02]
intgraF=[ ...  
   1.003483e+00  -4.395401e-03   2.583533e-03;
   6.776567e-03   9.947109e-01   2.894093e-03;
  -9.676057e-03   5.157632e-03   9.844119e-01]
F=[ ...        
   1.009642e+00  -2.681241e-03   2.901077e-03;
   3.083174e-03   9.975275e-01   2.598994e-03;
  -5.855146e-03   7.406285e-03   9.859533e-01]
R=[ ...        
   9.999862e-01  -2.875714e-03   4.398656e-03;
   2.886359e-03   9.999929e-01  -2.415592e-03;
  -4.391679e-03   2.428255e-03   9.999874e-01]
U=[ ...        
   1.009663e+00   1.654920e-04  -1.421451e-03;
   1.654920e-04   9.975461e-01   4.984779e-03;
  -1.421451e-03   4.984779e-03   9.859473e-01]
l=[ ...        
   3.759013e-01  -4.159323e-01   5.275623e-01;
  -5.059334e-02  -2.616917e-01   3.016284e-01;
  -3.837628e-01   4.519003e-01  -5.725478e-01]
d=[ ...        
   3.759013e-01  -2.332628e-01   7.189977e-02;
  -2.332628e-01  -2.616917e-01   3.767643e-01;
   7.189977e-02   3.767643e-01  -5.725478e-01]
     iteration=           6999       process=              3       (i,j,k)=              0              1              1       (x,y,z)=   5.002049e-03   1.499661e-02   1.401002e-02     particles=             46
fabric=[ ...   
   3.062436e-01   9.552383e-04  -1.492383e-05;
   9.552383e-04   3.179438e-01   2.560924e-02;
  -1.492383e-05   2.560924e-02   3.758126e-01]
sigma=[ ...    
  -6.690990e+03   3.795354e+02  -1.074678e+03;
   3.890063e+02  -6.551992e+03  -1.362571e+03;
  -3.707137e+02  -1.161305e+03  -8.334906e+03]
sigmaDot=[ ... 
  -5.452718e+06  -1.545085e+07  -2.714654e+07;
   5.293834e+07   1.501191e+07  -3.337623e+07;
  -1.923727e+07  -6.334362e+07   5.233245e+07]
intgraE=[ ...  
  -2.886994e-03   4.455582e-03   5.095226e-03;
   4.455582e-03  -1.950539e-03   4.352357e-03;
   5.095226e-03   4.352357e-03  -6.780314e-03]
E=[ ...        
  -3.189253e-03   6.847363e-03   1.901018e-03;
   6.847363e-03  -1.798854e-03   9.093394e-03;
   1.901018e-03   9.093394e-03  -5.203295e-03]
e=[ ...        
  -3.373343e-03   6.870469e-03   1.813272e-03;
   6.870469e-03  -2.137536e-03   9.229073e-03;
   1.813272e-03   9.229073e-03  -5.302602e-03]
intgraF=[ ...  
   9.970370e-01  -1.118400e-03   3.658307e-03;
   9.977805e-03   9.979931e-01  -1.592089e-03;
   6.603851e-03   1.036832e-02   9.931885e-01]
F=[ ...        
   9.967388e-01   2.243899e-03   2.357635e-03;
   1.145685e-02   9.980633e-01   1.935202e-03;
   1.437424e-03   1.633534e-02   9.947784e-01]
R=[ ...        
   9.999892e-01  -4.625677e-03   5.248833e-04;
   4.629352e-03   9.999631e-01  -7.230641e-03;
  -4.914173e-04   7.232993e-03   9.999737e-01]
U=[ ...        
   9.967803e-01   6.856234e-03   1.877717e-03;
   6.856234e-03   9.981343e-01   9.119450e-03;
   1.877717e-03   9.119450e-03   9.947395e-01]
l=[ ...        
   3.533999e-01  -5.074284e-01  -1.728936e-01;
   6.411739e-02   1.424538e-01  -3.574019e-01;
   4.120502e-01  -3.351100e-01   1.449124e-01]
d=[ ...        
   3.533999e-01  -2.216555e-01   1.195783e-01;
  -2.216555e-01   1.424538e-01  -3.462559e-01;
   1.195783e-01  -3.462559e-01   1.449124e-01]
     iteration=           6999       process=              4       (i,j,k)=              1              0              0       (x,y,z)=   1.499064e-02   5.007981e-03   4.676658e-03     particles=             69
fabric=[ ...   
   3.100637e-01  -6.282509e-03   4.493164e-02;
  -6.282509e-03   3.178912e-01   6.288720e-02;
   4.493164e-02   6.288720e-02   3.720451e-01]
sigma=[ ...    
  -2.013385e+03   1.104667e+02  -1.928522e+01;
   1.519994e+02  -8.926839e+02  -4.704947e+02;
  -7.911745e+01  -4.632190e+02  -1.339321e+03]
sigmaDot=[ ... 
  -9.974761e+04   2.964980e+06   6.944059e+06;
  -7.936767e+06   8.171883e+06   2.923200e+06;
   5.562562e+06  -4.288481e+06   1.134787e+07]
intgraE=[ ...  
   2.268798e-03   2.142042e-03   8.248585e-03;
   2.142042e-03   8.640333e-03  -4.184723e-03;
   8.248585e-03  -4.184723e-03  -3.048048e-02]
E=[ ...        
   2.696256e-03   3.593722e-03   8.667052e-03;
   3.593722e-03   6.853342e-03  -4.707055e-03;
   8.667052e-03  -4.707055e-03  -1.763201e-02]
e=[ ...        
   2.407827e-03   3.782266e-03   9.042748e-03;
   3.782266e-03   6.525341e-03  -5.229423e-03;
   9.042748e-03  -5.229423e-03  -1.822751e-02]
intgraF=[ ...  
   1.002120e+00   7.795557e-03   2.008907e-04;
  -3.166554e-03   1.008377e+00   1.079497e-02;
   1.685281e-02  -1.987287e-02   9.689801e-01]
F=[ ...        
   1.002576e+00   7.058177e-03   2.301205e-03;
   3.932016e-04   1.006633e+00   8.793268e-03;
   1.529628e-02  -1.861388e-02   9.821677e-01]
R=[ ...        
   9.999728e-01   3.406542e-03  -6.541078e-03;
  -3.315908e-03   9.998990e-01   1.381725e-02;
   6.587487e-03  -1.379519e-02   9.998831e-01]
U=[ ...        
   1.002648e+00   3.597463e-03   8.742001e-03;
   3.597463e-03   1.006812e+00  -4.748966e-03;
   8.742001e-03  -4.748966e-03   9.821594e-01]
l=[ ...        
  -1.832294e-01   3.132559e-01   2.278896e-01;
  -7.937014e-02   6.177059e-02   1.566702e-01;
   4.290932e-01  -5.464117e-01  -6.093104e-01]
d=[ ...        
  -1.832294e-01   1.169429e-01   3.284914e-01;
   1.169429e-01   6.177059e-02  -1.948708e-01;
   3.284914e-01  -1.948708e-01  -6.093104e-01]
     iteration=           6999       process=              5       (i,j,k)=              1              0              1       (x,y,z)=   1.499064e-02   5.007981e-03   1.401002e-02     particles=             42
fabric=[ ...   
   2.993524e-01   2.982422e-02   1.626430e-02;
   2.982422e-02   3.377007e-01  -2.810980e-02;
   1.626430e-02  -2.810980e-02   3.629469e-01]
sigma=[ ...    
  -2.470402e+03  -3.685829e+02   1.416770e+03;
  -1.375243e+01  -1.723735e+03  -1.322007e+02;
   7.110469e+02   3.685430e+02  -3.744504e+03]
sigmaDot=[ ... 
  -2.021418e+07   1.005918e+08   3.562723e+08;
   7.605735e+07   4.401218e+07  -2.623407e+07;
  -2.426786e+06   2.865350e+07   7.952026e+07]
intgraE=[ ...  
   1.115321e-02   8.430547e-04   1.817468e-02;
   8.430547e-04   1.277030e-02  -2.012390e-02;
   1.817468e-02  -2.012390e-02  -6.092840e-03]
E=[ ...        
   1.141968e-02  -4.686809e-04   2.043789e-02;
  -4.686809e-04   9.419475e-03  -4.034638e-03;
   2.043789e-02  -4.034638e-03  -6.058668e-02]
e=[ ...        
   9.680211e-03   1.619861e-04   2.380456e-02;
   1.619861e-04   9.052373e-03  -5.517829e-03;
   2.380456e-02  -5.517829e-03  -6.930996e-02]
intgraF=[ ...  
   1.010367e+00  -8.852818e-03   2.216256e-04;
   1.162913e-02   1.012168e+00  -9.058707e-03;
   3.645509e-02  -3.126929e-02   9.938472e-01]
F=[ ...        
   1.010765e+00  -9.153460e-03   9.380679e-03;
   8.898798e-03   1.009137e+00   1.060054e-02;
   3.339177e-02  -1.992937e-02   9.373507e-01]
R=[ ...        
   9.998851e-01  -8.702454e-03  -1.241097e-02;
   8.894814e-03   9.998399e-01   1.552912e-02;
   1.227384e-02  -1.563773e-02   9.998024e-01]
U=[ ...        
   1.011138e+00  -4.209307e-04   2.097879e-02;
  -4.209307e-04   1.009367e+00  -4.140823e-03;
   2.097879e-02  -4.140823e-03   9.372136e-01]
l=[ ...        
  -3.107602e-01  -1.322873e-01  -7.273129e-03;
   7.973473e-01   4.156000e-01   3.596324e-01;
   5.722906e-01  -1.097756e+00  -1.336593e+00]
d=[ ...        
  -3.107602e-01   3.325300e-01   2.825088e-01;
   3.325300e-01   4.156000e-01  -3.690617e-01;
   2.825088e-01  -3.690617e-01  -1.336593e+00]
     iteration=           6999       process=              6       (i,j,k)=              1              1              0       (x,y,z)=   1.499064e-02   1.499661e-02   4.676658e-03     particles=             56
fabric=[ ...   
   3.439202e-01   1.111539e-02  -2.187999e-02;
   1.111539e-02   2.511374e-01  -2.423176e-02;
  -2.187999e-02  -2.423176e-02   4.049424e-01]
sigma=[ ...    
  -1.758437e+03  -5.237612e+02   1.239343e+03;
  -8.282010e+02  -1.478262e+03   7.831957e+02;
   1.407736e+03   4.559739e+02  -3.329749e+03]
sigmaDot=[ ... 
   1.136919e+06   1.405627e+07   1.216880e+06;
  -1.766666e+06  -2.569176e+06   5.742652e+06;
  -3.253836e+06   1.334431e+07   2.454811e+06]
intgraE=[ ...  
  -7.602530e-03  -7.943432e-03   4.810527e-03;
  -7.943432e-03  -1.144242e-02   7.626524e-03;
   4.810527e-03   7.626524e-03  -1.561642e-02]
E=[ ...        
  -2.788275e-03  -7.944137e-03   3.151277e-03;
  -7.944137e-03  -9.358040e-03   4.762150e-03;
   3.151277e-03   4.762150e-03  -1.171282e-02]
e=[ ...        
  -3.025461e-03  -8.229551e-03   3.364273e-03;
  -8.229551e-03  -9.722561e-03   4.974141e-03;
   3.364273e-03   4.974141e-03  -1.198950e-02]
intgraF=[ ...  
   9.922362e-01  -5.800717e-03  -2.577399e-03;
  -1.039621e-02   9.884058e-01   3.826199e-03;
   1.241375e-02   1.163960e-02   9.842489e-01]
F=[ ...        
   9.971159e-01  -6.367858e-03  -3.023437e-03;
  -9.706222e-03   9.905449e-01   1.602697e-03;
   9.444157e-03   8.011949e-03   9.882118e-01]
R=[ ...        
   9.999787e-01   1.679191e-03  -6.299751e-03;
  -1.699731e-03   9.999933e-01  -3.256459e-03;
   6.294240e-03   3.267098e-03   9.999749e-01]
U=[ ...        
   9.971706e-01  -8.000953e-03   3.193946e-03;
  -8.000953e-03   9.905537e-01   4.826195e-03;
   3.193946e-03   4.826195e-03   9.882008e-01]
l=[ ...        
  -4.893149e-01  -2.737409e-01   1.921962e-01;
  -6.278853e-02  -5.209955e-02   3.168025e-01;
   7.459083e-01  -7.810731e-02  -6.197264e-01]
d=[ ...        
  -4.893149e-01  -1.682647e-01   4.690522e-01;
  -1.682647e-01  -5.209955e-02   1.193476e-01;
   4.690522e-01   1.193476e-01  -6.197264e-01]
     iteration=           6999       process=              7       (i,j,k)=              1              1              1       (x,y,z)=   1.499064e-02   1.499661e-02   1.401002e-02     particles=             52
fabric=[ ...   
   4.339798e-01  -4.112123e-02   3.427489e-03;
  -4.112123e-02   3.335754e-01  -9.394337e-03;
   3.427489e-03  -9.394337e-03   2.324448e-01]
sigma=[ ...    
  -3.142220e+03   6.217675e+02  -6.596721e+02;
   1.449814e+02  -2.849412e+03   6.361308e+02;
  -6.852360e+02   5.863069e+02  -2.305340e+03]
sigmaDot=[ ... 
   5.398596e+07  -1.621399e+07  -7.042431e+07;
   1.285437e+07  -1.349020e+06   5.100367e+05;
  -3.921544e+07  -1.031155e+07  -3.897439e+07]
intgraE=[ ...  
   7.448465e-03  -8.356528e-04   2.369018e-03;
  -8.356528e-04  -1.125598e-02  -1.529795e-03;
   2.369018e-03  -1.529795e-03   1.699247e-03]
E=[ ...        
   8.137103e-03  -2.308506e-03   1.639837e-04;
  -2.308506e-03   2.327007e-03  -5.690344e-03;
   1.639837e-04  -5.690344e-03  -1.015009e-02]
e=[ ...        
   7.991759e-03  -2.225084e-03   2.587587e-04;
  -2.225084e-03   2.205853e-03  -5.835643e-03;
   2.587587e-04  -5.835643e-03  -1.038839e-02]
intgraF=[ ...  
   1.007358e+00   2.147866e-03  -5.854728e-03;
  -3.907882e-03   9.886739e-01  -5.821090e-03;
   1.059546e-02   2.703647e-03   1.001664e+00]
F=[ ...        
   1.008079e+00  -1.753142e-03  -6.088583e-03;
  -2.785311e-03   1.002283e+00  -2.582577e-03;
   6.525264e-03  -8.893820e-03   9.897758e-01]
R=[ ...        
   9.999800e-01   5.057194e-04  -6.307739e-03;
  -4.857780e-04   9.999949e-01   3.162553e-03;
   6.309306e-03  -3.159426e-03   9.999751e-01]
U=[ ...        
   1.008102e+00  -2.296108e-03   1.575920e-04;
  -2.296108e-03   1.002305e+00  -5.712766e-03;
   1.575920e-04  -5.712766e-03   9.897814e-01]
l=[ ...        
   3.547298e-01  -3.683975e-02  -6.064452e-01;
  -2.106459e-01  -6.470773e-01   3.470902e-01;
   7.207552e-01   3.353760e-01   1.411960e+00]
d=[ ...        
   3.547298e-01  -1.237428e-01   5.715501e-02;
  -1.237428e-01  -6.470773e-01   3.412331e-01;
   5.715501e-02   3.412331e-01   1.411960e+00]
