     iteration=          11999       process=              0       (i,j,k)=              0              0              0       (x,y,z)=   4.994294e-03   5.004596e-03   4.604856e-03     particles=             75
fabric=[ ...   
   3.569687e-01   1.691274e-02  -2.201293e-03;
   1.691274e-02   3.148487e-01   6.472873e-02;
  -2.201293e-03   6.472873e-02   3.281826e-01]
sigma=[ ...    
  -1.656345e+03   4.568755e+02   6.111131e+02;
   3.938912e+02  -2.514978e+03  -9.930124e+02;
   3.888641e+02  -1.168817e+03  -3.792044e+03]
sigmaDot=[ ... 
  -2.948472e+05   2.969521e+06  -8.319466e+06;
  -3.507589e+06   3.636197e+06  -4.670895e+05;
  -3.236538e+06   2.211809e+06   4.441514e+06]
intgraE=[ ...  
  -2.160813e-03   7.747889e-03  -9.797853e-03;
   7.747889e-03   5.626149e-03  -7.541240e-03;
  -9.797853e-03  -7.541240e-03  -2.237954e-02]
E=[ ...        
  -6.172460e-03   8.977929e-03  -1.303937e-02;
   8.977929e-03   5.633781e-03  -8.106584e-03;
  -1.303937e-02  -8.106584e-03  -2.133073e-02]
e=[ ...        
  -6.722677e-03   8.727352e-03  -1.371026e-02;
   8.727352e-03   5.161204e-03  -8.268733e-03;
  -1.371026e-02  -8.268733e-03  -2.271483e-02]
intgraF=[ ...  
   9.977808e-01   9.152376e-03  -1.124976e-02;
   6.184901e-03   1.005426e+00   1.565889e-03;
  -8.575273e-03  -1.693844e-02   9.772983e-01]
F=[ ...        
   9.937026e-01   1.067961e-02  -1.379573e-02;
   7.130172e-03   1.005466e+00  -2.541692e-03;
  -1.262529e-02  -1.380941e-02   9.783362e-01]
R=[ ...        
   9.999983e-01   1.737187e-03  -6.069988e-04;
  -1.733717e-03   9.999824e-01   5.671480e-03;
   6.168406e-04  -5.670418e-03   9.999837e-01]
U=[ ...        
   9.936808e-01   8.927884e-03  -1.318782e-02;
   8.927884e-03   1.005546e+00  -8.113188e-03;
  -1.318782e-02  -8.113188e-03   9.783143e-01]
l=[ ...        
   2.195307e-01   1.087533e-01  -1.197817e-01;
   3.328782e-02   3.199208e-01  -1.854638e-01;
  -2.229364e-01   1.000355e-01  -2.425985e-01]
d=[ ...        
   2.195307e-01   7.102055e-02  -1.713590e-01;
   7.102055e-02   3.199208e-01  -4.271413e-02;
  -1.713590e-01  -4.271413e-02  -2.425985e-01]
     iteration=          11999       process=              1       (i,j,k)=              0              0              1       (x,y,z)=   4.994294e-03   5.004596e-03   1.381703e-02     particles=             53
fabric=[ ...   
   2.911948e-01  -7.864206e-02  -7.280747e-03;
  -7.864206e-02   4.544821e-01  -1.455647e-02;
  -7.280747e-03  -1.455647e-02   2.543231e-01]
sigma=[ ...    
  -1.901053e+03   1.125321e+03  -7.495040e+00;
   1.058804e+03  -2.248575e+03  -1.485574e+02;
   7.025606e+01  -4.032699e+02  -1.324316e+03]
sigmaDot=[ ... 
  -4.146504e+06   6.747303e+05  -5.895259e+06;
   6.973917e+06   2.077732e+07  -6.162889e+05;
  -1.381157e+06  -5.120336e+06   5.041792e+06]
intgraE=[ ...  
  -1.810507e-02   4.538585e-03   1.478708e-03;
   4.538585e-03   1.032462e-02  -3.858967e-02;
   1.478708e-03  -3.858967e-02   4.099682e-02]
E=[ ...        
  -7.969848e-03   8.000192e-03   1.018475e-02;
   8.000192e-03  -1.313023e-02  -3.777211e-02;
   1.018475e-02  -3.777211e-02   6.879252e-02]
e=[ ...        
  -7.887928e-03   8.596515e-03   9.961285e-03;
   8.596515e-03  -1.727376e-02  -3.399298e-02;
   9.961285e-03  -3.399298e-02   5.841786e-02]
intgraF=[ ...  
   9.817217e-01   6.073597e-03   5.030857e-03;
   2.976911e-03   1.008449e+00  -1.430760e-02;
  -1.864180e-03  -6.036219e-02   1.040079e+00]
F=[ ...        
   9.919593e-01   2.397198e-02   2.404290e-02;
  -8.058859e-03   9.853806e-01  -2.662625e-02;
  -3.465997e-03  -4.679631e-02   1.065973e+00]
R=[ ...        
   9.997711e-01   1.643142e-02   1.370112e-02;
  -1.656573e-02   9.998153e-01   9.747423e-03;
  -1.353842e-02  -9.972161e-03   9.998586e-01]
U=[ ...        
   9.919127e-01   8.276496e-03   1.004689e-02;
   8.276496e-03   9.860591e-01  -3.685633e-02;
   1.004689e-02  -3.685633e-02   1.065892e+00]
l=[ ...        
   1.749002e-02   6.016670e-01   7.099807e-01;
  -1.820110e-01  -3.510949e-01  -3.742626e-01;
   1.141626e-01  -8.649930e-01   7.592556e-01]
d=[ ...        
   1.749002e-02   2.098280e-01   4.120716e-01;
   2.098280e-01  -3.510949e-01  -6.196278e-01;
   4.120716e-01  -6.196278e-01   7.592556e-01]
     iteration=          11999       process=              2       (i,j,k)=              0              1              0       (x,y,z)=   4.994294e-03   1.500132e-02   4.604856e-03     particles=             70
fabric=[ ...   
   2.872688e-01  -2.676281e-02  -2.644737e-02;
  -2.676281e-02   2.838905e-01   1.781064e-02;
  -2.644737e-02   1.781064e-02   4.288407e-01]
sigma=[ ...    
  -3.331716e+03   4.065343e+02   4.683829e+02;
   4.780278e+02  -2.953793e+03   7.556090e+02;
   6.798460e+02   8.104837e+02  -7.182932e+03]
sigmaDot=[ ... 
  -2.332662e+06  -6.293736e+05  -1.303160e+07;
  -9.278543e+05  -9.820843e+05  -8.735137e+05;
  -6.772222e+06  -1.123022e+07  -2.012927e+06]
intgraE=[ ...  
   1.219816e-02   4.247507e-05  -4.806750e-03;
   4.247507e-05  -9.078908e-03   4.747591e-03;
  -4.806750e-03   4.747591e-03  -1.906261e-02]
E=[ ...        
   3.068217e-02   3.375517e-03  -1.458729e-03;
   3.375517e-03  -1.797573e-03   8.450915e-03;
  -1.458729e-03   8.450915e-03  -1.514398e-02]
e=[ ...        
   2.880097e-02   3.531977e-03  -1.946567e-03;
   3.531977e-03  -1.922837e-03   8.715148e-03;
  -1.946567e-03   8.715148e-03  -1.574293e-02]
intgraF=[ ...  
   1.011946e+00  -8.846445e-03   6.579922e-03;
   9.220487e-03   9.908222e-01   3.761107e-03;
  -1.662723e-02   5.941335e-03   9.807229e-01]
F=[ ...        
   1.030107e+00  -4.218274e-03   7.442838e-03;
   1.120951e-02   9.981554e-01   8.549390e-03;
  -1.084644e-02   8.530338e-03   9.846743e-01]
R=[ ...        
   9.999293e-01  -7.644220e-03   9.109308e-03;
   7.644219e-03   9.999708e-01   3.492777e-05;
  -9.109309e-03   3.470824e-05   9.999585e-01]
U=[ ...        
   1.030219e+00   3.334438e-03  -1.462038e-03;
   3.334438e-03   9.981588e-01   8.526422e-03;
  -1.462038e-03   8.526422e-03   9.847016e-01]
l=[ ...        
   4.083247e-01  -1.894424e-01  -2.825860e-04;
   1.972123e-01  -1.818257e-01  -6.884058e-02;
  -2.418855e-01   6.203871e-02  -1.015520e-01]
d=[ ...        
   4.083247e-01   3.884935e-03  -1.210840e-01;
   3.884935e-03  -1.818257e-01  -3.400936e-03;
  -1.210840e-01  -3.400936e-03  -1.015520e-01]
     iteration=          11999       process=              3       (i,j,k)=              0              1              1       (x,y,z)=   4.994294e-03   1.500132e-02   1.381703e-02     particles=             48
fabric=[ ...   
   2.838564e-01  -1.353611e-02  -1.076752e-02;
  -1.353611e-02   3.147073e-01   5.870238e-02;
  -1.076752e-02   5.870238e-02   4.014364e-01]
sigma=[ ...    
  -2.700028e+03  -2.884591e+02  -1.268640e+03;
  -1.049417e+02  -3.899408e+03  -2.447392e+03;
  -1.107315e+03  -2.161454e+03  -8.066738e+03]
sigmaDot=[ ... 
  -1.187124e+07  -8.230060e+06   7.218273e+06;
  -3.472259e+07   3.065323e+07   1.642488e+06;
  -2.332084e+07  -8.597844e+06   2.590289e+07]
intgraE=[ ...  
  -3.530447e-03   1.184043e-03  -1.746891e-03;
   1.184043e-03  -3.960607e-04  -7.749463e-03;
  -1.746891e-03  -7.749463e-03  -7.699556e-03]
E=[ ...        
   3.595438e-03   1.130297e-02  -2.076617e-03;
   1.130297e-02  -2.239232e-04  -9.014368e-04;
  -2.076617e-03  -9.014368e-04  -8.470790e-03]
e=[ ...        
   3.470108e-03   1.120694e-02  -2.034637e-03;
   1.120694e-02  -6.219986e-04  -8.101440e-04;
  -2.034637e-03  -8.101440e-04  -8.645655e-03]
intgraF=[ ...  
   9.964215e-01  -6.116162e-03  -6.774352e-03;
   8.472050e-03   9.995835e-01  -1.374806e-02;
   3.399480e-03  -1.812245e-03   9.921522e-01]
F=[ ...        
   1.003573e+00   1.756941e-02  -6.904815e-03;
   4.980465e-03   9.996202e-01   2.343392e-05;
   2.800020e-03  -1.719656e-03   9.914690e-01]
R=[ ...        
   9.999684e-01   6.283443e-03  -4.863902e-03;
  -6.279080e-03   9.999799e-01   9.117857e-04;
   4.869533e-03  -8.812161e-04   9.999878e-01]
U=[ ...        
   1.003523e+00   1.128379e-02  -2.076753e-03;
   1.128379e-02   9.997120e-01  -8.936510e-04;
  -2.076753e-03  -8.936510e-04   9.914904e-01]
l=[ ...        
  -2.843358e-01   2.497940e-01  -5.012598e-01;
  -1.869251e-01   1.758698e-02  -4.736864e-01;
  -2.204767e-02  -5.799481e-01  -6.522912e-01]
d=[ ...        
  -2.843358e-01   3.143446e-02  -2.616538e-01;
   3.143446e-02   1.758698e-02  -5.268173e-01;
  -2.616538e-01  -5.268173e-01  -6.522912e-01]
     iteration=          11999       process=              4       (i,j,k)=              1              0              0       (x,y,z)=   1.498667e-02   5.004596e-03   4.604856e-03     particles=             67
fabric=[ ...   
   3.119523e-01  -1.402305e-02  -2.505294e-03;
  -1.402305e-02   2.799073e-01   2.969642e-03;
  -2.505294e-03   2.969642e-03   4.081405e-01]
sigma=[ ...    
  -2.122342e+03   2.120990e+02   1.683942e+02;
   2.385800e+02  -1.676513e+03  -1.690017e+02;
   2.574033e+02  -1.931313e+02  -3.911562e+03]
sigmaDot=[ ... 
   5.787454e+05   1.850110e+06  -4.641047e+06;
  -2.032613e+07   3.446873e+05   3.713896e+06;
   2.455255e+06  -1.005109e+07   4.975919e+06]
intgraE=[ ...  
   6.271592e-03   5.141836e-03   1.057625e-02;
   5.141836e-03   1.218715e-02  -3.633176e-03;
   1.057625e-02  -3.633176e-03  -3.262006e-02]
E=[ ...        
   1.924466e-02   1.431168e-02   1.215946e-02;
   1.431168e-02   1.536815e-02  -1.910769e-03;
   1.215946e-02  -1.910769e-03  -1.764287e-02]
e=[ ...        
   1.759770e-02   1.367673e-02   1.238514e-02;
   1.367673e-02   1.443654e-02  -2.683930e-03;
   1.238514e-02  -2.683930e-03  -1.823539e-02]
intgraF=[ ...  
   1.006048e+00   1.460801e-02   1.994365e-03;
  -3.934744e-03   1.011775e+00   1.355487e-02;
   1.986009e-02  -2.173296e-02   9.667327e-01]
F=[ ...        
   1.018690e+00   1.440797e-02   8.707542e-04;
   1.419692e-02   1.014960e+00   1.518214e-02;
   2.363996e-02  -1.959447e-02   9.820810e-01]
R=[ ...        
   9.999338e-01   2.973166e-04  -1.150084e-02;
  -9.607066e-05   9.998469e-01   1.749497e-02;
   1.150428e-02  -1.749271e-02   9.997808e-01]
U=[ ...        
   1.018893e+00   1.408409e-02   1.216737e-02;
   1.408409e-02   1.015152e+00  -1.999177e-03;
   1.216737e-02  -1.999177e-03   9.821213e-01]
l=[ ...        
   6.780985e-02   2.132458e-01   2.566063e-01;
  -1.012187e-01   1.620586e-01   6.814875e-02;
   2.867840e-01  -1.234703e-02  -9.458750e-03]
d=[ ...        
   6.780985e-02   5.601352e-02   2.716951e-01;
   5.601352e-02   1.620586e-01   2.790086e-02;
   2.716951e-01   2.790086e-02  -9.458750e-03]
     iteration=          11999       process=              5       (i,j,k)=              1              0              1       (x,y,z)=   1.498667e-02   5.004596e-03   1.381703e-02     particles=             43
fabric=[ ...   
   3.213992e-01   3.150464e-03   3.003797e-02;
   3.150464e-03   3.289532e-01  -3.164173e-02;
   3.003797e-02  -3.164173e-02   3.496476e-01]
sigma=[ ...    
  -2.856582e+03   3.525797e+01  -2.946212e+02;
   9.378558e+01  -3.409272e+03   3.924243e+02;
  -8.795175e+01   2.874445e+02  -4.183141e+03]
sigmaDot=[ ... 
   1.316466e+05  -2.559853e+06  -2.211937e+07;
   5.685857e+06   4.995767e+06  -4.509544e+06;
   3.632204e+06   4.375485e+06   1.333225e+07]
intgraE=[ ...  
   5.480633e-03   5.980152e-03   2.286118e-02;
   5.980152e-03   1.619468e-02  -2.603800e-02;
   2.286118e-02  -2.603800e-02  -1.799860e-02]
E=[ ...        
   9.695865e-03   7.322521e-03   1.696928e-02;
   7.322521e-03   1.492566e-02  -8.894426e-03;
   1.696928e-02  -8.894426e-03  -7.552847e-02]
e=[ ...        
   7.542524e-03   8.059210e-03   2.210485e-02;
   8.059210e-03   1.381929e-02  -1.260505e-02;
   2.210485e-02  -1.260505e-02  -8.838504e-02]
intgraF=[ ...  
   1.004128e+00  -8.228355e-03  -1.985705e-04;
   2.190975e-02   1.015124e+00  -9.757940e-03;
   4.699136e-02  -4.295441e-02   9.817879e-01]
F=[ ...        
   1.008580e+00  -4.524190e-03  -4.777758e-03;
   2.036070e-02   1.014218e+00   1.380480e-02;
   4.176455e-02  -3.453028e-02   9.212652e-01]
R=[ ...        
   9.996311e-01  -1.188766e-02  -2.442047e-02;
   1.249309e-02   9.996146e-01   2.479098e-02;
   2.411635e-02  -2.508692e-02   9.993943e-01]
U=[ ...        
   1.009469e+00   7.315457e-03   1.761402e-02;
   7.315457e-03   1.014747e+00  -9.255427e-03;
   1.761402e-02  -9.255427e-03   9.211662e-01]
l=[ ...        
  -2.812777e-01  -1.374826e-02   1.919020e-01;
   2.154649e-01   1.684108e-01  -1.386065e-01;
   6.400930e-01  -2.494549e-01  -3.475429e-01]
d=[ ...        
  -2.812777e-01   1.008583e-01   4.159975e-01;
   1.008583e-01   1.684108e-01  -1.940307e-01;
   4.159975e-01  -1.940307e-01  -3.475429e-01]
     iteration=          11999       process=              6       (i,j,k)=              1              1              0       (x,y,z)=   1.498667e-02   1.500132e-02   4.604856e-03     particles=             57
fabric=[ ...   
   2.491399e-01   2.400225e-02  -4.585697e-02;
   2.400225e-02   3.568603e-01  -3.152389e-02;
  -4.585697e-02  -3.152389e-02   3.939999e-01]
sigma=[ ...    
  -1.476763e+03  -4.291874e+02   2.534457e+02;
  -5.444941e+02  -2.685392e+03   2.979314e+02;
   4.716028e+02   3.331616e+02  -1.718296e+03]
sigmaDot=[ ... 
  -5.517365e+06   5.095551e+06  -2.097544e+06;
  -1.428727e+06  -8.386066e+05  -2.408035e+06;
  -1.026885e+07   4.035737e+06  -2.102701e+06]
intgraE=[ ...  
  -1.452802e-02  -1.300200e-02   9.164813e-03;
  -1.300200e-02  -1.597914e-02   9.709579e-03;
   9.164813e-03   9.709579e-03  -2.455842e-02]
E=[ ...        
  -6.616115e-03  -9.733480e-03   1.001483e-02;
  -9.733480e-03  -1.212903e-02   1.101475e-02;
   1.001483e-02   1.101475e-02  -2.261290e-02]
e=[ ...        
  -7.457271e-03  -1.048709e-02   1.114023e-02;
  -1.048709e-02  -1.275858e-02   1.186119e-02;
   1.114023e-02   1.186119e-02  -2.401396e-02]
intgraF=[ ...  
   9.850488e-01  -1.155043e-02  -9.345556e-04;
  -1.497530e-02   9.838088e-01   1.443696e-02;
   1.996503e-02   5.338485e-03   9.750251e-01]
F=[ ...        
   9.930389e-01  -5.966725e-03  -4.719327e-04;
  -1.389116e-02   9.877423e-01   1.393406e-02;
   2.117842e-02   8.457731e-03   9.770260e-01]
R=[ ...        
   9.999312e-01   4.092064e-03  -1.099255e-02;
  -4.061786e-03   9.999879e-01   2.775389e-03;
   1.100377e-02  -2.730549e-03   9.999357e-01]
U=[ ...        
   9.932601e-01  -9.885246e-03   1.022247e-02;
  -9.885246e-03   9.876828e-01   1.126415e-02;
   1.022247e-02   1.126415e-02   9.770071e-01]
l=[ ...        
  -3.826862e-01   2.561554e-01  -5.016883e-02;
  -1.493596e-01  -2.263063e-01   3.352458e-01;
   1.687197e-01   1.301445e-01  -1.535528e-01]
d=[ ...        
  -3.826862e-01   5.339787e-02   5.927545e-02;
   5.339787e-02  -2.263063e-01   2.326952e-01;
   5.927545e-02   2.326952e-01  -1.535528e-01]
     iteration=          11999       process=              7       (i,j,k)=              1              1              1       (x,y,z)=   1.498667e-02   1.500132e-02   1.381703e-02     particles=             52
fabric=[ ...   
   3.168211e-01  -1.406003e-01  -1.565057e-02;
  -1.406003e-01   4.289552e-01   3.176302e-02;
  -1.565057e-02   3.176302e-02   2.542237e-01]
sigma=[ ...    
  -2.907457e+02   1.299105e+02   3.357194e+01;
   7.776248e+01  -3.195465e+02   2.450434e+01;
   1.520536e+01   7.241175e+01  -2.083099e+02]
sigmaDot=[ ... 
   2.254022e+06  -9.243856e+05  -5.127570e+05;
  -1.849837e+05   2.131300e+05   9.860023e+05;
  -1.270724e+05   2.949419e+05   7.040034e+05]
intgraE=[ ...  
   1.049882e-02  -1.765225e-03   3.850728e-04;
  -1.765225e-03  -1.804383e-02   1.598438e-03;
   3.850728e-04   1.598438e-03   2.312988e-02]
E=[ ...        
   1.254775e-02  -4.746304e-03  -1.678611e-04;
  -4.746304e-03  -1.670306e-02  -1.267834e-03;
  -1.678611e-04  -1.267834e-03   4.850915e-03]
e=[ ...        
   1.222826e-02  -4.676454e-03   1.169695e-05;
  -4.676454e-03  -1.737909e-02  -1.224196e-03;
   1.169695e-05  -1.224196e-03   4.817154e-03]
intgraF=[ ...  
   1.010260e+00  -5.884087e-03  -1.864146e-02;
   2.464253e-03   9.817727e-01   3.434353e-03;
   1.915962e-02  -2.782524e-04   1.022693e+00]
F=[ ...        
   1.012275e+00  -7.659936e-03  -1.995615e-02;
  -1.588659e-03   9.830846e-01   6.400299e-03;
   1.978415e-02  -8.939260e-03   1.004621e+00]
R=[ ...        
   9.998016e-01  -2.979360e-03  -1.969526e-02;
   3.130346e-03   9.999659e-01   7.639726e-03;
   1.967183e-02  -7.699863e-03   9.997768e-01]
U=[ ...        
   1.012459e+00  -4.756873e-03  -1.694304e-04;
  -4.756873e-03   9.831427e-01  -1.275904e-03;
  -1.694304e-04  -1.275904e-03   1.004838e+00]
l=[ ...        
   2.053026e-01  -4.466535e-01  -5.176155e-01;
   1.712958e-01   8.102581e-02   4.074786e-01;
   3.268413e-02  -3.124127e-01   3.170395e-01]
d=[ ...        
   2.053026e-01  -1.376788e-01  -2.424657e-01;
  -1.376788e-01   8.102581e-02   4.753295e-02;
  -2.424657e-01   4.753295e-02   3.170395e-01]
