     iteration=          22999       process=              0       (i,j,k)=              0              0              0       (x,y,z)=   4.995800e-03   5.008285e-03   4.585029e-03     particles=             74
fabric=[ ...   
   3.793163e-01   6.830362e-03   1.186649e-02;
   6.830362e-03   3.046191e-01   3.513157e-02;
   1.186649e-02   3.513157e-02   3.160646e-01]
sigma=[ ...    
  -2.146981e+03   3.273097e+01  -9.916157e+01;
   1.185572e+02  -1.490695e+03  -1.074692e+02;
  -1.167383e+02  -1.058523e+02  -1.335433e+03]
sigmaDot=[ ... 
  -9.135826e+05   5.303281e+05   5.938597e+04;
   1.209463e+06  -4.766117e+05   4.149045e+05;
  -1.856406e+06   3.753880e+05  -4.536837e+05]
intgraE=[ ...  
  -3.299499e-03   1.156490e-02  -1.223539e-02;
   1.156490e-02   9.990195e-03  -1.161609e-02;
  -1.223539e-02  -1.161609e-02  -2.376253e-02]
E=[ ...        
  -7.958653e-03   9.865507e-03  -1.399410e-02;
   9.865507e-03   9.365301e-03  -1.160023e-02;
  -1.399410e-02  -1.160023e-02  -2.107099e-02]
e=[ ...        
  -8.572636e-03   9.493517e-03  -1.476142e-02;
   9.493517e-03   8.449855e-03  -1.180016e-02;
  -1.476142e-02  -1.180016e-02  -2.253463e-02]
intgraF=[ ...  
   9.966348e-01   1.835904e-02  -1.479350e-02;
   4.555311e-03   1.009501e+00  -5.674304e-05;
  -9.967670e-03  -2.347045e-02   9.758361e-01]
F=[ ...        
   9.919086e-01   1.495107e-02  -1.500309e-02;
   4.590911e-03   1.009011e+00  -3.296083e-03;
  -1.337791e-02  -2.008044e-02   9.785817e-01]
R=[ ...        
   9.999866e-01   5.116425e-03  -8.145990e-04;
  -5.109392e-03   9.999515e-01   8.413897e-03;
   8.576086e-04  -8.409622e-03   9.999643e-01]
U=[ ...        
   9.918603e-01   9.778218e-03  -1.414681e-02;
   9.778218e-03   1.009208e+00  -1.160219e-02;
  -1.414681e-02  -1.160219e-02   9.785312e-01]
l=[ ...        
  -5.700625e-02   2.043097e-01  -3.076149e-02;
   5.727840e-04  -1.028715e-02  -4.173254e-02;
  -3.979898e-02  -5.565442e-02   9.134139e-02]
d=[ ...        
  -5.700625e-02   1.024413e-01  -3.528023e-02;
   1.024413e-01  -1.028715e-02  -4.869348e-02;
  -3.528023e-02  -4.869348e-02   9.134139e-02]
     iteration=          22999       process=              1       (i,j,k)=              0              0              1       (x,y,z)=   4.995800e-03   5.008285e-03   1.374821e-02     particles=             54
fabric=[ ...   
   3.269758e-01  -2.762440e-02  -2.212589e-03;
  -2.762440e-02   3.240162e-01   5.565739e-03;
  -2.212589e-03   5.565739e-03   3.490080e-01]
sigma=[ ...    
  -5.634054e+02   1.768731e+02  -2.402110e+02;
   9.684781e+01  -8.083770e+02  -1.489382e+02;
  -1.746729e+02  -1.835270e+02  -4.909371e+02]
sigmaDot=[ ... 
   2.415119e+05   1.552352e+06  -1.856831e+05;
  -6.279112e+05  -3.659433e+05  -2.152723e+06;
   4.041039e+05   3.450936e+05   1.114539e+06]
intgraE=[ ...  
  -1.986665e-02   4.119504e-03   1.724566e-02;
   4.119504e-03   1.457702e-02  -5.488609e-02;
   1.724566e-02  -5.488609e-02   6.387517e-02]
E=[ ...        
  -5.099446e-02  -5.833607e-03   1.802142e-02;
  -5.833607e-03   2.094455e-02  -7.340314e-02;
   1.802142e-02  -7.340314e-02   3.805275e-01]
e=[ ...        
  -5.768238e-02  -1.514835e-03  -5.675204e-03;
  -1.514835e-03   1.246818e-02  -3.542310e-02;
  -5.675204e-03  -3.542310e-02   2.147712e-01]
intgraF=[ ...  
   9.799015e-01   1.443213e-02   2.906604e-02;
  -5.402711e-03   1.011253e+00  -2.558813e-02;
   5.532368e-03  -7.944934e-02   1.061250e+00]
F=[ ...        
   9.447030e-01   1.089382e-02  -6.456719e-02;
  -1.523344e-02   1.016807e+00  -2.804316e-02;
   7.290522e-02  -8.873397e-02   1.325179e+00]
R=[ ...        
   9.981247e-01   1.233289e-02  -5.995832e-02;
  -1.077904e-02   9.995994e-01   2.617023e-02;
   6.025706e-02  -2.547486e-02   9.978578e-01]
U=[ ...        
   9.474887e-01  -5.433665e-03   1.570756e-02;
  -5.433665e-03   1.018795e+00  -6.258698e-02;
   1.570756e-02  -6.258698e-02   1.325478e+00]
l=[ ...        
  -1.419411e-01  -7.320510e-02   3.935468e-01;
  -1.113227e-01   1.047450e-01  -2.368757e-01;
  -2.241223e-01   1.923350e-01  -1.342805e-01]
d=[ ...        
  -1.419411e-01  -9.226388e-02   8.471224e-02;
  -9.226388e-02   1.047450e-01  -2.227034e-02;
   8.471224e-02  -2.227034e-02  -1.342805e-01]
     iteration=          22999       process=              2       (i,j,k)=              0              1              0       (x,y,z)=   4.995800e-03   1.499471e-02   4.585029e-03     particles=             71
fabric=[ ...   
   2.792470e-01  -4.028850e-02   7.110627e-03;
  -4.028850e-02   3.266260e-01  -7.287404e-04;
   7.110627e-03  -7.287404e-04   3.941270e-01]
sigma=[ ...    
  -1.110677e+03   3.031343e+02   1.115686e+02;
   2.443270e+02  -1.280027e+03  -6.370253e+00;
   1.739922e+02   2.902931e+01  -2.036451e+03]
sigmaDot=[ ... 
  -7.352227e+05  -3.442809e+05   1.562580e+05;
  -3.315265e+06  -1.742498e+06  -3.514629e+05;
  -8.394819e+05  -1.572987e+06  -1.225980e+06]
intgraE=[ ...  
   2.466008e-02   6.050297e-03  -6.257378e-04;
   6.050297e-03  -1.557804e-02   3.218603e-03;
  -6.257378e-04   3.218603e-03  -2.290112e-02]
E=[ ...        
   3.754141e-02   8.927550e-03  -8.929562e-03;
   8.927550e-03  -4.339643e-03   1.122104e-02;
  -8.929562e-03   1.122104e-02  -2.915378e-02]
e=[ ...        
   3.418996e-02   8.979049e-03  -1.033536e-02;
   8.979049e-03  -4.832540e-03   1.207522e-02;
  -1.033536e-02   1.207522e-02  -3.095959e-02]
intgraF=[ ...  
   1.024160e+00  -1.227534e-03   1.319499e-02;
   1.364168e-02   9.842872e-01   1.999500e-03;
  -1.514482e-02   4.592138e-03   9.767393e-01]
F=[ ...        
   1.036375e+00   6.008968e-03   1.018639e-02;
   1.210888e-02   9.955267e-01   8.315038e-03;
  -2.938902e-02   1.453442e-02   9.703193e-01]
R=[ ...        
   9.998002e-01  -3.065204e-03   1.975493e-02;
   3.129180e-03   9.999900e-01  -3.208352e-03;
  -1.974489e-02   3.269528e-03   9.997997e-01]
U=[ ...        
   1.036786e+00   8.835968e-03  -8.948475e-03;
   8.835968e-03   9.955458e-01   1.145622e-02;
  -8.948475e-03   1.145622e-02   9.702995e-01]
l=[ ...        
   1.938072e-01   2.077050e-01   1.077333e-01;
   8.532404e-04  -1.196631e-01   4.925907e-02;
  -2.238201e-02  -3.870824e-02   1.087923e-01]
d=[ ...        
   1.938072e-01   1.042791e-01   4.267566e-02;
   1.042791e-01  -1.196631e-01   5.275415e-03;
   4.267566e-02   5.275415e-03   1.087923e-01]
     iteration=          22999       process=              3       (i,j,k)=              0              1              1       (x,y,z)=   4.995800e-03   1.499471e-02   1.374821e-02     particles=             46
fabric=[ ...   
   3.053522e-01  -1.145130e-02   2.425355e-02;
  -1.145130e-02   3.035380e-01   6.897715e-02;
   2.425355e-02   6.897715e-02   3.911097e-01]
sigma=[ ...    
  -1.909982e+03   6.016086e+02  -4.675695e+02;
   5.788851e+02  -2.812651e+03  -6.902530e+02;
  -5.999739e+02  -5.273437e+02  -4.444830e+03]
sigmaDot=[ ... 
   1.377180e+05  -2.622620e+06  -4.246465e+06;
  -7.179474e+06  -2.675375e+06   3.468000e+06;
  -2.780673e+06   2.542263e+06   1.514640e+06]
intgraE=[ ...  
  -1.237043e-02   4.112562e-03  -6.730772e-03;
   4.112562e-03  -7.818615e-03  -7.942593e-03;
  -6.730772e-03  -7.942593e-03  -2.320897e-02]
E=[ ...        
   5.892332e-03   1.399040e-03   7.451232e-03;
   1.399040e-03  -3.210255e-03   5.944112e-03;
   7.451232e-03   5.944112e-03   3.251468e-02]
e=[ ...        
   5.603885e-03   1.233368e-03   6.690145e-03;
   1.233368e-03  -3.173573e-03   5.991655e-03;
   6.690145e-03   5.991655e-03   3.035672e-02]
intgraF=[ ...  
   9.875103e-01   7.420702e-03  -2.255655e-02;
   9.065977e-04   9.921228e-01  -1.558673e-02;
   9.043268e-03  -2.600556e-04   9.761303e-01]
F=[ ...        
   1.005656e+00   1.339089e-02  -3.558202e-03;
  -1.056399e-02   9.966647e-01   1.996495e-02;
   1.811557e-02  -7.717067e-03   1.031803e+00]
R=[ ...        
   9.998704e-01   1.211646e-02  -1.059850e-02;
  -1.197017e-02   9.998337e-01   1.375870e-02;
   1.076345e-02  -1.363005e-02   9.998492e-01]
U=[ ...        
   1.005848e+00   1.375845e-03   7.309035e-03;
   1.375845e-03   9.967664e-01   5.854987e-03;
   7.309035e-03   5.854987e-03   1.031960e+00]
l=[ ...        
  -1.460055e-01   1.907369e-01  -2.344801e-01;
  -7.591629e-02  -2.342864e-01   3.142392e-02;
   1.626548e-01  -6.197978e-02  -1.425024e-01]
d=[ ...        
  -1.460055e-01   5.741031e-02  -3.591264e-02;
   5.741031e-02  -2.342864e-01  -1.527793e-02;
  -3.591264e-02  -1.527793e-02  -1.425024e-01]
     iteration=          22999       process=              4       (i,j,k)=              1              0              0       (x,y,z)=   1.497063e-02   5.008285e-03   4.585029e-03     particles=             67
fabric=[ ...   
   3.260315e-01  -2.380287e-02  -3.103300e-03;
  -2.380287e-02   3.487586e-01   3.266065e-04;
  -3.103300e-03   3.266065e-04   3.252099e-01]
sigma=[ ...    
  -2.270398e+03  -1.269091e+02  -1.752063e+02;
  -5.688946e+01  -2.385470e+03  -9.470872e+01;
  -2.014270e+02  -5.892348e+01  -2.054713e+03]
sigmaDot=[ ... 
  -1.310460e+06  -6.231722e+06   2.300134e+06;
   2.062931e+06  -5.743834e+05  -3.098445e+06;
  -1.833859e+06   2.247569e+06   9.747322e+05]
intgraE=[ ...  
   6.385271e-03   4.907265e-03   9.651224e-03;
   4.907265e-03   1.464604e-02  -6.383123e-03;
   9.651224e-03  -6.383123e-03  -3.235634e-02]
E=[ ...        
   6.005760e-02   3.823059e-02   2.082501e-02;
   3.823059e-02   2.005240e-02  -3.993277e-04;
   2.082501e-02  -3.993277e-04  -1.185023e-02]
e=[ ...        
   4.905535e-02   3.397063e-02   1.936571e-02;
   3.397063e-02   1.790711e-02  -1.631752e-03;
   1.936571e-02  -1.631752e-03  -1.242481e-02]
intgraF=[ ...  
   1.006135e+00   1.893881e-02   3.249800e-04;
  -8.648360e-03   1.014083e+00   1.015667e-02;
   1.971287e-02  -2.385826e-02   9.670491e-01]
F=[ ...        
   1.056427e+00   1.987623e-02   8.201953e-03;
   5.501827e-02   1.019478e+00   1.779582e-02;
   3.239869e-02  -1.933842e-02   9.878844e-01]
R=[ ...        
   9.997856e-01  -1.663226e-02  -1.233295e-02;
   1.685819e-02   9.996877e-01   1.844766e-02;
   1.202227e-02  -1.865162e-02   9.997538e-01]
U=[ ...        
   1.057518e+00   3.682603e-02   2.037681e-02;
   3.682603e-02   1.019190e+00  -7.718025e-04;
   2.037681e-02  -7.718025e-04   9.878683e-01]
l=[ ...        
  -1.140063e-02   2.324695e-02   1.836539e-02;
  -5.094486e-02  -3.797512e-03  -3.403283e-03;
  -2.817588e-02  -8.652961e-03   3.967347e-02]
d=[ ...        
  -1.140063e-02  -1.384896e-02  -4.905242e-03;
  -1.384896e-02  -3.797512e-03  -6.028122e-03;
  -4.905242e-03  -6.028122e-03   3.967347e-02]
     iteration=          22999       process=              5       (i,j,k)=              1              0              1       (x,y,z)=   1.497063e-02   5.008285e-03   1.374821e-02     particles=             43
fabric=[ ...   
   3.083365e-01  -2.559888e-03   1.306125e-02;
  -2.559888e-03   3.629800e-01  -3.928593e-02;
   1.306125e-02  -3.928593e-02   3.286835e-01]
sigma=[ ...    
  -2.274340e+03   2.567491e+02  -1.979635e+02;
   2.061219e+02  -2.388410e+03   1.637530e+02;
  -1.910492e+02   6.723516e+01  -2.508642e+03]
sigmaDot=[ ... 
  -1.129260e+06  -2.892387e+06   3.890751e+06;
   9.503974e+05  -7.284948e+05  -3.911236e+06;
   9.976600e+05  -6.281615e+06   4.873854e+06]
intgraE=[ ...  
   2.971774e-04   7.842656e-03   3.469804e-02;
   7.842656e-03   1.771225e-02  -3.226844e-02;
   3.469804e-02  -3.226844e-02  -1.999352e-02]
E=[ ...        
   1.244324e-03   9.622318e-03   4.936156e-03;
   9.622318e-03   1.660523e-02  -7.723777e-03;
   4.936156e-03  -7.723777e-03  -9.636611e-02]
e=[ ...        
   1.568567e-05   9.908574e-03   1.110837e-02;
   9.908574e-03   1.534878e-02  -1.289631e-02;
   1.110837e-02  -1.289631e-02  -1.182385e-01]
intgraF=[ ...  
   9.981493e-01  -1.250307e-02   1.311729e-02;
   3.049696e-02   1.016311e+00  -1.631187e-02;
   5.798464e-02  -4.879132e-02   9.795789e-01]
F=[ ...        
   9.998873e-01  -3.244056e-03  -3.213737e-02;
   2.389114e-02   1.015738e+00   1.864710e-02;
   4.629608e-02  -3.842253e-02   8.977122e-01]
R=[ ...        
   9.990462e-01  -1.292024e-02  -4.171134e-02;
   1.416460e-02   9.994592e-01   2.967628e-02;
   4.130536e-02  -3.023880e-02   9.986889e-01]
U=[ ...        
   1.001184e+00   9.559502e-03   5.237741e-03;
   9.559502e-03   1.016392e+00  -8.093509e-03;
   5.237741e-03  -8.093509e-03   8.984291e-01]
l=[ ...        
  -1.994711e-02  -1.084168e-01   3.136643e-01;
   1.040980e-01  -2.426031e-02  -1.514498e-01;
  -4.792776e-02  -8.260065e-02   5.264841e-02]
d=[ ...        
  -1.994711e-02  -2.159406e-03   1.328683e-01;
  -2.159406e-03  -2.426031e-02  -1.170252e-01;
   1.328683e-01  -1.170252e-01   5.264841e-02]
     iteration=          22999       process=              6       (i,j,k)=              1              1              0       (x,y,z)=   1.497063e-02   1.499471e-02   4.585029e-03     particles=             58
fabric=[ ...   
   2.835607e-01   9.428184e-03  -2.276654e-02;
   9.428184e-03   3.874662e-01  -5.032455e-02;
  -2.276654e-02  -5.032455e-02   3.289732e-01]
sigma=[ ...    
  -9.992985e+02   3.742702e+01   3.982781e+02;
   1.287723e+02  -1.672418e+03  -8.253907e+00;
   3.652962e+02  -1.553461e+01  -9.242909e+02]
sigmaDot=[ ... 
  -9.793170e+05   5.889732e+05   1.551129e+06;
   1.279201e+06  -3.261902e+04   6.368847e+05;
   1.374718e+06  -2.509045e+05   3.580048e+05]
intgraE=[ ...  
  -2.837992e-02   3.674101e-03   9.540398e-03;
   3.674101e-03  -2.409292e-02   1.826102e-02;
   9.540398e-03   1.826102e-02  -3.290719e-02]
E=[ ...        
  -7.177093e-03  -4.683161e-03   1.884493e-03;
  -4.683161e-03  -1.190334e-02   1.188782e-02;
   1.884493e-03   1.188782e-02  -1.989962e-02]
e=[ ...        
  -7.583314e-03  -5.200409e-03   2.602558e-03;
  -5.200409e-03  -1.216574e-02   1.250637e-02;
   2.602558e-03   1.250637e-02  -2.118524e-02]
intgraF=[ ...  
   9.709329e-01   1.189600e-02  -2.664779e-03;
  -4.436663e-03   9.755211e-01   3.194298e-02;
   2.257745e-02   5.582480e-03   9.660011e-01]
F=[ ...        
   9.923883e-01   1.109015e-02  -1.509295e-02;
  -2.068942e-02   9.879566e-01   2.078099e-02;
   1.957712e-02   3.483493e-03   9.795617e-01]
R=[ ...        
   9.997135e-01   1.623773e-02  -1.758317e-02;
  -1.608298e-02   9.998310e-01   8.906703e-03;
   1.772483e-02  -8.621361e-03   9.998057e-01]
U=[ ...        
   9.927838e-01  -4.740575e-03   1.939712e-03;
  -4.740575e-03   9.879396e-01   1.208725e-02;
   1.939712e-03   1.208725e-02   9.798219e-01]
l=[ ...        
  -1.761106e-01   4.839333e-01  -8.034541e-02;
  -1.142631e-02  -1.260558e-01  -4.932844e-02;
   1.801338e-01   1.083832e-01   1.989145e-02]
d=[ ...        
  -1.761106e-01   2.362535e-01   4.989418e-02;
   2.362535e-01  -1.260558e-01   2.952738e-02;
   4.989418e-02   2.952738e-02   1.989145e-02]
     iteration=          22999       process=              7       (i,j,k)=              1              1              1       (x,y,z)=   1.497063e-02   1.499471e-02   1.374821e-02     particles=             52
fabric=[ ...   
   3.229463e-01  -3.420997e-02   5.649517e-02;
  -3.420997e-02   3.282968e-01  -3.192453e-02;
   5.649517e-02  -3.192453e-02   3.487569e-01]
sigma=[ ...    
  -1.546669e+02   6.120000e+01  -3.482203e-01;
   3.740494e+01  -8.282085e+01   2.903007e+01;
  -1.382496e+01   2.650080e+01  -1.942018e+02]
sigmaDot=[ ... 
   2.710573e+06  -1.222654e+06  -4.449896e+05;
  -1.224577e+06  -1.276692e+05  -6.144081e+05;
   1.019191e+06  -1.359001e+06   1.140660e+06]
intgraE=[ ...  
   1.055944e-02  -3.618854e-03  -1.431207e-02;
  -3.618854e-03  -2.128263e-02  -3.275175e-03;
  -1.431207e-02  -3.275175e-03   2.752082e-02]
E=[ ...        
   1.974675e-02  -5.696067e-03  -2.156552e-02;
  -5.696067e-03  -7.146194e-02   3.820622e-03;
  -2.156552e-02   3.820622e-03   2.300475e-02]
e=[ ...        
   1.951810e-02  -5.112382e-03  -1.998389e-02;
  -5.112382e-03  -8.368485e-02   2.296199e-03;
  -1.998389e-02   2.296199e-03   1.992131e-02]
intgraF=[ ...  
   1.010491e+00  -9.702633e-03  -3.280456e-02;
   2.666374e-03   9.783912e-01   3.006438e-03;
   4.399443e-03  -9.555704e-03   1.026624e+00]
F=[ ...        
   1.019474e+00  -1.484322e-02  -5.458704e-02;
   3.836514e-03   9.255370e-01  -9.608983e-03;
   1.229471e-02   1.539738e-02   1.021243e+00]
R=[ ...        
   9.994185e-01  -9.619517e-03  -3.271286e-02;
   9.199004e-03   9.998734e-01  -1.298097e-02;
   3.283359e-02   1.267250e-02   9.993805e-01]
U=[ ...        
   1.019320e+00  -5.815016e-03  -2.111262e-02;
  -5.815016e-03   9.257578e-01   3.859034e-03;
  -2.111262e-02   3.859034e-03   1.022521e+00]
l=[ ...        
   3.806903e-02  -7.257392e-02  -1.385162e-01;
   8.558403e-02   5.489320e-02  -1.792557e-01;
  -4.215722e-01   7.709746e-02   2.130091e-01]
d=[ ...        
   3.806903e-02   6.505055e-03  -2.800442e-01;
   6.505055e-03   5.489320e-02  -5.107911e-02;
  -2.800442e-01  -5.107911e-02   2.130091e-01]
