     iteration=          23999       process=              0       (i,j,k)=              0              0              0       (x,y,z)=   4.996413e-03   5.009146e-03   4.584449e-03     particles=             75
fabric=[ ...   
   4.064064e-01   3.056702e-02  -8.588455e-03;
   3.056702e-02   3.092171e-01   3.814708e-02;
  -8.588455e-03   3.814708e-02   2.843765e-01]
sigma=[ ...    
  -1.569343e+03   5.920885e+01   4.939837e+01;
   5.521092e+01  -1.223553e+03  -1.997350e+02;
   6.320016e+01  -2.062459e+02  -1.662929e+03]
sigmaDot=[ ... 
  -3.305818e+04   1.224550e+06   6.229520e+06;
   2.525754e+06  -4.783484e+05   6.172612e+05;
  -9.068759e+05   1.112096e+06   2.045960e+06]
intgraE=[ ...  
  -3.729679e-03   1.195284e-02  -1.247459e-02;
   1.195284e-02   9.841337e-03  -1.189098e-02;
  -1.247459e-02  -1.189098e-02  -2.318729e-02]
E=[ ...        
  -8.547320e-03   1.012808e-02  -1.454092e-02;
   1.012808e-02   9.619318e-03  -1.144761e-02;
  -1.454092e-02  -1.144761e-02  -2.246477e-02]
e=[ ...        
  -9.235588e-03   9.755480e-03  -1.543547e-02;
   9.755480e-03   8.663101e-03  -1.166723e-02;
  -1.543547e-02  -1.166723e-02  -2.405306e-02]
intgraF=[ ...  
   9.962041e-01   1.932550e-02  -1.529575e-02;
   4.374746e-03   1.009325e+00  -1.198949e-04;
  -9.945502e-03  -2.392967e-02   9.764177e-01]
F=[ ...        
   9.912951e-01   1.629281e-02  -1.453146e-02;
   3.766580e-03   1.009239e+00  -2.852287e-03;
  -1.500886e-02  -2.024205e-02   9.771649e-01]
R=[ ...        
   9.999808e-01   6.197136e-03   2.614927e-04;
  -6.199178e-03   9.999429e-01   8.705893e-03;
  -2.075262e-04  -8.707347e-03   9.999621e-01]
U=[ ...        
   9.912558e-01   1.004024e-02  -1.471628e-02;
   1.004024e-02   1.009459e+00  -1.145069e-02;
  -1.471628e-02  -1.145069e-02   9.770992e-01]
l=[ ...        
  -8.834410e-02   1.906555e-01  -1.042657e-01;
  -3.621169e-02  -3.458183e-02  -1.349410e-02;
   6.045270e-03  -8.831753e-02   1.192798e-01]
d=[ ...        
  -8.834410e-02   7.722193e-02  -4.911023e-02;
   7.722193e-02  -3.458183e-02  -5.090582e-02;
  -4.911023e-02  -5.090582e-02   1.192798e-01]
     iteration=          23999       process=              1       (i,j,k)=              0              0              1       (x,y,z)=   4.996413e-03   5.009146e-03   1.374690e-02     particles=             54
fabric=[ ...   
   3.274797e-01  -3.148366e-02  -2.559233e-02;
  -3.148366e-02   4.018499e-01   2.290083e-02;
  -2.559233e-02   2.290083e-02   2.706704e-01]
sigma=[ ...    
  -1.011295e+03   5.655060e+01   1.184868e+02;
   1.433626e+02  -1.380918e+03  -8.168735e+01;
  -8.083709e+00  -1.253673e+02  -6.704210e+02]
sigmaDot=[ ... 
   3.031529e+06  -1.295276e+06   1.171194e+07;
   1.306824e+06   4.313869e+05   2.162874e+06;
   4.428238e+06  -8.855190e+06  -4.914888e+05]
intgraE=[ ...  
  -1.984703e-02   3.389983e-03   1.765347e-02;
   3.389983e-03   1.488404e-02  -5.477458e-02;
   1.765347e-02  -5.477458e-02   6.400785e-02]
E=[ ...        
  -4.913415e-02  -6.474690e-03   2.250011e-02;
  -6.474690e-03   3.139645e-02  -8.182692e-02;
   2.250011e-02  -8.182692e-02   3.719737e-01]
e=[ ...        
  -5.602892e-02  -9.482146e-04  -1.065031e-03;
  -9.482146e-04   2.071438e-02  -4.055921e-02;
  -1.065031e-03  -4.055921e-02   2.114140e-01]
intgraF=[ ...  
   9.799224e-01   1.388292e-02   3.142756e-02;
  -6.430101e-03   1.011673e+00  -2.683035e-02;
   4.087380e-03  -7.805873e-02   1.061277e+00]
F=[ ...        
   9.467221e-01   1.483912e-02  -5.233957e-02;
  -1.983995e-02   1.026585e+00  -3.884362e-02;
   7.110103e-02  -9.325479e-02   1.318977e+00]
R=[ ...        
   9.984207e-01   1.647175e-02  -5.371043e-02;
  -1.522235e-02   9.996059e-01   2.358852e-02;
   5.407780e-02  -2.273366e-02   9.982779e-01]
U=[ ...        
   9.493739e-01  -5.854355e-03   1.966174e-02;
  -5.854355e-03   1.028545e+00  -6.967560e-02;
   1.966174e-02  -6.967560e-02   1.318600e+00]
l=[ ...        
   1.358250e-03  -7.381672e-02   4.432273e-01;
  -2.080367e-01   6.811940e-02  -2.267655e-01;
  -2.934893e-01   2.807797e-01   1.990518e-02]
d=[ ...        
   1.358250e-03  -1.409267e-01   7.486899e-02;
  -1.409267e-01   6.811940e-02   2.700710e-02;
   7.486899e-02   2.700710e-02   1.990518e-02]
     iteration=          23999       process=              2       (i,j,k)=              0              1              0       (x,y,z)=   4.996413e-03   1.499383e-02   4.584449e-03     particles=             69
fabric=[ ...   
   2.806447e-01  -2.770996e-02  -4.723260e-03;
  -2.770996e-02   3.272162e-01  -3.600683e-03;
  -4.723260e-03  -3.600683e-03   3.921391e-01]
sigma=[ ...    
  -1.063959e+03   3.127568e+02   2.605765e+02;
   3.684699e+02  -1.293462e+03  -6.403578e+01;
   1.843213e+02  -2.343082e+02  -2.090498e+03]
sigmaDot=[ ... 
  -1.058490e+06   3.072212e+05   1.316420e+07;
  -3.180825e+06   2.733844e+06   7.131026e+05;
  -8.258059e+06  -1.003394e+07  -5.117777e+05]
intgraE=[ ...  
   2.509446e-02   6.376424e-03  -3.052387e-04;
   6.376424e-03  -1.657507e-02   3.021102e-03;
  -3.052387e-04   3.021102e-03  -2.285280e-02]
E=[ ...        
   5.054071e-03   9.539461e-03  -1.325860e-02;
   9.539461e-03  -1.038664e-02   9.932983e-03;
  -1.325860e-02   9.932983e-03  -2.975259e-02]
e=[ ...        
   3.613248e-03   1.031512e-02  -1.514533e-02;
   1.031512e-02  -1.108490e-02   1.085643e-02;
  -1.514533e-02   1.085643e-02  -3.137918e-02]
intgraF=[ ...  
   1.024582e+00  -4.247586e-04   1.409255e-02;
   1.347585e-02   9.832768e-01   2.132701e-03;
  -1.543670e-02   4.045098e-03   9.767759e-01]
F=[ ...        
   1.004141e+00   8.929839e-03   1.325331e-02;
   1.078534e-02   9.894252e-01   6.639375e-03;
  -4.114458e-02   1.359055e-02   9.696778e-01]
R=[ ...        
   9.996193e-01  -9.938153e-04   2.757469e-02;
   1.095249e-03   9.999927e-01  -3.663634e-03;
  -2.757084e-02   3.692440e-03   9.996130e-01]
U=[ ...        
   1.004905e+00   9.635403e-03  -1.347930e-02;
   9.635403e-03   9.894593e-01   1.020663e-02;
  -1.347930e-02   1.020663e-02   9.696437e-01]
l=[ ...        
   8.292096e-02   1.623709e-01   1.823350e-01;
  -2.923184e-02  -2.054703e-01   2.809029e-02;
  -5.539201e-02  -1.112632e-01   8.481008e-03]
d=[ ...        
   8.292096e-02   6.656953e-02   6.347149e-02;
   6.656953e-02  -2.054703e-01  -4.158643e-02;
   6.347149e-02  -4.158643e-02   8.481008e-03]
     iteration=          23999       process=              3       (i,j,k)=              0              1              1       (x,y,z)=   4.996413e-03   1.499383e-02   1.374690e-02     particles=             46
fabric=[ ...   
   3.522121e-01  -3.263097e-03   8.715994e-03;
  -3.263097e-03   3.168687e-01   5.307709e-02;
   8.715994e-03   5.307709e-02   3.309192e-01]
sigma=[ ...    
  -1.751787e+03   2.667275e+02  -5.616556e+02;
   2.365829e+02  -2.485172e+03  -4.791917e+02;
  -5.402964e+02  -5.137222e+02  -4.098538e+03]
sigmaDot=[ ... 
  -1.510986e+06   1.215632e+06   3.299039e+06;
  -4.279327e+06   6.637576e+06   5.111599e+06;
   4.225463e+05   3.013877e+05   9.901562e+05]
intgraE=[ ...  
  -1.281312e-02   4.386083e-03  -6.956938e-03;
   4.386083e-03  -8.836232e-03  -7.958944e-03;
  -6.956938e-03  -7.958944e-03  -2.397854e-02]
E=[ ...        
   5.568005e-03   1.922888e-03   7.277970e-03;
   1.922888e-03  -8.174499e-03   8.537416e-03;
   7.277970e-03   8.537416e-03   3.583123e-02]
e=[ ...        
   5.310040e-03   1.632888e-03   6.482370e-03;
   1.632888e-03  -8.282310e-03   8.560103e-03;
   6.482370e-03   8.560103e-03   3.313372e-02]
intgraF=[ ...  
   9.870556e-01   8.124580e-03  -2.368800e-02;
   7.665957e-04   9.910908e-01  -1.515690e-02;
   9.718964e-03  -7.213741e-04   9.753215e-01]
F=[ ...        
   1.005329e+00   1.518198e-02  -3.652849e-03;
  -1.142834e-02   9.916644e-01   2.218526e-02;
   1.785738e-02  -4.705506e-03   1.034967e+00]
R=[ ...        
   9.998537e-01   1.348654e-02  -1.052058e-02;
  -1.334517e-02   9.998212e-01   1.339361e-02;
   1.069933e-02  -1.325125e-02   9.998550e-01]
U=[ ...        
   1.005526e+00   1.895479e-03   7.125075e-03;
   1.895479e-03   9.917543e-01   8.417420e-03;
   7.125075e-03   8.417420e-03   1.035153e+00]
l=[ ...        
  -9.009714e-02   1.425064e-01  -2.316304e-01;
  -2.893376e-02  -2.077954e-01   8.408243e-02;
   1.384366e-01  -9.407469e-02  -1.640101e-01]
d=[ ...        
  -9.009714e-02   5.678634e-02  -4.659690e-02;
   5.678634e-02  -2.077954e-01  -4.996131e-03;
  -4.659690e-02  -4.996131e-03  -1.640101e-01]
     iteration=          23999       process=              4       (i,j,k)=              1              0              0       (x,y,z)=   1.496917e-02   5.009146e-03   4.584449e-03     particles=             67
fabric=[ ...   
   3.229370e-01  -2.409116e-02   2.779132e-02;
  -2.409116e-02   3.364825e-01  -1.709609e-02;
   2.779132e-02  -1.709609e-02   3.405805e-01]
sigma=[ ...    
  -1.683618e+03  -7.921247e+01  -3.601687e+02;
  -1.040155e+02  -1.710985e+03  -1.746249e+02;
  -2.419840e+02  -2.129522e+02  -1.411179e+03]
sigmaDot=[ ... 
   5.883931e+05   5.966102e+05  -5.706905e+04;
  -7.765286e+05   9.692212e+04   1.904246e+06;
  -2.252519e+06   1.432832e+05   4.809729e+06]
intgraE=[ ...  
   6.593183e-03   4.705820e-03   9.541147e-03;
   4.705820e-03   1.446992e-02  -6.441633e-03;
   9.541147e-03  -6.441633e-03  -3.205610e-02]
E=[ ...        
   6.350253e-02   3.781868e-02   2.229662e-02;
   3.781868e-02   2.001960e-02  -5.548026e-04;
   2.229662e-02  -5.548026e-04  -1.072398e-02]
e=[ ...        
   5.174307e-02   3.347571e-02   2.066944e-02;
   3.347571e-02   1.788153e-02  -1.788819e-03;
   2.066944e-02  -1.788819e-03  -1.127429e-02]
intgraF=[ ...  
   1.006342e+00   1.898893e-02   3.088745e-04;
  -9.103295e-03   1.013905e+00   1.017661e-02;
   1.950061e-02  -2.399030e-02   9.673594e-01]
F=[ ...        
   1.059648e+00   1.999974e-02   8.484591e-03;
   5.406853e-02   1.019445e+00   1.743755e-02;
   3.504425e-02  -1.926732e-02   9.890278e-01]
R=[ ...        
   9.997804e-01  -1.607206e-02  -1.344646e-02;
   1.631596e-02   9.997007e-01   1.822990e-02;
   1.314945e-02  -1.844529e-02   9.997434e-01]
U=[ ...        
   1.060758e+00   3.637522e-02   2.177241e-02;
   3.637522e-02   1.019174e+00  -9.469312e-04;
   2.177241e-02  -9.469312e-04   9.889778e-01]
l=[ ...        
   4.124228e-02   9.032035e-03  -3.439593e-03;
  -9.080624e-02  -3.325122e-02   4.501898e-03;
  -4.365805e-02  -2.371076e-02   6.442011e-02]
d=[ ...        
   4.124228e-02  -4.088710e-02  -2.354882e-02;
  -4.088710e-02  -3.325122e-02  -9.604431e-03;
  -2.354882e-02  -9.604431e-03   6.442011e-02]
     iteration=          23999       process=              5       (i,j,k)=              1              0              1       (x,y,z)=   1.496917e-02   5.009146e-03   1.374690e-02     particles=             43
fabric=[ ...   
   3.226257e-01  -6.930742e-03   3.680515e-02;
  -6.930742e-03   3.343402e-01  -5.005599e-02;
   3.680515e-02  -5.005599e-02   3.430342e-01]
sigma=[ ...    
  -1.516136e+03   5.771198e+01  -2.723974e+02;
  -3.503409e+01  -1.684527e+03  -6.273013e+01;
  -2.373936e+02  -5.776437e+01  -2.089315e+03]
sigmaDot=[ ... 
   2.103934e+05  -9.947028e+05   8.574297e+06;
   1.276740e+06  -1.584145e+06  -3.652724e+06;
   1.701760e+05   5.374812e+06   2.639099e+06]
intgraE=[ ...  
   7.562628e-04   8.042018e-03   3.477428e-02;
   8.042018e-03   1.765354e-02  -3.269620e-02;
   3.477428e-02  -3.269620e-02  -1.928096e-02]
E=[ ...        
   9.613411e-03   1.645440e-02  -1.094768e-02;
   1.645440e-02   2.165265e-02  -2.038163e-02;
  -1.094768e-02  -2.038163e-02  -8.031961e-02]
e=[ ...        
   9.185161e-03   1.588522e-02  -6.680575e-03;
   1.588522e-02   1.879316e-02  -2.484555e-02;
  -6.680575e-03  -2.484555e-02  -9.702893e-02]
intgraF=[ ...  
   9.985907e-01  -1.312561e-02   1.347773e-02;
   3.151434e-02   1.016231e+00  -1.683096e-02;
   5.775852e-02  -4.907857e-02   9.802924e-01]
F=[ ...        
   1.008307e+00   2.637440e-03  -5.753400e-02;
   3.130021e-02   1.020522e+00  -1.437925e-03;
   3.954865e-02  -4.281051e-02   9.143569e-01]
R=[ ...        
   9.986010e-01  -1.419992e-02  -5.093527e-02;
   1.531081e-02   9.996519e-01   2.148628e-02;
   5.061243e-02  -2.223608e-02   9.984708e-01]
U=[ ...        
   1.009377e+00   1.609202e-02  -1.119769e-02;
   1.609202e-02   1.021081e+00  -2.095216e-02;
  -1.119769e-02  -2.095216e-02   9.158583e-01]
l=[ ...        
   8.794719e-02  -1.180468e-01   7.044801e-02;
   2.107498e-01  -1.828044e-02  -1.091072e-01;
  -5.222907e-02  -5.018376e-02   1.455345e-01]
d=[ ...        
   8.794719e-02   4.635150e-02   9.109467e-03;
   4.635150e-02  -1.828044e-02  -7.964550e-02;
   9.109467e-03  -7.964550e-02   1.455345e-01]
     iteration=          23999       process=              6       (i,j,k)=              1              1              0       (x,y,z)=   1.496917e-02   1.499383e-02   4.584449e-03     particles=             59
fabric=[ ...   
   3.297426e-01   5.408630e-03   2.951142e-03;
   5.408630e-03   3.350892e-01  -3.417428e-02;
   2.951142e-03  -3.417428e-02   3.351682e-01]
sigma=[ ...    
  -8.180774e+02  -7.664272e+00   2.815251e+02;
   6.081690e+01  -1.469112e+03   1.871827e+01;
   2.524987e+02  -1.799300e+01  -7.317228e+02]
sigmaDot=[ ... 
   1.234821e+06  -7.146714e+05  -2.600729e+06;
   4.662089e+06   3.140510e+05   3.395938e+05;
   1.632303e+05   5.718048e+06   1.228951e+06]
intgraE=[ ...  
  -2.923422e-02   4.809634e-03   1.032087e-02;
   4.809634e-03  -2.455215e-02   1.839165e-02;
   1.032087e-02   1.839165e-02  -3.277856e-02]
E=[ ...        
  -4.441085e-04   8.062093e-03   3.300531e-03;
   8.062093e-03  -1.359619e-02   1.758633e-02;
   3.300531e-03   1.758633e-02  -1.435726e-02]
e=[ ...        
  -5.280327e-04   7.810411e-03   3.404931e-03;
   7.810411e-03  -1.438963e-02   1.865463e-02;
   3.404931e-03   1.865463e-02  -1.593922e-02]
intgraF=[ ...  
   9.700418e-01   1.394545e-02  -1.583358e-03;
  -4.150373e-03   9.750207e-01   3.181377e-02;
   2.309157e-02   5.989069e-03   9.661409e-01]
F=[ ...        
   9.993892e-01   1.818176e-02  -1.118485e-02;
  -2.133730e-03   9.861374e-01   3.269418e-02;
   1.812190e-02   3.183033e-03   9.849322e-01]
R=[ ...        
   9.998347e-01   1.050228e-02  -1.484164e-02;
  -1.027775e-02   9.998328e-01   1.512452e-02;
   1.499800e-02  -1.496948e-02   9.997755e-01]
U=[ ...        
   9.995178e-01   8.091218e-03   3.252986e-03;
   8.091218e-03   9.861158e-01   1.782732e-02;
   3.252986e-03   1.782732e-02   9.853715e-01]
l=[ ...        
  -1.865022e-01   4.212507e-01   2.094525e-01;
   5.903945e-02  -1.031859e-01  -2.317567e-02;
   1.056606e-01   8.191798e-02   2.652331e-02]
d=[ ...        
  -1.865022e-01   2.401451e-01   1.575566e-01;
   2.401451e-01  -1.031859e-01   2.937116e-02;
   1.575566e-01   2.937116e-02   2.652331e-02]
     iteration=          23999       process=              7       (i,j,k)=              1              1              1       (x,y,z)=   1.496917e-02   1.499383e-02   1.374690e-02     particles=             52
fabric=[ ...   
   3.399807e-01  -6.290211e-02  -2.810540e-02;
  -6.290211e-02   2.945143e-01   6.007247e-04;
  -2.810540e-02   6.007247e-04   3.655050e-01]
sigma=[ ...    
  -1.748502e+02   2.228393e+01   2.987916e+01;
   3.637373e+01  -1.058449e+02   2.732371e+01;
   1.325934e+01   1.989704e+01  -1.844551e+02]
sigmaDot=[ ... 
   3.291401e+05  -1.191856e+05  -4.771008e+05;
   2.938833e+06   3.933386e+05  -2.030754e+05;
  -7.122836e+05   7.790940e+05  -4.263127e+05]
intgraE=[ ...  
   1.034728e-02  -3.711582e-03  -1.594920e-02;
  -3.711582e-03  -2.120187e-02  -3.709401e-03;
  -1.594920e-02  -3.709401e-03   2.853457e-02]
E=[ ...        
   1.969529e-02  -5.539283e-03  -2.302343e-02;
  -5.539283e-03  -7.484159e-02   3.462271e-03;
  -2.302343e-02   3.462271e-03   2.243022e-02]
e=[ ...        
   1.942382e-02  -4.824595e-03  -2.134443e-02;
  -4.824595e-03  -8.830955e-02   1.740088e-03;
  -2.134443e-02   1.740088e-03   1.921361e-02]
intgraF=[ ...  
   1.010287e+00  -1.026131e-02  -3.398722e-02;
   3.031205e-03   9.784696e-01   1.926761e-03;
   2.367324e-03  -9.393799e-03   1.027575e+00]
F=[ ...        
   1.019443e+00  -1.524584e-02  -5.536817e-02;
   4.664984e-03   9.218624e-01  -1.105452e-02;
   1.023825e-02   1.594236e-02   1.020624e+00]
R=[ ...        
   9.994321e-01  -1.027089e-02  -3.209195e-02;
   9.824995e-03   9.998534e-01  -1.402121e-02;
   3.223126e-02   1.369794e-02   9.993866e-01]
U=[ ...        
   1.019240e+00  -5.666043e-03  -2.254935e-02;
  -5.666043e-03   9.221022e-01   3.496227e-03;
  -2.254935e-02   3.496227e-03   1.021929e+00]
l=[ ...        
  -3.910264e-02  -1.168500e-01  -2.313043e-01;
   7.307555e-02   1.472150e-02  -2.080436e-01;
  -4.030357e-01   3.078228e-02   1.723260e-01]
d=[ ...        
  -3.910264e-02  -2.188723e-02  -3.171700e-01;
  -2.188723e-02   1.472150e-02  -8.863066e-02;
  -3.171700e-01  -8.863066e-02   1.723260e-01]
