     iteration=          20999       process=              0       (i,j,k)=              0              0              0       (x,y,z)=   4.994817e-03   5.007823e-03   4.586414e-03     particles=             74
fabric=[ ...   
   3.943715e-01   1.976329e-02   1.336251e-03;
   1.976329e-02   3.003342e-01   4.907555e-02;
   1.336251e-03   4.907555e-02   3.052944e-01]
sigma=[ ...    
  -2.419874e+03  -1.997468e+02   1.324861e+02;
  -2.253068e+02  -1.456782e+03  -2.561718e+02;
   1.524205e+02  -2.772664e+02  -1.587245e+03]
sigmaDot=[ ... 
   3.381131e+06   1.282480e+06  -1.719660e+07;
  -2.318330e+06   3.475165e+05  -9.220151e+05;
   8.150940e+04  -5.133781e+06  -3.554288e+06]
intgraE=[ ...  
  -2.628646e-03   1.067973e-02  -1.191587e-02;
   1.067973e-02   9.793541e-03  -1.118151e-02;
  -1.191587e-02  -1.118151e-02  -2.435158e-02]
E=[ ...        
  -6.892558e-03   9.239693e-03  -1.408711e-02;
   9.239693e-03   8.723333e-03  -1.113461e-02;
  -1.408711e-02  -1.113461e-02  -2.169648e-02]
e=[ ...        
  -7.465646e-03   8.860567e-03  -1.484459e-02;
   8.860567e-03   7.910912e-03  -1.135987e-02;
  -1.484459e-02  -1.135987e-02  -2.323000e-02]
intgraF=[ ...  
   9.973101e-01   1.660759e-02  -1.438068e-02;
   4.534010e-03   1.009356e+00  -6.360580e-05;
  -9.730398e-03  -2.262011e-02   9.752384e-01]
F=[ ...        
   9.929848e-01   1.362187e-02  -1.535730e-02;
   4.661810e-03   1.008413e+00  -3.358993e-03;
  -1.320024e-02  -1.909406e-02   9.779366e-01]
R=[ ...        
   9.999896e-01   4.418555e-03  -1.088449e-03;
  -4.409825e-03   9.999591e-01   7.897068e-03;
   1.123298e-03  -7.892186e-03   9.999682e-01]
U=[ ...        
   9.929392e-01   9.153357e-03  -1.424382e-02;
   9.153357e-03   1.008583e+00  -1.114477e-02;
  -1.424382e-02  -1.114477e-02   9.778957e-01]
l=[ ...        
  -9.374030e-02   1.315479e-01  -2.595387e-02;
  -1.293324e-02   7.633932e-02   5.400564e-03;
  -5.017680e-02  -7.877277e-02   7.526188e-02]
d=[ ...        
  -9.374030e-02   5.930733e-02  -3.806534e-02;
   5.930733e-02   7.633932e-02  -3.668610e-02;
  -3.806534e-02  -3.668610e-02   7.526188e-02]
     iteration=          20999       process=              1       (i,j,k)=              0              0              1       (x,y,z)=   4.994817e-03   5.007823e-03   1.375173e-02     particles=             53
fabric=[ ...   
   3.652191e-01  -1.810434e-02  -5.062368e-02;
  -1.810434e-02   3.665170e-01   3.230973e-02;
  -5.062368e-02   3.230973e-02   2.682639e-01]
sigma=[ ...    
  -9.773142e+02   1.298269e+02  -1.723080e+02;
   1.228950e+02  -1.202382e+03  -8.522907e+01;
  -1.886928e+02  -8.633704e+01  -9.592549e+02]
sigmaDot=[ ... 
   3.098587e+06   6.078777e+05  -3.669347e+05;
   2.927467e+06   2.324536e+06  -3.610471e+05;
  -6.621187e+05   1.965856e+06   9.767530e+05]
intgraE=[ ...  
  -1.877589e-02   5.299300e-03   1.712702e-02;
   5.299300e-03   1.356361e-02  -5.459900e-02;
   1.712702e-02  -5.459900e-02   6.643654e-02]
E=[ ...        
  -4.106739e-02  -7.221242e-04   1.820761e-02;
  -7.221242e-04   1.637568e-02  -6.133085e-02;
   1.820761e-02  -6.133085e-02   3.667448e-01]
e=[ ...        
  -4.557055e-02   3.352980e-03  -4.461506e-03;
   3.352980e-03   9.664050e-03  -2.800170e-02;
  -4.461506e-03  -2.800170e-02   2.113389e-01]
intgraF=[ ...  
   9.810010e-01   1.563288e-02   2.580459e-02;
  -4.021940e-03   1.010099e+00  -2.306188e-02;
   8.316360e-03  -8.113031e-02   1.063802e+00]
F=[ ...        
   9.551152e-01   1.721477e-02  -6.399665e-02;
  -1.144170e-02   1.012532e+00  -9.597338e-03;
   7.408930e-02  -8.504935e-02   1.315029e+00]
R=[ ...        
   9.980843e-01   1.413846e-02  -6.023151e-02;
  -1.217512e-02   9.993865e-01   3.283980e-02;
   6.065886e-02  -3.204357e-02   9.976441e-01]
U=[ ...        
   9.579190e-01  -3.049064e-04   1.601097e-02;
  -3.049064e-04   1.014880e+00  -5.263449e-02;
   1.601097e-02  -5.263449e-02   1.315471e+00]
l=[ ...        
  -6.473607e-02   1.645033e-01   3.696179e-01;
  -1.533948e-01   8.873821e-02  -1.430308e-01;
   2.742327e-01  -4.104387e-01   5.645881e-01]
d=[ ...        
  -6.473607e-02   5.554273e-03   3.219253e-01;
   5.554273e-03   8.873821e-02  -2.767348e-01;
   3.219253e-01  -2.767348e-01   5.645881e-01]
     iteration=          20999       process=              2       (i,j,k)=              0              1              0       (x,y,z)=   4.994817e-03   1.499757e-02   4.586414e-03     particles=             71
fabric=[ ...   
   2.951850e-01  -3.759322e-02  -1.806411e-02;
  -3.759322e-02   3.213254e-01   8.301269e-03;
  -1.806411e-02   8.301269e-03   3.834896e-01]
sigma=[ ...    
  -6.253571e+02   1.630452e+02   1.197989e+02;
   1.598130e+02  -9.158871e+02   7.975457e+01;
   1.788448e+02   9.903451e+01  -1.016194e+03]
sigmaDot=[ ... 
   2.204582e+06   1.148591e+06  -1.355023e+06;
  -1.603684e+06  -2.115667e+06   4.673384e+05;
  -9.291661e+05   6.546148e+05  -2.418879e+06]
intgraE=[ ...  
   2.248667e-02   4.969243e-03  -9.841424e-04;
   4.969243e-03  -1.436624e-02   2.854187e-03;
  -9.841424e-04   2.854187e-03  -2.370757e-02]
E=[ ...        
   3.602645e-02   6.798531e-03  -6.839960e-03;
   6.798531e-03  -4.051042e-03   1.008722e-02;
  -6.839960e-03   1.008722e-02  -2.782142e-02]
e=[ ...        
   3.309954e-02   6.920475e-03  -8.086283e-03;
   6.920475e-03  -4.401613e-03   1.078899e-02;
  -8.086283e-03   1.078899e-02  -2.945141e-02]
intgraF=[ ...  
   1.022045e+00  -3.135699e-03   1.212557e-02;
   1.340731e-02   9.855127e-01   1.141500e-03;
  -1.473106e-02   4.735423e-03   9.759285e-01]
F=[ ...        
   1.035014e+00   2.661098e-03   1.105632e-02;
   1.123088e-02   9.958502e-01   7.384454e-03;
  -2.594069e-02   1.316389e-02   9.716895e-01]
R=[ ...        
   9.998202e-01  -4.273897e-03   1.847210e-02;
   4.329036e-03   9.999863e-01  -2.946044e-03;
  -1.845925e-02   3.025481e-03   9.998250e-01]
U=[ ...        
   1.035355e+00   6.728695e-03  -6.850363e-03;
   6.728695e-03   9.958650e-01   1.027693e-02;
  -6.850363e-03   1.027693e-02   9.717019e-01]
l=[ ...        
   1.829260e-01   2.058107e-01   1.798522e-01;
   5.946602e-02  -1.297441e-01   7.922344e-02;
   2.351902e-02  -6.648993e-02   5.544523e-02]
d=[ ...        
   1.829260e-01   1.326383e-01   1.016856e-01;
   1.326383e-01  -1.297441e-01   6.366758e-03;
   1.016856e-01   6.366758e-03   5.544523e-02]
     iteration=          20999       process=              3       (i,j,k)=              0              1              1       (x,y,z)=   4.994817e-03   1.499757e-02   1.375173e-02     particles=             47
fabric=[ ...   
   3.590955e-01  -4.657072e-03   8.277924e-03;
  -4.657072e-03   2.805150e-01   7.951840e-02;
   8.277924e-03   7.951840e-02   3.603895e-01]
sigma=[ ...    
  -1.736386e+03   3.794165e+02  -3.962046e+02;
   3.258475e+02  -2.687260e+03  -5.055266e+02;
  -3.328181e+02  -6.609649e+02  -3.500305e+03]
sigmaDot=[ ... 
   3.426441e+06   1.757727e+06   3.672432e+06;
   1.003025e+07  -5.557914e+06  -2.690231e+06;
  -9.112079e+05  -1.662985e+06   2.050024e+06]
intgraE=[ ...  
  -1.096268e-02   3.588252e-03  -6.668341e-03;
   3.588252e-03  -5.374207e-03  -7.835399e-03;
  -6.668341e-03  -7.835399e-03  -2.171050e-02]
E=[ ...        
   2.680398e-02   6.800427e-02  -9.937842e-03;
   6.800427e-02   6.604126e-02  -5.218459e-03;
  -9.937842e-03  -5.218459e-03   1.692546e-02]
e=[ ...        
   2.517235e-02   5.945641e-02  -8.751170e-03;
   5.945641e-02   4.445282e-02  -1.371121e-03;
  -8.751170e-03  -1.371121e-03   1.570754e-02]
intgraF=[ ...  
   9.889483e-01   5.888342e-03  -2.073360e-02;
   1.356867e-03   9.945937e-01  -1.612878e-02;
   7.353682e-03   5.041134e-04   9.776957e-01]
F=[ ...        
   1.026287e+00   1.274815e-01  -3.700117e-02;
   4.958114e-03   1.056323e+00  -2.098396e-03;
   1.782147e-02  -3.447829e-03   1.016109e+00]
R=[ ...        
   9.979192e-01   5.868457e-02  -2.671012e-02;
  -5.865157e-02   9.982765e-01   2.017703e-03;
   2.678249e-02  -4.469139e-04   9.996412e-01]
U=[ ...        
   1.024338e+00   6.516883e-02  -9.587176e-03;
   6.516883e-02   1.061986e+00  -4.720290e-03;
  -9.587176e-03  -4.720290e-03   1.016728e+00]
l=[ ...        
  -5.924060e-02   2.640578e-01  -3.194894e-01;
  -2.435264e-01  -1.290066e-01  -5.366747e-02;
   2.232493e-01   6.577286e-02  -3.715573e-01]
d=[ ...        
  -5.924060e-02   1.026573e-02  -4.812008e-02;
   1.026573e-02  -1.290066e-01   6.052693e-03;
  -4.812008e-02   6.052693e-03  -3.715573e-01]
     iteration=          20999       process=              4       (i,j,k)=              1              0              0       (x,y,z)=   1.497359e-02   5.007823e-03   4.586414e-03     particles=             67
fabric=[ ...   
   3.484253e-01  -1.657011e-02  -1.488194e-02;
  -1.657011e-02   3.231966e-01  -1.913963e-03;
  -1.488194e-02  -1.913963e-03   3.283781e-01]
sigma=[ ...    
  -2.708754e+03  -3.107346e+02  -1.203023e+02;
  -3.131775e+02  -1.974961e+03  -1.501764e+02;
  -2.091451e+02  -1.155472e+02  -1.736646e+03]
sigmaDot=[ ... 
  -2.367676e+06   5.648895e+06  -1.144581e+07;
   7.351663e+05   1.089021e+06  -5.258967e+05;
   3.802622e+06  -4.355141e+06  -2.695552e+06]
intgraE=[ ...  
   6.301853e-03   5.167691e-03   9.750315e-03;
   5.167691e-03   1.488980e-02  -6.089051e-03;
   9.750315e-03  -6.089051e-03  -3.255788e-02]
E=[ ...        
   5.498719e-02   3.652839e-02   1.992283e-02;
   3.652839e-02   2.003399e-02  -7.087972e-04;
   1.992283e-02  -7.087972e-04  -1.307136e-02]
e=[ ...        
   4.537138e-02   3.265900e-02   1.869966e-02;
   3.265900e-02   1.794272e-02  -1.931495e-03;
   1.869966e-02  -1.931495e-03  -1.370366e-02]
intgraF=[ ...  
   1.006054e+00   1.876140e-02   3.682680e-04;
  -7.957781e-03   1.014334e+00   1.042329e-02;
   1.987208e-02  -2.353829e-02   9.668379e-01]
F=[ ...        
   1.051836e+00   1.970267e-02   8.558619e-03;
   5.190387e-02   1.019467e+00   1.697574e-02;
   3.036743e-02  -1.914789e-02   9.866589e-01]
R=[ ...        
   9.998210e-01  -1.527784e-02  -1.115875e-02;
   1.547677e-02   9.997189e-01   1.796320e-02;
   1.088118e-02  -1.813269e-02   9.997764e-01]
U=[ ...        
   1.052781e+00   3.526885e-02   1.955583e-02;
   3.526885e-02   1.019227e+00  -1.050567e-03;
   1.955583e-02  -1.050567e-03   9.866477e-01]
l=[ ...        
  -8.184512e-03   5.008414e-02  -2.040914e-02;
  -8.555133e-02  -3.019266e-02  -5.360205e-02;
  -2.065940e-02  -3.167988e-02  -3.130778e-02]
d=[ ...        
  -8.184512e-03  -1.773360e-02  -2.053427e-02;
  -1.773360e-02  -3.019266e-02  -4.264097e-02;
  -2.053427e-02  -4.264097e-02  -3.130778e-02]
     iteration=          20999       process=              5       (i,j,k)=              1              0              1       (x,y,z)=   1.497359e-02   5.007823e-03   1.375173e-02     particles=             43
fabric=[ ...   
   3.485641e-01   1.586177e-03   1.999887e-02;
   1.586177e-03   3.607061e-01  -4.740901e-02;
   1.999887e-02  -4.740901e-02   2.907298e-01]
sigma=[ ...    
  -1.590426e+03   1.212178e+02  -2.913139e+02;
   2.717348e+02  -2.179653e+03   2.569809e+01;
  -3.007857e+02   8.518740e+01  -2.261464e+03]
sigmaDot=[ ... 
   1.050337e+06  -2.888610e+06   1.064017e+07;
  -5.734163e+04  -1.596649e+06   1.181389e+06;
   4.266793e+06   7.349851e+06   1.215731e+06]
intgraE=[ ...  
   5.166470e-04   7.957463e-03   3.305331e-02;
   7.957463e-03   1.777758e-02  -3.098573e-02;
   3.305331e-02  -3.098573e-02  -2.054739e-02]
E=[ ...        
   2.113127e-03   9.637106e-03   6.305380e-03;
   9.637106e-03   1.666505e-02  -7.633213e-03;
   6.305380e-03  -7.633213e-03  -9.573194e-02]
e=[ ...        
   7.346079e-04   9.967575e-03   1.262000e-02;
   9.967575e-03   1.541949e-02  -1.272997e-02;
   1.262000e-02  -1.272997e-02  -1.172164e-01]
intgraF=[ ...  
   9.984018e-01  -1.126001e-02   9.803923e-03;
   2.945023e-02   1.016431e+00  -1.470965e-02;
   5.796432e-02  -4.791216e-02   9.790775e-01]
F=[ ...        
   1.000745e+00  -3.129712e-03  -2.964978e-02;
   2.380214e-02   1.015811e+00   1.854201e-02;
   4.656764e-02  -3.805695e-02   8.985061e-01]
R=[ ...        
   9.990972e-01  -1.280975e-02  -4.050572e-02;
   1.400705e-02   9.994692e-01   2.941442e-02;
   4.010743e-02  -2.995523e-02   9.987463e-01]
U=[ ...        
   1.002043e+00   9.575264e-03   6.673469e-03;
   9.575264e-03   1.016452e+00  -8.002978e-03;
   6.673469e-03  -8.002978e-03   8.991260e-01]
l=[ ...        
  -4.857871e-02  -9.644360e-02   2.790371e-01;
   1.089684e-01  -2.653903e-02  -7.327048e-02;
   1.384264e-01  -2.134059e-02   1.964680e-01]
d=[ ...        
  -4.857871e-02   6.262395e-03   2.087318e-01;
   6.262395e-03  -2.653903e-02  -4.730554e-02;
   2.087318e-01  -4.730554e-02   1.964680e-01]
     iteration=          20999       process=              6       (i,j,k)=              1              1              0       (x,y,z)=   1.497359e-02   1.499757e-02   4.586414e-03     particles=             57
fabric=[ ...   
   2.877886e-01   2.179628e-03  -2.300033e-02;
   2.179628e-03   3.529118e-01  -4.662244e-02;
  -2.300033e-02  -4.662244e-02   3.592996e-01]
sigma=[ ...    
  -1.204275e+03  -2.083384e+02   3.227758e+02;
  -2.509545e+02  -2.333687e+03   1.036194e+02;
   3.536307e+02   1.548437e+02  -1.318010e+03]
sigmaDot=[ ... 
   1.506772e+06   3.378839e+05   3.788363e+06;
  -7.862669e+06   1.237854e+06   2.209684e+06;
   1.030138e+06   6.890916e+06  -1.329163e+05]
intgraE=[ ...  
  -2.652449e-02   6.061334e-04   9.451213e-03;
   6.061334e-04  -2.326772e-02   1.737182e-02;
   9.451213e-03   1.737182e-02  -3.226943e-02]
E=[ ...        
  -4.563482e-03  -5.667298e-03   2.502772e-03;
  -5.667298e-03  -2.171344e-02   1.384606e-02;
   2.502772e-03   1.384606e-02  -1.546713e-02]
e=[ ...        
  -4.904541e-03  -6.442717e-03   3.143719e-03;
  -6.442717e-03  -2.286947e-02   1.490847e-02;
   3.143719e-03   1.490847e-02  -1.652299e-02]
intgraF=[ ...  
   9.728475e-01   7.090372e-03  -2.233303e-03;
  -5.929823e-03   9.764178e-01   3.089872e-02;
   2.199069e-02   4.747527e-03   9.666961e-01]
F=[ ...        
   9.951562e-01   4.525056e-03  -1.090172e-02;
  -1.632023e-02   9.780063e-01   2.080952e-02;
   1.645520e-02   7.508766e-03   9.841310e-01]
R=[ ...        
   9.998468e-01   1.071845e-02  -1.383938e-02;
  -1.062477e-02   9.999203e-01   6.824955e-03;
   1.391143e-02  -6.676869e-03   9.998809e-01]
U=[ ...        
   9.954061e-01  -5.762271e-03   2.569518e-03;
  -5.762271e-03   9.779267e-01   1.412010e-02;
   2.569518e-03   1.412010e-02   9.843067e-01]
l=[ ...        
  -1.423225e-01   5.183785e-01  -1.135436e-01;
   3.400620e-01  -9.056453e-02   2.814963e-01;
  -5.396488e-02   2.491834e-02  -1.588276e-01]
d=[ ...        
  -1.423225e-01   4.292202e-01  -8.375425e-02;
   4.292202e-01  -9.056453e-02   1.532073e-01;
  -8.375425e-02   1.532073e-01  -1.588276e-01]
     iteration=          20999       process=              7       (i,j,k)=              1              1              1       (x,y,z)=   1.497359e-02   1.499757e-02   1.375173e-02     particles=             53
fabric=[ ...   
   4.316322e-01  -3.099985e-03  -2.344661e-02;
  -3.099985e-03   2.456779e-01  -2.450539e-02;
  -2.344661e-02  -2.450539e-02   3.226899e-01]
sigma=[ ...    
  -1.420218e+02   2.969703e+01  -1.990407e+01;
   2.972063e+01  -3.678099e+01   1.185052e+01;
   6.963281e+00   1.510484e+01  -1.199165e+02]
sigmaDot=[ ... 
   2.608506e+05  -9.712287e+04   6.402971e+05;
   7.520657e+04  -4.428277e+04  -5.804739e+04;
   2.612762e+05  -2.889180e+03   4.004196e+05]
intgraE=[ ...  
   1.066002e-02  -3.725984e-03  -1.136138e-02;
  -3.725984e-03  -2.184394e-02  -2.400781e-03;
  -1.136138e-02  -2.400781e-03   2.584221e-02]
E=[ ...        
   2.222303e-02  -8.910297e-03  -2.324678e-02;
  -8.910297e-03  -4.391152e-02  -8.437314e-03;
  -2.324678e-02  -8.437314e-03   1.053956e-02]
e=[ ...        
   2.146236e-02  -8.979586e-03  -2.167295e-02;
  -8.979586e-03  -4.847934e-02  -1.026862e-02;
  -2.167295e-02  -1.026862e-02   7.803786e-03]
intgraF=[ ...  
   1.010565e+00  -8.845127e-03  -3.138309e-02;
   1.609523e-03   9.778215e-01   5.238240e-03;
   8.764133e-03  -9.952181e-03   1.025023e+00]
F=[ ...        
   1.021959e+00  -1.420296e-02  -5.124419e-02;
  -3.445051e-03   9.549700e-01  -1.553473e-02;
   5.770094e-03  -2.742390e-03   1.009065e+00]
R=[ ...        
   9.995897e-01  -5.586110e-03  -2.809481e-02;
   5.401280e-03   9.999633e-01  -6.650371e-03;
   2.813092e-02   6.495894e-03   9.995831e-01]
U=[ ...        
   1.021684e+00  -9.116219e-03  -2.292115e-02;
  -9.116219e-03   9.549965e-01  -8.693122e-03;
  -2.292115e-02  -8.693122e-03   1.010187e+00]
l=[ ...        
  -4.133242e-02  -3.521246e-02  -2.987645e-02;
  -2.640258e-02   1.582350e-03  -2.680067e-01;
  -3.416482e-01  -6.935123e-02  -1.834507e-01]
d=[ ...        
  -4.133242e-02  -3.080752e-02  -1.857623e-01;
  -3.080752e-02   1.582350e-03  -1.686790e-01;
  -1.857623e-01  -1.686790e-01  -1.834507e-01]
