     iteration=           2999       process=              0       (i,j,k)=              0              0              0       (x,y,z)=   5.003770e-03   5.002884e-03   4.807529e-03     particles=             76
fabric=[ ...   
   4.242803e-01   5.647689e-02   1.865738e-02;
   5.647689e-02   2.864683e-01   3.030499e-03;
   1.865738e-02   3.030499e-03   2.892514e-01]
sigma=[ ...    
  -1.444003e+03  -2.707861e+02  -2.920800e+02;
  -5.141631e+02  -5.634204e+02   1.815615e+01;
  -3.762209e+02  -2.925565e+02  -6.015453e+02]
sigmaDot=[ ... 
   1.370900e+05  -1.151912e+05   3.813568e+06;
   1.322904e+06   7.958820e+05   8.530440e+05;
   3.440652e+06  -2.964212e+04   2.018821e+06]
intgraE=[ ...  
  -2.469850e-03   5.364651e-04  -2.001883e-03;
   5.364651e-04   5.527178e-04  -9.154213e-05;
  -2.001883e-03  -9.154213e-05  -2.717041e-03]
E=[ ...        
  -1.869724e-03   4.089206e-04  -1.421799e-03;
   4.089206e-04   5.955744e-04   3.496109e-05;
  -1.421799e-03   3.496109e-05  -1.775022e-03]
e=[ ...        
  -1.880574e-03   4.079602e-04  -1.432725e-03;
   4.079602e-04   5.947996e-04   3.348555e-05;
  -1.432725e-03   3.348555e-05  -1.786300e-03]
intgraF=[ ...  
   9.975249e-01   3.884319e-04  -2.036815e-03;
   6.818887e-04   1.000551e+00   1.427551e-03;
  -1.978354e-03  -1.615030e-03   9.972762e-01]
F=[ ...        
   9.981277e-01   1.668229e-04  -1.700101e-03;
   6.497796e-04   1.000595e+00   1.080826e-03;
  -1.149427e-03  -1.013065e-03   9.982214e-01]
R=[ ...        
   9.999999e-01  -2.422302e-04  -2.761774e-04;
   2.425194e-04   9.999994e-01   1.047761e-03;
   2.759234e-04  -1.047828e-03   9.999994e-01]
U=[ ...        
   9.981274e-01   4.092070e-04  -1.424406e-03;
   4.092070e-04   1.000595e+00   3.527338e-05;
  -1.424406e-03   3.527338e-05   9.982224e-01]
l=[ ...        
  -1.660144e-01   8.370251e-02  -1.431314e-01;
   1.505556e-01   2.523617e-01   9.623584e-02;
  -2.790210e-01  -2.496848e-01  -2.734490e-01]
d=[ ...        
  -1.660144e-01   1.171291e-01  -2.110762e-01;
   1.171291e-01   2.523617e-01  -7.672449e-02;
  -2.110762e-01  -7.672449e-02  -2.734490e-01]
     iteration=           2999       process=              1       (i,j,k)=              0              0              1       (x,y,z)=   5.003770e-03   5.002884e-03   1.440773e-02     particles=             50
fabric=[ ...   
   2.543386e-01   8.206019e-02   6.439188e-02;
   8.206019e-02   4.655061e-01  -1.761206e-01;
   6.439188e-02  -1.761206e-01   2.801553e-01]
sigma=[ ...    
  -1.057360e+02   4.387365e+01  -1.697491e+01;
   5.991704e+01  -1.048766e+02   6.983322e+01;
  -7.796703e+00   4.982727e+01  -5.946592e+01]
sigmaDot=[ ... 
  -6.268714e+06   9.717793e+06  -2.475029e+06;
   1.241122e+07  -7.559972e+06   8.636912e+06;
  -2.367821e+06   4.045579e+06  -7.722292e+06]
intgraE=[ ...  
  -8.954759e-03  -1.661593e-03  -3.687442e-03;
  -1.661593e-03   4.907731e-03  -5.933433e-03;
  -3.687442e-03  -5.933433e-03   9.310158e-03]
E=[ ...        
  -5.573112e-03  -6.160001e-04  -2.423412e-03;
  -6.160001e-04   1.270104e-03  -3.320450e-03;
  -2.423412e-03  -3.320450e-03   6.448734e-03]
e=[ ...        
  -5.654922e-03  -6.426865e-04  -2.407306e-03;
  -6.426865e-04   1.244145e-03  -3.272396e-03;
  -2.407306e-03  -3.272396e-03   6.340157e-03]
intgraF=[ ...  
   9.909653e-01  -3.763353e-03   1.560048e-03;
   3.532934e-04   1.004872e+00  -5.989996e-03;
  -8.836995e-03  -5.788285e-03   1.009248e+00]
F=[ ...        
   9.944041e-01  -7.451994e-04  -1.075334e-03;
  -5.028268e-04   1.001263e+00  -3.289678e-03;
  -3.755047e-03  -3.326505e-03   1.006422e+00]
R=[ ...        
   9.999991e-01  -1.192651e-04   1.339109e-03;
   1.192397e-04   1.000000e+00   1.898249e-05;
  -1.339112e-03  -1.882280e-05   9.999991e-01]
U=[ ...        
   9.944081e-01  -6.213538e-04  -2.423437e-03;
  -6.213538e-04   1.001264e+00  -3.308493e-03;
  -2.423437e-03  -3.308493e-03   1.006420e+00]
l=[ ...        
  -8.496156e-01  -4.248657e-01   2.490009e-01;
   6.799378e-02   6.333487e-01  -6.469579e-01;
  -7.638707e-01  -5.919233e-01   9.182311e-01]
d=[ ...        
  -8.496156e-01  -1.784360e-01  -2.574349e-01;
  -1.784360e-01   6.333487e-01  -6.194406e-01;
  -2.574349e-01  -6.194406e-01   9.182311e-01]
     iteration=           2999       process=              2       (i,j,k)=              0              1              0       (x,y,z)=   5.003770e-03   1.499610e-02   4.807529e-03     particles=             74
fabric=[ ...   
   3.527858e-01  -2.053895e-02  -4.142024e-02;
  -2.053895e-02   3.080365e-01   1.452676e-02;
  -4.142024e-02   1.452676e-02   3.391777e-01]
sigma=[ ...    
  -2.582784e+02   2.208371e+02   2.349336e+02;
   7.129146e+01  -3.170681e+02  -2.001823e+02;
   1.560338e+02  -1.165421e+02  -2.395996e+02]
sigmaDot=[ ... 
  -6.320737e+05  -3.538152e+06  -8.987698e+06;
  -6.435946e+06   2.977158e+06  -1.318311e+06;
  -1.192228e+06  -1.580573e+06   1.858632e+05]
intgraE=[ ...  
  -1.864745e-04   1.231949e-03  -9.383026e-04;
   1.231949e-03  -1.763595e-03   8.524476e-04;
  -9.383026e-04   8.524476e-04  -1.275140e-03]
E=[ ...        
  -1.364357e-04   8.675234e-04  -4.013522e-04;
   8.675234e-04  -1.573768e-03   4.517690e-04;
  -4.013522e-04   4.517690e-04  -1.029749e-03]
e=[ ...        
  -1.392410e-04   8.715131e-04  -4.036700e-04;
   8.715131e-04  -1.579853e-03   4.544808e-04;
  -4.036700e-04   4.544808e-04  -1.032489e-03]
intgraF=[ ...  
   9.998104e-01   2.910306e-04  -6.677108e-04;
   2.177535e-03   9.982346e-01   1.074284e-03;
  -1.212909e-03   6.335110e-04   9.987232e-01]
F=[ ...        
   9.998625e-01   4.807240e-04  -8.460349e-05;
   1.256587e-03   9.984248e-01   6.006104e-04;
  -7.196088e-04   3.042278e-04   9.989695e-01]
R=[ ...        
   9.999999e-01  -3.883893e-04   3.176828e-04;
   3.883422e-04   9.999999e-01   1.483863e-04;
  -3.177404e-04  -1.482629e-04   9.999999e-01]
U=[ ...        
   9.998631e-01   8.683577e-04  -4.017832e-04;
   8.683577e-04   9.984245e-01   4.525331e-04;
  -4.017832e-04   4.525331e-04   9.989695e-01]
l=[ ...        
   6.316023e-03  -3.738151e-03  -1.298366e-01;
   4.442283e-01  -1.710537e-01   1.966658e-01;
  -1.966229e-01   1.222207e-01  -1.729190e-01]
d=[ ...        
   6.316023e-03   2.202451e-01  -1.632297e-01;
   2.202451e-01  -1.710537e-01   1.594433e-01;
  -1.632297e-01   1.594433e-01  -1.729190e-01]
     iteration=           2999       process=              3       (i,j,k)=              0              1              1       (x,y,z)=   5.003770e-03   1.499610e-02   1.440773e-02     particles=             43
fabric=[ ...   
   3.833776e-01  -3.181877e-02  -6.033373e-02;
  -3.181877e-02   3.919298e-01  -5.789245e-02;
  -6.033373e-02  -5.789245e-02   2.246925e-01]
sigma=[ ...    
  -2.062674e+03   1.997249e+03   9.459671e+02;
   1.180446e+03  -2.800462e+03  -3.558833e+02;
   9.963625e+02   9.915316e+01  -1.503847e+03]
sigmaDot=[ ... 
  -2.094603e+07   4.736725e+07  -1.824998e+07;
   2.206872e+07  -2.165471e+07   4.510954e+06;
  -6.046700e+06  -4.869321e+06  -2.989020e+07]
intgraE=[ ...  
  -2.959352e-03   1.804812e-03  -6.355395e-04;
   1.804812e-03  -1.140705e-03   8.968165e-04;
  -6.355395e-04   8.968165e-04  -3.459173e-03]
E=[ ...        
  -2.539387e-03   1.273792e-03  -7.929327e-05;
   1.273792e-03  -9.028912e-04   3.314727e-04;
  -7.929327e-05   3.314727e-04  -2.583135e-03]
e=[ ...        
  -2.557160e-03   1.281995e-03  -8.020811e-05;
   1.281995e-03  -9.070973e-04   3.345470e-04;
  -8.020811e-05   3.345470e-04  -2.596195e-03]
intgraF=[ ...  
   9.970325e-01   1.264550e-03   1.409179e-04;
   2.353888e-03   9.988564e-01   1.265928e-04;
  -1.416786e-03   1.672803e-03   9.965348e-01]
F=[ ...        
   9.974555e-01   7.206404e-04   4.528623e-04;
   1.831096e-03   9.990959e-01  -4.194978e-04;
  -6.111091e-04   1.084543e-03   9.974133e-01]
R=[ ...        
   9.999997e-01  -5.560443e-04   5.341381e-04;
   5.564467e-04   9.999996e-01  -7.535055e-04;
  -5.337189e-04   7.538025e-04   9.999996e-01]
U=[ ...        
   9.974566e-01   1.276005e-03  -7.970961e-05;
   1.276005e-03   9.990958e-01   3.321032e-04;
  -7.970961e-05   3.321032e-04   9.974135e-01]
l=[ ...        
  -2.602449e-01   1.702293e-01  -1.448660e-02;
   2.588514e-01  -1.513094e-01   1.547253e-01;
  -1.628255e-01   2.047612e-01  -7.697946e-01]
d=[ ...        
  -2.602449e-01   2.145404e-01  -8.865603e-02;
   2.145404e-01  -1.513094e-01   1.797432e-01;
  -8.865603e-02   1.797432e-01  -7.697946e-01]
     iteration=           2999       process=              4       (i,j,k)=              1              0              0       (x,y,z)=   1.499665e-02   5.002884e-03   4.807529e-03     particles=             72
fabric=[ ...   
   2.640025e-01   4.538553e-03   4.388712e-02;
   4.538553e-03   3.021891e-01   2.236282e-02;
   4.388712e-02   2.236282e-02   4.338084e-01]
sigma=[ ...    
  -1.535596e+03   1.154052e+02   3.083905e+02;
   1.409898e+02  -1.407588e+03  -5.530197e+02;
   2.669240e+02  -4.557178e+02  -4.121881e+03]
sigmaDot=[ ... 
  -1.108954e+07   2.375456e+06  -3.590742e+06;
  -4.392033e+06   2.264278e+06  -2.847193e+06;
   5.290278e+05  -6.111542e+06  -1.681908e+07]
intgraE=[ ...  
   2.267335e-03  -3.239439e-04   2.435456e-03;
  -3.239439e-04   2.593720e-03  -1.156540e-03;
   2.435456e-03  -1.156540e-03  -1.136964e-02]
E=[ ...        
   1.419883e-03  -1.592019e-04   1.491207e-03;
  -1.592019e-04   1.254889e-03  -4.876303e-04;
   1.491207e-03  -4.876303e-04  -6.222015e-03]
e=[ ...        
   1.403685e-03  -1.517634e-04   1.524401e-03;
  -1.517634e-04   1.248796e-03  -5.137477e-04;
   1.524401e-03  -5.137477e-04  -6.295378e-03]
intgraF=[ ...  
   1.002239e+00   8.019942e-04  -2.132048e-03;
  -1.403015e-03   1.002570e+00   3.956740e-03;
   7.094483e-03  -6.350968e-03   9.885548e-01]
F=[ ...        
   1.001411e+00   6.612383e-04  -9.309446e-04;
  -9.669528e-04   1.001249e+00   2.152780e-03;
   3.941365e-03  -3.149782e-03   9.937557e-01]
R=[ ...        
   9.999967e-01   8.176444e-04  -2.440550e-03;
  -8.111538e-04   9.999961e-01   2.659323e-03;
   2.442715e-03  -2.657335e-03   9.999935e-01]
U=[ ...        
   1.001418e+00  -1.586247e-04   1.494775e-03;
  -1.586247e-04   1.001254e+00  -4.887308e-04;
   1.494775e-03  -4.887308e-04   9.937573e-01]
l=[ ...        
   2.924299e-01   9.786358e-02  -3.280040e-01;
  -1.628085e-01   4.220270e-01   4.031893e-01;
   9.158794e-01  -9.741405e-01  -1.189547e+00]
d=[ ...        
   2.924299e-01  -3.247246e-02   2.939377e-01;
  -3.247246e-02   4.220270e-01  -2.854756e-01;
   2.939377e-01  -2.854756e-01  -1.189547e+00]
     iteration=           2999       process=              5       (i,j,k)=              1              0              1       (x,y,z)=   1.499665e-02   5.002884e-03   1.440773e-02     particles=             43
fabric=[ ...   
   2.381702e-01  -4.256631e-02   3.124318e-03;
  -4.256631e-02   3.829225e-01  -8.175001e-02;
   3.124318e-03  -8.175001e-02   3.789073e-01]
sigma=[ ...    
  -1.557711e+03   2.276990e+01   1.631071e+03;
   9.403898e+02  -3.927805e+03   1.967600e+03;
   4.669764e+02   2.176163e+03  -4.423738e+03]
sigmaDot=[ ... 
   1.652894e+07   2.694415e+07   3.870909e+06;
   2.072119e+07   4.869104e+07   9.371338e+05;
  -2.413758e+07  -5.728456e+06   6.358688e+07]
intgraE=[ ...  
   4.892503e-03  -1.677495e-03   8.590115e-03;
  -1.677495e-03   2.266033e-03  -3.731697e-03;
   8.590115e-03  -3.731697e-03   1.067715e-02]
E=[ ...        
   3.110346e-03  -6.778853e-04   5.847793e-03;
  -6.778853e-04   1.884368e-03  -6.181785e-04;
   5.847793e-03  -6.181785e-04  -1.204719e-02]
e=[ ...        
   2.990955e-03  -6.779129e-04   5.995218e-03;
  -6.779129e-04   1.877186e-03  -5.754414e-04;
   5.995218e-03  -5.754414e-04  -1.238829e-02]
intgraF=[ ...  
   1.004751e+00  -3.061214e-03   8.819347e-04;
  -2.464632e-04   1.002257e+00  -5.429168e-03;
   1.612178e-02  -1.998083e-03   1.010606e+00]
F=[ ...        
   1.003069e+00  -2.086146e-03   3.236973e-03;
   7.161206e-04   1.001878e+00  -3.453132e-03;
   8.554940e-03   2.257399e-03   9.878680e-01]
R=[ ...        
   9.999954e-01  -1.410758e-03  -2.670454e-03;
   1.403074e-03   9.999949e-01  -2.876924e-03;
   2.674499e-03   2.873164e-03   9.999923e-01]
U=[ ...        
   1.003088e+00  -6.743902e-04   5.874165e-03;
  -6.743902e-04   1.001882e+00  -6.193739e-04;
   5.874165e-03  -6.193739e-04   9.878617e-01]
l=[ ...        
   7.242243e-01  -2.804165e-01  -8.437150e-02;
  -2.206757e-01   2.836901e-01  -6.728590e-01;
   1.527428e+00  -2.805860e-01   1.527873e+00]
d=[ ...        
   7.242243e-01  -2.505461e-01   7.215282e-01;
  -2.505461e-01   2.836901e-01  -4.767225e-01;
   7.215282e-01  -4.767225e-01   1.527873e+00]
     iteration=           2999       process=              6       (i,j,k)=              1              1              0       (x,y,z)=   1.499665e-02   1.499610e-02   4.807529e-03     particles=             57
fabric=[ ...   
   3.622048e-01  -5.037896e-03   2.834218e-02;
  -5.037896e-03   3.164736e-01  -9.362923e-02;
   2.834218e-02  -9.362923e-02   3.213215e-01]
sigma=[ ...    
  -6.628607e+01   5.025635e+01   2.293279e+01;
   1.103903e-01  -1.619816e+02   4.262173e+01;
   5.714515e+01   2.310645e+01  -7.547594e+01]
sigmaDot=[ ... 
   6.328836e+05   1.965876e+05  -6.010489e+04;
   2.604233e+05   8.317020e+05  -1.647715e+06;
  -2.198520e+05  -1.818121e+06   2.097426e+06]
intgraE=[ ...  
  -1.039904e-03  -2.603117e-03   1.475865e-03;
  -2.603117e-03  -5.180466e-03   2.518530e-03;
   1.475865e-03   2.518530e-03  -1.938738e-03]
E=[ ...        
  -1.109127e-03  -1.376741e-03   7.993922e-04;
  -1.376741e-03  -2.560953e-03   1.159313e-03;
   7.993922e-04   1.159313e-03  -1.626659e-03]
e=[ ...        
  -1.117947e-03  -1.390589e-03   8.059972e-04;
  -1.390589e-03  -2.583541e-03   1.169034e-03;
   8.059972e-04   1.169034e-03  -1.631929e-03]
intgraF=[ ...  
   9.989510e-01  -2.637074e-03  -2.523911e-04;
  -2.599996e-03   9.947923e-01   5.236203e-04;
   3.211450e-03   4.524281e-03   9.980592e-01]
F=[ ...        
   9.988878e-01  -1.571520e-03  -2.870635e-04;
  -1.190811e-03   9.974322e-01   1.808598e-04;
   1.888819e-03   2.141265e-03   9.983720e-01]
R=[ ...        
   9.999994e-01  -1.910011e-04  -1.089908e-03;
   1.899295e-04   9.999995e-01  -9.831968e-04;
   1.090096e-03   9.829892e-04   9.999989e-01]
U=[ ...        
   9.988890e-01  -1.379743e-03   8.012918e-04;
  -1.379743e-03   9.974341e-01   1.162303e-03;
   8.012918e-04   1.162303e-03   9.983710e-01]
l=[ ...        
  -1.366963e-01  -3.333893e-01  -3.727724e-02;
  -3.708988e-01  -5.491071e-01   3.694486e-02;
   5.190045e-01   4.623718e-01  -1.694121e-01]
d=[ ...        
  -1.366963e-01  -3.521440e-01   2.408636e-01;
  -3.521440e-01  -5.491071e-01   2.496583e-01;
   2.408636e-01   2.496583e-01  -1.694121e-01]
     iteration=           2999       process=              7       (i,j,k)=              1              1              1       (x,y,z)=   1.499665e-02   1.499610e-02   1.440773e-02     particles=             50
fabric=[ ...   
   4.597160e-01  -3.968242e-02   6.663765e-02;
  -3.968242e-02   4.271719e-01  -4.754926e-02;
   6.663765e-02  -4.754926e-02   1.131122e-01]
sigma=[ ...    
  -1.081097e+03  -3.074700e+02  -3.494574e+02;
  -2.047953e+02  -1.210649e+03   3.455076e+02;
  -1.985203e+02  -4.597852e+01  -2.343028e+02]
sigmaDot=[ ... 
   6.649894e+06  -4.618667e+07   1.516577e+07;
  -2.936949e+07  -2.540170e+07   7.602871e+06;
   3.107702e+06  -6.189869e+07   7.928854e+06]
intgraE=[ ...  
   2.455090e-03   3.204631e-04  -1.785831e-03;
   3.204631e-04  -3.314741e-03  -2.643370e-03;
  -1.785831e-03  -2.643370e-03  -1.517827e-02]
E=[ ...        
   1.565506e-03   1.284478e-04  -2.671211e-03;
   1.284478e-04  -4.438274e-04  -1.006465e-03;
  -2.671211e-03  -1.006465e-03  -1.858984e-02]
e=[ ...        
   1.551456e-03   1.271449e-04  -2.743325e-03;
   1.271449e-04  -4.442932e-04  -1.028860e-03;
  -2.743325e-03  -1.028860e-03  -1.933288e-02]
intgraF=[ ...  
   1.002452e+00   1.339077e-03  -2.960433e-03;
  -7.042463e-04   9.966786e-01  -4.541826e-03;
  -6.166101e-04  -7.677896e-04   9.846898e-01]
F=[ ...        
   1.001563e+00  -3.136076e-04  -3.710096e-03;
   5.711252e-04   9.995560e-01  -1.942855e-03;
  -1.656519e-03  -7.348081e-05   9.812251e-01]
R=[ ...        
   9.999994e-01  -4.418643e-04  -1.035656e-03;
   4.408874e-04   9.999995e-01  -9.433185e-04;
   1.036072e-03   9.428613e-04   9.999990e-01]
U=[ ...        
   1.001561e+00   1.270082e-04  -2.694330e-03;
   1.270082e-04   9.995555e-01  -1.016056e-03;
  -2.694330e-03  -1.016056e-03   9.812299e-01]
l=[ ...        
   2.681785e-01   1.732552e-01  -5.744604e-01;
  -2.431082e-01  -3.417217e-01  -5.210932e-01;
  -2.241290e-02  -3.460938e-01   2.417463e-01]
d=[ ...        
   2.681785e-01  -3.492649e-02  -2.984367e-01;
  -3.492649e-02  -3.417217e-01  -4.335935e-01;
  -2.984367e-01  -4.335935e-01   2.417463e-01]
