     iteration=          12999       process=              0       (i,j,k)=              0              0              0       (x,y,z)=   4.992277e-03   5.003558e-03   4.597030e-03     particles=             75
fabric=[ ...   
   3.648909e-01   1.963518e-02  -6.913909e-05;
   1.963518e-02   2.923931e-01   7.280574e-02;
  -6.913909e-05   7.280574e-02   3.427160e-01]
sigma=[ ...    
  -3.130928e+03   3.093842e+01  -3.827135e+02;
   8.846373e+01  -1.647660e+03  -6.832142e+02;
  -4.838370e+02  -6.289453e+02  -3.280311e+03]
sigmaDot=[ ... 
  -8.107553e+05  -3.128190e+06   2.836675e+06;
   7.398395e+06  -3.092689e+06  -3.068374e+06;
   3.039098e+06   4.482933e+06  -3.749420e+06]
intgraE=[ ...  
  -1.549034e-03   8.428175e-03  -1.044578e-02;
   8.428175e-03   5.824627e-03  -8.125782e-03;
  -1.044578e-02  -8.125782e-03  -2.408458e-02]
E=[ ...        
  -5.503247e-03   9.262767e-03  -1.338017e-02;
   9.262767e-03   6.023127e-03  -8.399971e-03;
  -1.338017e-02  -8.399971e-03  -2.103582e-02]
e=[ ...        
  -6.073571e-03   8.974054e-03  -1.403951e-02;
   8.974054e-03   5.520768e-03  -8.551872e-03;
  -1.403951e-02  -8.551872e-03  -2.241066e-02]
intgraF=[ ...  
   9.983828e-01   9.888836e-03  -1.177932e-02;
   6.784980e-03   1.005613e+00   5.760914e-04;
  -9.364173e-03  -1.713337e-02   9.755469e-01]
F=[ ...        
   9.943649e-01   1.082052e-02  -1.386629e-02;
   7.534881e-03   1.005848e+00  -2.801700e-03;
  -1.323380e-02  -1.413377e-02   9.786359e-01]
R=[ ...        
   9.999987e-01   1.603528e-03  -3.356417e-04;
  -1.601589e-03   9.999825e-01   5.701142e-03;
   3.447778e-04  -5.700597e-03   9.999837e-01]
U=[ ...        
   9.943470e-01   9.204682e-03  -1.352438e-02;
   9.204682e-03   1.005928e+00  -8.402695e-03;
  -1.352438e-02  -8.402695e-03   9.786086e-01]
l=[ ...        
   1.256788e-01   1.518611e-01  -1.133982e-01;
   1.251511e-01   3.463512e-02  -2.128128e-01;
  -1.702071e-01  -4.587220e-02  -3.808934e-01]
d=[ ...        
   1.256788e-01   1.385061e-01  -1.418026e-01;
   1.385061e-01   3.463512e-02  -1.293425e-01;
  -1.418026e-01  -1.293425e-01  -3.808934e-01]
     iteration=          12999       process=              1       (i,j,k)=              0              0              1       (x,y,z)=   4.992277e-03   5.003558e-03   1.379786e-02     particles=             53
fabric=[ ...   
   3.269933e-01  -6.709059e-02  -1.662433e-03;
  -6.709059e-02   3.245237e-01   3.653430e-02;
  -1.662433e-03   3.653430e-02   3.484830e-01]
sigma=[ ...    
  -3.733547e+03   6.026374e+02  -7.199670e+02;
   6.672440e+02  -2.359657e+03  -2.154175e+02;
  -7.125612e+02  -1.882676e+02  -3.630794e+03]
sigmaDot=[ ... 
  -2.492859e+06   2.129552e+06  -9.970980e+06;
  -1.044731e+07  -4.080505e+06   3.845295e+06;
   3.217040e+06  -3.111113e+06  -7.111823e+06]
intgraE=[ ...  
  -1.779443e-02   4.857978e-03   3.084576e-03;
   4.857978e-03   1.054177e-02  -4.108428e-02;
   3.084576e-03  -4.108428e-02   4.467157e-02]
E=[ ...        
  -6.372089e-03   1.175907e-02   5.447667e-03;
   1.175907e-02  -1.074131e-02  -4.160013e-02;
   5.447667e-03  -4.160013e-02   7.878592e-02]
e=[ ...        
  -6.235050e-03   1.208443e-02   5.892366e-03;
   1.208443e-02  -1.583848e-02  -3.628460e-02;
   5.892366e-03  -3.628460e-02   6.616108e-02]
intgraF=[ ...  
   9.820419e-01   7.921642e-03   7.634957e-03;
   1.840961e-03   1.008410e+00  -1.502837e-02;
  -1.246698e-03  -6.427326e-02   1.043580e+00]
F=[ ...        
   9.935597e-01   2.820520e-02   1.987023e-02;
  -5.018357e-03   9.873321e-01  -2.620914e-02;
  -8.348926e-03  -5.382505e-02   1.075402e+00]
R=[ ...        
   9.997575e-01   1.699306e-02   1.400453e-02;
  -1.717857e-02   9.997648e-01   1.323460e-02;
  -1.377634e-02  -1.347197e-02   9.998143e-01]
U=[ ...        
   9.935200e-01   1.197892e-02   5.500542e-03;
   1.197892e-02   9.883044e-01  -4.035311e-02;
   5.500542e-03  -4.035311e-02   1.075134e+00]
l=[ ...        
   6.871125e-02   4.191811e-01   5.349603e-01;
  -2.449482e-01  -1.545754e-02  -1.455926e-01;
   1.367175e-01  -7.791235e-01   7.005723e-01]
d=[ ...        
   6.871125e-02   8.711643e-02   3.358389e-01;
   8.711643e-02  -1.545754e-02  -4.623581e-01;
   3.358389e-01  -4.623581e-01   7.005723e-01]
     iteration=          12999       process=              2       (i,j,k)=              0              1              0       (x,y,z)=   4.992277e-03   1.500230e-02   4.597030e-03     particles=             70
fabric=[ ...   
   2.677931e-01  -2.487969e-02  -2.981070e-02;
  -2.487969e-02   2.787604e-01  -2.166737e-02;
  -2.981070e-02  -2.166737e-02   4.534465e-01]
sigma=[ ...    
  -1.459714e+03   1.234496e+02   5.727380e+02;
   6.184455e+01  -1.220399e+03   6.916717e+02;
   5.865460e+02   6.703082e+02  -4.514870e+03]
sigmaDot=[ ... 
  -4.048241e+06  -8.273486e+05  -7.787379e+04;
   1.927958e+06   1.508686e+05   3.754988e+05;
  -1.950857e+06  -4.452610e+06   2.486383e+06]
intgraE=[ ...  
   1.401216e-02   2.663674e-04  -4.681472e-03;
   2.663674e-04  -1.040346e-02   4.499927e-03;
  -4.681472e-03   4.499927e-03  -2.013264e-02]
E=[ ...        
   3.766234e-02   3.716951e-03  -1.724865e-03;
   3.716951e-03  -2.160937e-03   8.811503e-03;
  -1.724865e-03   8.811503e-03  -1.590025e-02]
e=[ ...        
   3.489416e-02   3.897721e-03  -2.301588e-03;
   3.897721e-03  -2.294108e-03   9.100702e-03;
  -2.301588e-03   9.100702e-03  -1.655944e-02]
intgraF=[ ...  
   1.013724e+00  -9.472086e-03   6.943240e-03;
   1.034142e-02   9.894793e-01   3.390302e-03;
  -1.677831e-02   5.829740e-03   9.796300e-01]
F=[ ...        
   1.036839e+00  -4.453321e-03   7.851309e-03;
   1.218172e-02   9.977888e-01   9.115104e-03;
  -1.189281e-02   8.703162e-03   9.838977e-01]
R=[ ...        
   9.999181e-01  -8.219394e-03   9.805000e-03;
   8.217461e-03   9.999662e-01   2.374132e-04;
  -9.806620e-03  -1.568216e-04   9.999519e-01]
U=[ ...        
   1.036971e+00   3.660986e-03  -1.723142e-03;
   3.660986e-03   9.977904e-01   8.895967e-03;
  -1.723142e-03   8.895967e-03   9.839296e-01]
l=[ ...        
   3.739771e-01  -1.306632e-01   7.634165e-02;
   2.355382e-01  -2.840488e-01  -8.045511e-02;
  -3.523402e-02  -2.272368e-02  -2.353451e-01]
d=[ ...        
   3.739771e-01   5.243751e-02   2.055382e-02;
   5.243751e-02  -2.840488e-01  -5.158940e-02;
   2.055382e-02  -5.158940e-02  -2.353451e-01]
     iteration=          12999       process=              3       (i,j,k)=              0              1              1       (x,y,z)=   4.992277e-03   1.500230e-02   1.379786e-02     particles=             47
fabric=[ ...   
   3.345297e-01  -2.517256e-02  -1.844616e-02;
  -2.517256e-02   2.790818e-01   5.914689e-02;
  -1.844616e-02   5.914689e-02   3.863885e-01]
sigma=[ ...    
  -3.176376e+03  -8.644113e+02  -1.151245e+03;
  -6.066128e+02  -5.068421e+03  -2.749858e+03;
  -7.596886e+02  -2.673546e+03  -8.993906e+03]
sigmaDot=[ ... 
  -6.453752e+06   1.423222e+07   1.346486e+07;
   3.114896e+06   5.094389e+06   6.034426e+06;
  -4.649266e+06  -9.335958e+06   5.196332e+07]
intgraE=[ ...  
  -3.602693e-03   1.390679e-03  -2.607574e-03;
   1.390679e-03  -5.975930e-05  -8.705300e-03;
  -2.607574e-03  -8.705300e-03  -8.488036e-03]
E=[ ...        
   8.869614e-03   8.766408e-03   1.567558e-03;
   8.766408e-03   2.228202e-03  -1.512539e-03;
   1.567558e-03  -1.512539e-03  -1.419717e-02]
e=[ ...        
   8.740566e-03   8.518810e-03   1.760173e-03;
   8.518810e-03   1.851590e-03  -1.566470e-03;
   1.760173e-03  -1.566470e-03  -1.458840e-02]
intgraF=[ ...  
   9.963557e-01  -4.606066e-03  -9.029281e-03;
   7.385613e-03   9.999229e-01  -1.380758e-02;
   3.917134e-03  -3.677529e-03   9.913384e-01]
F=[ ...        
   1.008779e+00   2.076703e-02  -6.282551e-03;
  -3.375046e-03   1.002004e+00   6.642419e-04;
   9.612715e-03  -3.611903e-03   9.856804e-01]
R=[ ...        
   9.998962e-01   1.200976e-02  -7.956391e-03;
  -1.199226e-02   9.999256e-01   2.243832e-03;
   7.982747e-03  -2.148184e-03   9.999658e-01]
U=[ ...        
   1.008792e+00   8.719750e-03   1.578572e-03;
   8.719750e-03   1.002187e+00  -1.528682e-03;
   1.578572e-03  -1.528682e-03   9.856981e-01]
l=[ ...        
  -1.504168e-02   3.185521e-01  -4.763626e-01;
  -2.311520e-01   7.036393e-02  -1.328991e-02;
   1.138336e-01  -3.942855e-01  -1.781683e-01]
d=[ ...        
  -1.504168e-02   4.370004e-02  -1.812645e-01;
   4.370004e-02   7.036393e-02  -2.037877e-01;
  -1.812645e-01  -2.037877e-01  -1.781683e-01]
     iteration=          12999       process=              4       (i,j,k)=              1              0              0       (x,y,z)=   1.498502e-02   5.003558e-03   4.597030e-03     particles=             67
fabric=[ ...   
   3.286316e-01  -7.691884e-03  -7.517313e-03;
  -7.691884e-03   2.953326e-01  -3.005685e-04;
  -7.517313e-03  -3.005685e-04   3.760357e-01]
sigma=[ ...    
  -2.400383e+03   2.394405e+02   2.210800e+02;
   3.119018e+02  -2.257660e+03  -4.453375e+02;
   2.910427e+00  -4.505706e+02  -3.047317e+03]
sigmaDot=[ ... 
  -3.087946e+05   6.198515e+05   1.649252e+06;
   2.284684e+06   1.375765e+06  -4.147955e+05;
   3.682821e+06   5.125255e+05  -3.880643e+06]
intgraE=[ ...  
   6.170590e-03   5.545554e-03   1.080364e-02;
   5.545554e-03   1.323933e-02  -3.580960e-03;
   1.080364e-02  -3.580960e-03  -3.246559e-02]
E=[ ...        
   2.428750e-02   1.716930e-02   1.367313e-02;
   1.716930e-02   1.640417e-02  -1.109956e-03;
   1.367313e-02  -1.109956e-03  -1.757813e-02]
e=[ ...        
   2.189822e-02   1.618877e-02   1.379803e-02;
   1.618877e-02   1.533450e-02  -1.949249e-03;
   1.379803e-02  -1.949249e-03  -1.820184e-02]
intgraF=[ ...  
   1.005942e+00   1.591987e-02   2.253602e-03;
  -4.433733e-03   1.012798e+00   1.349003e-02;
   2.006438e-02  -2.157475e-02   9.668928e-01]
F=[ ...        
   1.023496e+00   1.548941e-02   1.352666e-03;
   1.868835e-02   1.015972e+00   1.635591e-02;
   2.612303e-02  -1.920119e-02   9.821275e-01]
R=[ ...        
   9.999208e-01  -1.344562e-03  -1.251397e-02;
   1.568207e-03   9.998389e-01   1.787900e-02;
   1.248792e-02  -1.789721e-02   9.997618e-01]
U=[ ...        
   1.023770e+00   1.684166e-02   1.364294e-02;
   1.684166e-02   1.016131e+00  -1.225883e-03;
   1.364294e-02  -1.225883e-03   9.821691e-01]
l=[ ...        
  -2.236067e-02   2.756798e-01   5.289413e-02;
  -1.037220e-01   2.149746e-01  -1.698568e-02;
   4.239476e-02   3.319945e-02   3.447540e-02]
d=[ ...        
  -2.236067e-02   8.597887e-02   4.764445e-02;
   8.597887e-02   2.149746e-01   8.106884e-03;
   4.764445e-02   8.106884e-03   3.447540e-02]
     iteration=          12999       process=              5       (i,j,k)=              1              0              1       (x,y,z)=   1.498502e-02   5.003558e-03   1.379786e-02     particles=             43
fabric=[ ...   
   3.158380e-01   1.828238e-02   3.674117e-02;
   1.828238e-02   3.265231e-01  -8.240616e-03;
   3.674117e-02  -8.240616e-03   3.576389e-01]
sigma=[ ...    
  -4.629332e+03   8.190237e+02   5.431984e+01;
   6.050742e+02  -5.097488e+03  -6.919902e+02;
  -2.738709e+02  -9.571169e+02  -8.011463e+03]
sigmaDot=[ ... 
   2.575590e+07  -2.604014e+06   7.727465e+06;
   3.496220e+07  -9.095667e+06   6.641616e+07;
  -1.005625e+07   2.504520e+07   9.039118e+07]
intgraE=[ ...  
   4.669971e-03   6.430728e-03   2.440189e-02;
   6.430728e-03   1.722706e-02  -2.710156e-02;
   2.440189e-02  -2.710156e-02  -1.929197e-02]
E=[ ...        
   9.654240e-03   7.598919e-03   1.720276e-02;
   7.598919e-03   1.607928e-02  -1.006202e-02;
   1.720276e-02  -1.006202e-02  -7.509465e-02]
e=[ ...        
   7.318033e-03   8.445106e-03   2.266136e-02;
   8.445106e-03   1.476455e-02  -1.398153e-02;
   2.266136e-02  -1.398153e-02  -8.762437e-02]
intgraF=[ ...  
   1.003187e+00  -8.414045e-03   7.919771e-04;
   2.312373e-02   1.016070e+00  -1.033658e-02;
   4.920968e-02  -4.456442e-02   9.804635e-01]
F=[ ...        
   1.008391e+00  -3.984671e-03  -7.365978e-03;
   2.055165e-02   1.015285e+00   1.336971e-02;
   4.508776e-02  -3.659165e-02   9.217254e-01]
R=[ ...        
   9.995538e-01  -1.167964e-02  -2.749329e-02;
   1.238450e-02   9.995953e-01   2.560817e-02;
   2.718308e-02  -2.593723e-02   9.992939e-01]
U=[ ...        
   1.009422e+00   7.596229e-03   1.785822e-02;
   7.596229e-03   1.015870e+00  -1.045667e-02;
   1.785822e-02  -1.045667e-02   9.216195e-01]
l=[ ...        
  -2.075359e-01  -3.135507e-02   2.130264e-01;
   2.572017e-01   1.939079e-01  -1.226687e-01;
   4.882371e-01  -3.436876e-01  -2.886320e-01]
d=[ ...        
  -2.075359e-01   1.129233e-01   3.506318e-01;
   1.129233e-01   1.939079e-01  -2.331781e-01;
   3.506318e-01  -2.331781e-01  -2.886320e-01]
     iteration=          12999       process=              6       (i,j,k)=              1              1              0       (x,y,z)=   1.498502e-02   1.500230e-02   4.597030e-03     particles=             57
fabric=[ ...   
   3.475099e-01  -2.730212e-02  -4.066453e-02;
  -2.730212e-02   3.352132e-01   1.821575e-02;
  -4.066453e-02   1.821575e-02   3.172770e-01]
sigma=[ ...    
  -1.043298e+03  -9.664161e+01   1.537811e+02;
  -2.304295e+02  -1.582466e+03   1.343486e+02;
   2.371169e+02  -4.718144e+01  -1.421400e+03]
sigmaDot=[ ... 
  -8.980747e+06   3.121781e+06   6.778314e+06;
  -7.467267e+06   9.860670e+05  -1.488657e+06;
   1.011476e+07   3.576451e+06  -9.093503e+06]
intgraE=[ ...  
  -1.678422e-02  -1.225549e-02   9.303579e-03;
  -1.225549e-02  -1.664612e-02   1.011396e-02;
   9.303579e-03   1.011396e-02  -2.492184e-02]
E=[ ...        
  -5.810825e-03  -1.088671e-02   1.018832e-02;
  -1.088671e-02  -2.537622e-02   6.884603e-03;
   1.018832e-02   6.884603e-03  -2.417784e-02]
e=[ ...        
  -6.850854e-03  -1.204728e-02   1.131910e-02;
  -1.204728e-02  -2.682815e-02   7.639464e-03;
   1.131910e-02   7.639464e-03  -2.556012e-02]
intgraF=[ ...  
   9.827337e-01  -9.900973e-03  -1.553877e-03;
  -1.513087e-02   9.831526e-01   1.605487e-02;
   2.090764e-02   4.543425e-03   9.746262e-01]
F=[ ...        
   9.937203e-01  -7.547604e-04   3.931225e-04;
  -2.168203e-02   9.742808e-01   9.246368e-03;
   2.069392e-02   4.880624e-03   9.754787e-01]
R=[ ...        
   9.998896e-01   1.069320e-02  -1.032162e-02;
  -1.067008e-02   9.999404e-01   2.292364e-03;
   1.034552e-02  -2.181978e-03   9.999441e-01]
U=[ ...        
   9.940560e-01  -1.109984e-02   1.038625e-02;
  -1.109984e-02   9.742041e-01   7.121548e-03;
   1.038625e-02   7.121548e-03   9.754413e-01]
l=[ ...        
  -4.889066e-01   3.496097e-01  -1.399824e-01;
  -4.273669e-02  -1.434842e-01   3.530263e-01;
   2.015236e-01  -1.680961e-01  -8.384377e-02]
d=[ ...        
  -4.889066e-01   1.534365e-01   3.077060e-02;
   1.534365e-01  -1.434842e-01   9.246510e-02;
   3.077060e-02   9.246510e-02  -8.384377e-02]
     iteration=          12999       process=              7       (i,j,k)=              1              1              1       (x,y,z)=   1.498502e-02   1.500230e-02   1.379786e-02     particles=             53
fabric=[ ...   
   3.619559e-01  -2.343115e-02   1.718656e-02;
  -2.343115e-02   3.551335e-01   2.865736e-02;
   1.718656e-02   2.865736e-02   2.829105e-01]
sigma=[ ...    
  -4.027149e+02  -1.475218e+02  -1.220826e+02;
   7.679401e+01  -6.839536e+02   3.331503e+01;
  -1.723949e+02  -9.794949e+01  -3.552574e+02]
sigmaDot=[ ... 
  -1.285721e+06   2.168711e+06   8.860274e+06;
  -2.070408e+06  -2.602699e+05  -2.248807e+05;
   1.549653e+06  -1.036412e+07  -1.461812e+06]
intgraE=[ ...  
   1.118083e-02  -2.253353e-03  -1.316894e-03;
  -2.253353e-03  -1.833128e-02   1.719000e-03;
  -1.316894e-03   1.719000e-03   2.249313e-02]
E=[ ...        
   1.839892e-02  -7.627086e-03  -8.141129e-03;
  -7.627086e-03  -1.944801e-02  -3.196684e-03;
  -8.141129e-03  -3.196684e-03  -3.190769e-03]
e=[ ...        
   1.775289e-02  -7.595482e-03  -7.639032e-03;
  -7.595482e-03  -2.044954e-02  -3.527170e-03;
  -7.639032e-03  -3.527170e-03  -3.540393e-03]
intgraF=[ ...  
   1.010942e+00  -6.786836e-03  -2.157691e-02;
   2.435373e-03   9.814722e-01   5.344746e-03;
   1.875355e-02  -1.912085e-03   1.022004e+00]
F=[ ...        
   1.018207e+00  -1.017749e-02  -2.117547e-02;
  -4.950025e-03   9.802787e-01   7.335831e-04;
   5.300517e-03  -7.353154e-03   9.965789e-01]
R=[ ...        
   9.999103e-01  -2.626695e-03  -1.313409e-02;
   2.679879e-03   9.999883e-01   4.033304e-03;
   1.312334e-02  -4.068139e-03   9.999056e-01]
U=[ ...        
   1.018172e+00  -7.646049e-03  -8.093164e-03;
  -7.646049e-03   9.803239e-01  -3.265026e-03;
  -8.093164e-03  -3.265026e-03   9.967659e-01]
l=[ ...        
   1.548069e-01  -1.937130e-01  -6.035776e-01;
  -1.337999e-02  -6.469777e-02   3.950429e-01;
  -8.144179e-02  -3.524879e-01  -1.427383e-01]
d=[ ...        
   1.548069e-01  -1.035465e-01  -3.425097e-01;
  -1.035465e-01  -6.469777e-02   2.127747e-02;
  -3.425097e-01   2.127747e-02  -1.427383e-01]
