     iteration=          16999       process=              0       (i,j,k)=              0              0              0       (x,y,z)=   4.990156e-03   5.003317e-03   4.582248e-03     particles=             75
fabric=[ ...   
   3.598955e-01   5.851791e-02   9.082317e-03;
   5.851791e-02   2.611422e-01   4.796515e-02;
   9.082317e-03   4.796515e-02   3.789623e-01]
sigma=[ ...    
  -3.583157e+02  -6.167475e+01   1.632690e+01;
  -8.547760e+01  -1.525495e+02  -1.755771e+01;
  -5.211293e+00  -4.423472e+00  -2.118119e+02]
sigmaDot=[ ... 
  -1.248845e+06  -1.087976e+06  -2.352022e+06;
  -9.356293e+05   9.356853e+05   6.178328e+05;
  -7.073374e+05   2.338836e+05   3.291554e+05]
intgraE=[ ...  
  -7.367241e-04   9.520138e-03  -1.157428e-02;
   9.520138e-03   7.488406e-03  -1.029918e-02;
  -1.157428e-02  -1.029918e-02  -2.474635e-02]
E=[ ...        
  -3.851752e-03   1.019635e-02  -1.561499e-02;
   1.019635e-02   9.134151e-03  -1.012693e-02;
  -1.561499e-02  -1.012693e-02  -2.192402e-02]
e=[ ...        
  -4.487393e-03   9.718441e-03  -1.635075e-02;
   9.718441e-03   8.363418e-03  -1.025860e-02;
  -1.635075e-02  -1.025860e-02  -2.357191e-02]
intgraF=[ ...  
   9.992023e-01   1.372824e-02  -1.363705e-02;
   5.082413e-03   1.007150e+00  -2.846353e-05;
  -9.767957e-03  -2.090845e-02   9.748443e-01]
F=[ ...        
   9.960127e-01   1.331872e-02  -1.715520e-02;
   6.814677e-03   1.008854e+00  -2.939438e-03;
  -1.444565e-02  -1.744947e-02   9.776753e-01]
R=[ ...        
   9.999940e-01   3.184596e-03  -1.381946e-03;
  -3.174443e-03   9.999684e-01   7.287963e-03;
   1.405111e-03  -7.283533e-03   9.999725e-01]
U=[ ...        
   9.959648e-01   1.009157e-02  -1.577202e-02;
   1.009157e-02   1.008992e+00  -1.011491e-02;
  -1.577202e-02  -1.011491e-02   9.776507e-01]
l=[ ...        
  -5.247094e-02   1.366800e-01  -5.568577e-02;
  -3.191159e-02   1.065003e-01  -8.221177e-03;
   4.843902e-02  -9.133568e-02  -1.567077e-02]
d=[ ...        
  -5.247094e-02   5.238418e-02  -3.623374e-03;
   5.238418e-02   1.065003e-01  -4.977843e-02;
  -3.623374e-03  -4.977843e-02  -1.567077e-02]
     iteration=          16999       process=              1       (i,j,k)=              0              0              1       (x,y,z)=   4.990156e-03   5.003317e-03   1.375687e-02     particles=             53
fabric=[ ...   
   2.767310e-01  -7.183405e-02  -1.593048e-02;
  -7.183405e-02   3.744378e-01  -6.686712e-03;
  -1.593048e-02  -6.686712e-03   3.488313e-01]
sigma=[ ...    
  -1.528388e+02   4.754697e+01   2.143066e+01;
   5.966758e+01  -1.158973e+02  -5.448653e-01;
  -8.159058e-01   1.110012e-01  -1.283047e+02]
sigmaDot=[ ... 
  -7.239142e+05   1.802836e+06  -6.836814e+05;
   4.880720e+06  -1.228648e+06   6.208435e+04;
  -6.567710e+05   1.138659e+07   6.678319e+05]
intgraE=[ ...  
  -1.760627e-02   5.592930e-03   1.029003e-02;
   5.592930e-03   1.193355e-02  -4.816764e-02;
   1.029003e-02  -4.816764e-02   5.405892e-02]
E=[ ...        
  -1.609324e-02   1.916550e-02  -1.633469e-02;
   1.916550e-02   2.743692e-02  -6.743107e-02;
  -1.633469e-02  -6.743107e-02   2.900193e-01]
e=[ ...        
  -1.619356e-02   1.902791e-02  -1.801205e-02;
   1.902791e-02   1.734683e-02  -3.439914e-02;
  -1.801205e-02  -3.439914e-02   1.812864e-01]
intgraF=[ ...  
   9.822301e-01   1.283270e-02   1.751261e-02;
  -1.174048e-03   1.009117e+00  -1.915481e-02;
   3.189204e-03  -7.338855e-02   1.052352e+00]
F=[ ...        
   9.834294e-01   3.181823e-02  -6.426676e-02;
   9.077963e-03   1.022474e+00  -1.732520e-02;
   2.444942e-02  -9.169834e-02   1.255232e+00]
R=[ ...        
   9.991648e-01   1.056982e-02  -3.947010e-02;
  -9.265897e-03   9.994100e-01   3.307363e-02;
   3.979639e-02  -3.268029e-02   9.986732e-01]
U=[ ...        
   9.834969e-01   1.866826e-02  -1.409883e-02;
   1.866826e-02   1.025204e+00  -5.901562e-02;
  -1.409883e-02  -5.901562e-02   1.255531e+00]
l=[ ...        
  -8.857171e-02   2.528321e-01   4.885071e-01;
  -1.733110e-01   1.040969e-02  -2.289927e-01;
   1.918209e-01  -3.536978e-01   3.701495e-01]
d=[ ...        
  -8.857171e-02   3.976058e-02   3.401640e-01;
   3.976058e-02   1.040969e-02  -2.913452e-01;
   3.401640e-01  -2.913452e-01   3.701495e-01]
     iteration=          16999       process=              2       (i,j,k)=              0              1              0       (x,y,z)=   4.990156e-03   1.500260e-02   4.582248e-03     particles=             70
fabric=[ ...   
   3.567203e-01  -5.649947e-02  -3.717805e-02;
  -5.649947e-02   2.738101e-01  -3.033823e-02;
  -3.717805e-02  -3.033823e-02   3.694696e-01]
sigma=[ ...    
  -9.601267e+01   3.571560e+01  -1.526164e+00;
   3.436971e+01  -9.681358e+01  -1.737410e+01;
  -2.063122e+00  -3.094130e+01  -8.752703e+01]
sigmaDot=[ ... 
   1.729011e+05  -6.068953e+05   2.164056e+05;
   8.208553e+04   1.595326e+05  -3.142114e+05;
  -1.020833e+05  -1.473295e+05  -1.484541e+05]
intgraE=[ ...  
   1.854959e-02   2.899340e-03  -2.639841e-03;
   2.899340e-03  -1.115740e-02   3.523865e-03;
  -2.639841e-03   3.523865e-03  -2.370297e-02]
E=[ ...        
   4.286997e-02   2.675636e-03   2.215284e-03;
   2.675636e-03  -3.102493e-04   8.261394e-03;
   2.215284e-03   8.261394e-03  -1.979990e-02]
e=[ ...        
   3.946091e-02   2.809789e-03   1.414059e-03;
   2.809789e-03  -4.351201e-04   8.594578e-03;
   1.414059e-03   8.594578e-03  -2.080117e-02]
intgraF=[ ...  
   1.018183e+00  -7.093423e-03   9.224315e-03;
   1.325909e-02   9.887367e-01   1.379838e-03;
  -1.505179e-02   5.890444e-03   9.759647e-01]
F=[ ...        
   1.041905e+00  -4.625670e-03   1.199114e-02;
   1.024771e-02   9.996402e-01   7.945555e-03;
  -8.311588e-03   8.812744e-03   9.798945e-01]
R=[ ...        
   9.999224e-01  -7.324233e-03   1.007381e-02;
   7.328858e-03   9.999731e-01  -4.222553e-04;
  -1.007045e-02   4.960521e-04   9.999492e-01]
U=[ ...        
   1.041983e+00   2.612161e-03   2.180462e-03;
   2.612161e-03   9.996515e-01   8.343594e-03;
   2.180462e-03   8.343594e-03   9.799622e-01]
l=[ ...        
   1.655100e-01   1.303049e-01   6.664170e-02;
  -6.144584e-03  -3.442615e-02  -4.912942e-02;
   8.539110e-02   4.862894e-03  -1.312645e-01]
d=[ ...        
   1.655100e-01   6.208013e-02   7.601640e-02;
   6.208013e-02  -3.442615e-02  -2.213326e-02;
   7.601640e-02  -2.213326e-02  -1.312645e-01]
     iteration=          16999       process=              3       (i,j,k)=              0              1              1       (x,y,z)=   4.990156e-03   1.500260e-02   1.375687e-02     particles=             47
fabric=[ ...   
   3.318688e-01  -4.782275e-02   3.321729e-02;
  -4.782275e-02   3.812601e-01   9.272921e-02;
   3.321729e-02   9.272921e-02   2.868711e-01]
sigma=[ ...    
  -7.119815e+01   1.729453e+01  -2.772709e+01;
   8.717651e+00  -8.058731e+01  -3.418985e+01;
  -4.162372e+01  -6.463106e+00  -5.755282e+01]
sigmaDot=[ ... 
  -6.979006e+05  -2.727357e+05  -8.965122e+05;
  -9.865289e+05   2.208335e+05   5.339244e+05;
  -7.644447e+05   6.008069e+05   2.392823e+04]
intgraE=[ ...  
  -6.975122e-03   3.069350e-03  -5.389269e-03;
   3.069350e-03  -2.729663e-03  -7.732707e-03;
  -5.389269e-03  -7.732707e-03  -1.491130e-02]
E=[ ...        
   4.899519e-03   1.097753e-02   1.073218e-03;
   1.097753e-02   6.361906e-03   1.055343e-03;
   1.073218e-03   1.055343e-03  -1.026937e-02]
e=[ ...        
   4.963928e-03   1.075210e-02   1.169788e-03;
   1.075210e-02   5.689281e-03   1.032448e-03;
   1.169788e-03   1.032448e-03  -1.047920e-02]
intgraF=[ ...  
   9.929724e-01   1.124045e-03  -1.623182e-02;
   5.040420e-03   9.972657e-01  -1.475611e-02;
   5.497523e-03  -7.427456e-04   9.847315e-01]
F=[ ...        
   1.004806e+00   2.825932e-02  -8.789815e-03;
  -6.349776e-03   1.005934e+00   6.992367e-03;
   1.113858e-02  -4.723842e-03   9.896136e-01]
R=[ ...        
   9.998014e-01   1.724731e-02  -9.981204e-03;
  -1.718776e-02   9.998341e-01   6.021479e-03;
   1.008340e-02  -5.848728e-03   9.999321e-01]
U=[ ...        
   1.004828e+00   1.091633e-02   1.070420e-03;
   1.091633e-02   1.006282e+00   1.051626e-03;
   1.070420e-03   1.051626e-03   9.896762e-01]
l=[ ...        
  -2.973522e-01   2.306920e-01  -2.894191e-01;
  -6.162965e-02  -2.012711e-01  -4.617486e-02;
   2.029532e-01   1.497204e-01  -4.342258e-01]
d=[ ...        
  -2.973522e-01   8.453118e-02  -4.323294e-02;
   8.453118e-02  -2.012711e-01   5.177275e-02;
  -4.323294e-02   5.177275e-02  -4.342258e-01]
     iteration=          16999       process=              4       (i,j,k)=              1              0              0       (x,y,z)=   1.497849e-02   5.003317e-03   4.582248e-03     particles=             67
fabric=[ ...   
   4.079587e-01  -1.675285e-02  -3.420020e-03;
  -1.675285e-02   3.094473e-01  -3.061007e-02;
  -3.420020e-03  -3.061007e-02   2.825940e-01]
sigma=[ ...    
  -3.976941e+02  -3.924948e+00  -2.123874e+01;
  -6.296776e+00  -3.028768e+02   7.770886e+01;
  -2.593531e+01   5.464051e+01  -3.454902e+02]
sigmaDot=[ ... 
  -2.032637e+05   6.447037e+05  -3.304098e+06;
  -3.187944e+06  -2.059897e+06   8.039799e+05;
  -2.117466e+05   1.093937e+06   8.613722e+05]
intgraE=[ ...  
   6.022970e-03   5.506285e-03   1.037861e-02;
   5.506285e-03   1.536433e-02  -5.162189e-03;
   1.037861e-02  -5.162189e-03  -3.189954e-02]
E=[ ...        
   4.483470e-02   2.964470e-02   1.894492e-02;
   2.964470e-02   1.973562e-02   1.143413e-04;
   1.894492e-02   1.143413e-04  -1.716069e-02]
e=[ ...        
   3.806286e-02   2.686201e-02   1.830181e-02;
   2.686201e-02   1.801763e-02  -1.065385e-03;
   1.830181e-02  -1.065385e-03  -1.798669e-02]
intgraF=[ ...  
   1.005781e+00   1.745866e-02   1.097517e-03;
  -5.990506e-03   1.014839e+00   1.167579e-02;
   2.038577e-02  -2.293798e-02   9.675037e-01]
F=[ ...        
   1.042627e+00   1.798105e-02   6.299703e-03;
   4.035779e-02   1.019209e+00   1.842354e-02;
   3.112283e-02  -1.899450e-02   9.824966e-01]
R=[ ...        
   9.998645e-01  -1.056333e-02  -1.262585e-02;
   1.079847e-02   9.997668e-01   1.870301e-02;
   1.242534e-02  -1.883681e-02   9.997454e-01]
U=[ ...        
   1.043309e+00   2.874850e-02   1.870565e-02;
   2.874850e-02   1.019139e+00  -1.544110e-04;
   1.870565e-02  -1.544110e-04   9.825114e-01]
l=[ ...        
   9.458159e-03   5.598150e-02  -3.925770e-02;
  -1.000214e-01   8.323686e-03  -7.435986e-02;
  -6.641216e-02  -4.412386e-02   3.450877e-02]
d=[ ...        
   9.458159e-03  -2.201994e-02  -5.283493e-02;
  -2.201994e-02   8.323686e-03  -5.924186e-02;
  -5.283493e-02  -5.924186e-02   3.450877e-02]
     iteration=          16999       process=              5       (i,j,k)=              1              0              1       (x,y,z)=   1.497849e-02   5.003317e-03   1.375687e-02     particles=             43
fabric=[ ...   
   3.175887e-01  -2.218438e-02   2.147274e-02;
  -2.218438e-02   3.518426e-01  -9.694066e-03;
   2.147274e-02  -9.694066e-03   3.305687e-01]
sigma=[ ...    
  -4.157874e+02   1.005442e+02   1.010587e+02;
   1.524878e+02  -7.096374e+02  -1.697190e+02;
   8.532508e+01  -1.894255e+02  -7.807031e+02]
sigmaDot=[ ... 
  -6.509003e+06   5.844904e+06   2.684491e+06;
   1.403965e+07  -3.892732e+05  -4.595582e+06;
  -2.837240e+05   3.138344e+06   2.651177e+06]
intgraE=[ ...  
   2.136513e-03   8.010948e-03   2.932169e-02;
   8.010948e-03   1.814251e-02  -2.964993e-02;
   2.932169e-02  -2.964993e-02  -2.246532e-02]
E=[ ...        
   4.694431e-03   9.551966e-03   7.990837e-03;
   9.551966e-03   1.698476e-02  -7.981510e-03;
   7.990837e-03  -7.981510e-03  -9.539147e-02]
e=[ ...        
   3.188299e-03   9.921296e-03   1.427102e-02;
   9.921296e-03   1.569604e-02  -1.304047e-02;
   1.427102e-02  -1.304047e-02  -1.167333e-01]
intgraF=[ ...  
   1.000250e+00  -9.186371e-03   5.249034e-03;
   2.733540e-02   1.016854e+00  -1.309965e-02;
   5.500668e-02  -4.700410e-02   9.771746e-01]
F=[ ...        
   1.003429e+00  -2.553719e-03  -2.444746e-02;
   2.296011e-02   1.016155e+00   1.723671e-02;
   4.462092e-02  -3.730602e-02   8.990674e-01]
R=[ ...        
   9.992540e-01  -1.213607e-02  -3.666295e-02;
   1.317908e-02   9.995114e-01   2.834234e-02;
   3.630107e-02  -2.880438e-02   9.989257e-01]
U=[ ...        
   1.004603e+00   9.485930e-03   8.435049e-03;
   9.485930e-03   1.016764e+00  -8.372096e-03;
   8.435049e-03  -8.372096e-03   8.994864e-01]
l=[ ...        
  -1.150576e-01  -6.528619e-02   1.785418e-01;
   2.305930e-01  -7.233287e-02  -1.040406e-01;
   1.617752e-01   2.093521e-03  -9.665886e-02]
d=[ ...        
  -1.150576e-01   8.265343e-02   1.701585e-01;
   8.265343e-02  -7.233287e-02  -5.097356e-02;
   1.701585e-01  -5.097356e-02  -9.665886e-02]
     iteration=          16999       process=              6       (i,j,k)=              1              1              0       (x,y,z)=   1.497849e-02   1.500260e-02   4.582248e-03     particles=             57
fabric=[ ...   
   3.831478e-01   3.727704e-04  -8.424244e-02;
   3.727704e-04   3.905831e-01   2.748354e-02;
  -8.424244e-02   2.748354e-02   2.262691e-01]
sigma=[ ...    
  -1.603553e+02   6.894599e+01   6.911416e+01;
   4.182722e+01  -2.230063e+02  -3.106918e+01;
   3.696150e+01   6.749034e+00  -1.144144e+02]
sigmaDot=[ ... 
  -1.511389e+06   1.089146e+06  -4.442153e+05;
   4.356044e+05  -1.874974e+06  -6.334113e+05;
   2.524060e+05   2.082982e+06   2.526519e+05]
intgraE=[ ...  
  -2.185664e-02  -7.384353e-03   1.033332e-02;
  -7.384353e-03  -2.176503e-02   1.372028e-02;
   1.033332e-02   1.372028e-02  -2.777680e-02]
E=[ ...        
  -1.194044e-02  -6.516974e-03   8.305777e-03;
  -6.516974e-03  -1.421580e-02   1.167132e-02;
   8.305777e-03   1.167132e-02  -2.002648e-02]
e=[ ...        
  -1.287647e-02  -7.246544e-03   9.315483e-03;
  -7.246544e-03  -1.475994e-02   1.242377e-02;
   9.315483e-03   1.242377e-02  -2.120154e-02]
intgraF=[ ...  
   9.775474e-01  -2.926684e-03  -1.590157e-03;
  -1.229006e-02   9.779766e-01   2.326551e-02;
   2.316619e-02   4.819929e-03   9.715465e-01]
F=[ ...        
   9.875946e-01   2.424535e-04  -7.044255e-03;
  -1.359544e-02   9.856678e-01   1.848546e-02;
   2.431655e-02   5.230700e-03   9.795691e-01]
R=[ ...        
   9.998472e-01   7.190414e-03  -1.593558e-02;
  -7.083148e-03   9.999519e-01   6.777530e-03;
   1.598354e-02  -6.663620e-03   9.998501e-01]
U=[ ...        
   9.879286e-01  -6.655609e-03   8.482871e-03;
  -6.655609e-03   9.855873e-01   1.190644e-02;
   8.482871e-03   1.190644e-02   9.796598e-01]
l=[ ...        
  -2.532134e-01   2.984600e-01  -4.351457e-02;
   3.359689e-01  -3.438875e-01   3.713208e-01;
  -5.401029e-02   2.368844e-02  -1.743331e-01]
d=[ ...        
  -2.532134e-01   3.172145e-01  -4.876243e-02;
   3.172145e-01  -3.438875e-01   1.975046e-01;
  -4.876243e-02   1.975046e-01  -1.743331e-01]
     iteration=          16999       process=              7       (i,j,k)=              1              1              1       (x,y,z)=   1.497849e-02   1.500260e-02   1.375687e-02     particles=             53
fabric=[ ...   
   3.465259e-01   4.317451e-02   8.716698e-04;
   4.317451e-02   3.730472e-01  -6.263166e-02;
   8.716698e-04  -6.263166e-02   2.804269e-01]
sigma=[ ...    
  -1.092053e+02   4.337869e+01  -7.869685e+01;
   4.454713e+01  -1.916692e+02   1.355617e+02;
  -6.036128e+01   1.240879e+02  -1.890105e+02]
sigmaDot=[ ... 
   6.513170e+04  -4.286573e+05   5.705628e+05;
   3.553366e+05   6.095335e+04  -3.168355e+05;
  -1.693810e+05  -4.246400e+05   1.150300e+04]
intgraE=[ ...  
   1.208310e-02  -3.663860e-03  -8.151556e-03;
  -3.663860e-03  -2.055933e-02   1.779920e-03;
  -8.151556e-03   1.779920e-03   2.229023e-02]
E=[ ...        
   2.161570e-02  -8.718237e-03  -1.620715e-02;
  -8.718237e-03  -3.735511e-02  -4.843740e-03;
  -1.620715e-02  -4.843740e-03   2.583283e-03]
e=[ ...        
   2.079726e-02  -8.898310e-03  -1.513756e-02;
  -8.898310e-03  -4.067439e-02  -5.708397e-03;
  -1.513756e-02  -5.708397e-03   1.372169e-03]
intgraF=[ ...  
   1.011910e+00  -8.785126e-03  -3.049139e-02;
   1.685030e-03   9.791660e-01   9.806615e-03;
   1.422834e-02  -6.177246e-03   1.021545e+00]
F=[ ...        
   1.021357e+00  -1.193360e-02  -3.737538e-02;
  -5.419390e-03   9.618258e-01  -4.077137e-03;
   5.726470e-03  -6.200383e-03   1.001875e+00]
R=[ ...        
   9.997675e-01  -3.336433e-03  -2.130436e-02;
   3.358033e-03   9.999939e-01   9.781926e-04;
   2.130097e-02  -1.049506e-03   9.997726e-01]
U=[ ...        
   1.021223e+00  -8.833054e-03  -1.603948e-02;
  -8.833054e-03   9.618663e-01  -5.003885e-03;
  -1.603948e-02  -5.003885e-03   1.002439e+00]
l=[ ...        
  -9.990303e-03  -1.540260e-02  -3.858773e-01;
  -1.524606e-02  -1.182925e-01   2.409392e-01;
  -2.783108e-01  -2.453396e-01   1.604163e-01]
d=[ ...        
  -9.990303e-03  -1.532433e-02  -3.320941e-01;
  -1.532433e-02  -1.182925e-01  -2.200196e-03;
  -3.320941e-01  -2.200196e-03   1.604163e-01]
