     iteration=           3999       process=              0       (i,j,k)=              0              0              0       (x,y,z)=   5.004649e-03   5.003997e-03   4.773145e-03     particles=             76
fabric=[ ...   
   3.781682e-01   3.872754e-02   5.519467e-03;
   3.872754e-02   3.523967e-01   2.167154e-02;
   5.519467e-03   2.167154e-02   2.694350e-01]
sigma=[ ...    
  -7.189493e+02  -9.731047e+01  -6.302757e+01;
  -4.505379e+01  -7.300925e+02  -4.183561e+01;
  -1.866390e+02  -2.242594e+01  -1.028233e+03]
sigmaDot=[ ... 
   8.688737e+06  -5.389554e+05   1.185374e+07;
  -4.440089e+06  -3.641381e+06  -1.884316e+07;
   3.435810e+07  -3.008152e+07   3.764568e+07]
intgraE=[ ...  
  -3.449082e-03   1.569344e-03  -3.426377e-03;
   1.569344e-03   1.748358e-03  -6.521271e-04;
  -3.426377e-03  -6.521271e-04  -3.981420e-03]
E=[ ...        
  -5.005396e-03   8.148537e-04  -5.198824e-03;
   8.148537e-04   1.527053e-03  -1.272615e-03;
  -5.198824e-03  -1.272615e-03  -6.657465e-03]
e=[ ...        
  -5.117046e-03   7.965979e-04  -5.321161e-03;
   7.965979e-04   1.516257e-03  -1.290081e-03;
  -5.321161e-03  -1.290081e-03  -6.801253e-03]
intgraF=[ ...  
   9.965345e-01   5.784130e-04  -3.105930e-03;
   2.545430e-03   1.001741e+00   1.968201e-03;
  -3.777694e-03  -3.287222e-03   9.960038e-01]
F=[ ...        
   9.949658e-01   1.131312e-04  -4.976084e-03;
   1.502069e-03   1.001523e+00  -2.275443e-04;
  -5.482967e-03  -2.332385e-03   9.933077e-01]
R=[ ...        
   9.999997e-01  -6.984296e-04   2.536883e-04;
   6.981611e-04   9.999992e-01   1.056963e-03;
  -2.544263e-04  -1.056786e-03   9.999994e-01]
U=[ ...        
   9.949679e-01   8.129490e-04  -5.228965e-03;
   8.129490e-04   1.001525e+00  -1.273782e-03;
  -5.228965e-03  -1.273782e-03   9.933056e-01]
l=[ ...        
  -2.091754e-01   3.963066e-02  -2.258368e-01;
   3.927636e-01   2.500628e-01   1.144049e-01;
  -3.794704e-01  -3.516045e-01  -2.684574e-01]
d=[ ...        
  -2.091754e-01   2.161971e-01  -3.026536e-01;
   2.161971e-01   2.500628e-01  -1.185998e-01;
  -3.026536e-01  -1.185998e-01  -2.684574e-01]
     iteration=           3999       process=              1       (i,j,k)=              0              0              1       (x,y,z)=   5.004649e-03   5.003997e-03   1.429985e-02     particles=             52
fabric=[ ...   
   3.254658e-01  -1.805050e-02   6.293436e-03;
  -1.805050e-02   3.745106e-01   4.161777e-02;
   6.293436e-03   4.161777e-02   3.000236e-01]
sigma=[ ...    
  -1.906050e+03   3.944665e+02   6.144392e+02;
   5.088141e+02  -1.428597e+03  -8.528678e+02;
   2.203740e+02  -7.281498e+02  -1.584834e+03]
sigmaDot=[ ... 
  -6.915252e+06  -2.645714e+07   2.156704e+08;
   1.442677e+07  -7.941498e+06  -4.936870e+06;
   2.874431e+07   1.245841e+08   1.303698e+08]
intgraE=[ ...  
  -1.000687e-02  -1.072534e-03  -3.851640e-03;
  -1.072534e-03   6.546912e-03  -8.713309e-03;
  -3.851640e-03  -8.713309e-03   7.915673e-03]
E=[ ...        
  -8.701173e-03   2.954009e-04  -2.138564e-03;
   2.954009e-04   4.060395e-03  -4.828823e-03;
  -2.138564e-03  -4.828823e-03   1.131213e-02]
e=[ ...        
  -8.863007e-03   2.519213e-04  -2.128777e-03;
   2.519213e-04   3.981023e-03  -4.685642e-03;
  -2.128777e-03  -4.685642e-03   1.100870e-02]
intgraF=[ ...  
   9.898946e-01  -7.133784e-03   8.840443e-04;
   4.804235e-03   1.006455e+00  -7.692490e-03;
  -8.474865e-03  -9.602743e-03   1.007855e+00]
F=[ ...        
   9.912564e-01  -1.928936e-03  -2.805088e-03;
   2.485356e-03   1.004037e+00  -4.494142e-03;
  -1.468894e-03  -5.093545e-03   1.011235e+00]
R=[ ...        
   9.999973e-01  -2.214182e-03  -6.729388e-04;
   2.214384e-03   9.999975e-01   2.991258e-04;
   6.722748e-04  -3.006151e-04   9.999997e-01]
U=[ ...        
   9.912583e-01   2.909689e-04  -2.135205e-03;
   2.909689e-04   1.004041e+00  -4.791912e-03;
  -2.135205e-03  -4.791912e-03   1.011235e+00]
l=[ ...        
  -2.281618e-01  -7.067521e-01  -1.446429e-01;
   9.408882e-01   3.325293e-01  -3.540833e-01;
   7.447123e-02  -7.993719e-01  -2.950805e-01]
d=[ ...        
  -2.281618e-01   1.170680e-01  -3.508582e-02;
   1.170680e-01   3.325293e-01  -5.767276e-01;
  -3.508582e-02  -5.767276e-01  -2.950805e-01]
     iteration=           3999       process=              2       (i,j,k)=              0              1              0       (x,y,z)=   5.004649e-03   1.499509e-02   4.773145e-03     particles=             74
fabric=[ ...   
   3.104802e-01   1.815274e-02   2.141278e-02;
   1.815274e-02   3.092237e-01   2.183023e-02;
   2.141278e-02   2.183023e-02   3.802961e-01]
sigma=[ ...    
  -2.573066e+02   3.837777e+00   6.711098e+01;
  -3.176615e+01  -3.075780e+02  -2.120187e+02;
   9.431522e+01  -1.371634e+02  -2.926066e+02]
sigmaDot=[ ... 
   1.477664e+06  -2.387399e+05  -1.653719e+06;
  -2.602932e+06   3.137956e+06   1.421950e+06;
   1.367033e+05  -4.291672e+05  -2.356110e+06]
intgraE=[ ...  
  -6.311781e-04   2.035833e-03  -1.403328e-03;
   2.035833e-03  -2.374219e-03   1.172278e-03;
  -1.403328e-03   1.172278e-03  -2.513812e-03]
E=[ ...        
  -9.722664e-05   1.718464e-03  -1.050434e-03;
   1.718464e-03  -2.765031e-03   1.389868e-03;
  -1.050434e-03   1.389868e-03  -2.243735e-03]
e=[ ...        
  -1.122856e-04   1.736359e-03  -1.064041e-03;
   1.736359e-03  -2.784402e-03   1.404877e-03;
  -1.064041e-03   1.404877e-03  -2.259078e-03]
intgraF=[ ...  
   9.993597e-01   1.432660e-04  -1.309295e-03;
   3.939570e-03   9.976223e-01   1.215340e-03;
  -1.506782e-03   1.135152e-03   9.974814e-01]
F=[ ...        
   9.998959e-01   1.282168e-04  -4.367507e-04;
   3.320027e-03   9.972303e-01   1.527407e-03;
  -1.672994e-03   1.259447e-03   9.977525e-01]
R=[ ...        
   9.999985e-01  -1.598744e-03   6.197399e-04;
   1.598661e-03   9.999987e-01   1.351219e-04;
  -6.199552e-04  -1.341310e-04   9.999998e-01]
U=[ ...        
   9.999007e-01   1.721669e-03  -1.052870e-03;
   1.721669e-03   9.972287e-01   1.394274e-03;
  -1.052870e-03   1.394274e-03   9.977522e-01]
l=[ ...        
  -9.485182e-02  -3.100321e-02  -1.350701e-01;
   3.707859e-01  -1.290674e-01   3.007604e-02;
  -6.233472e-02   1.058208e-01  -2.615337e-01]
d=[ ...        
  -9.485182e-02   1.698913e-01  -9.870243e-02;
   1.698913e-01  -1.290674e-01   6.794842e-02;
  -9.870243e-02   6.794842e-02  -2.615337e-01]
     iteration=           3999       process=              3       (i,j,k)=              0              1              1       (x,y,z)=   5.004649e-03   1.499509e-02   1.429985e-02     particles=             43
fabric=[ ...   
   2.849441e-01   1.027196e-01   1.587896e-01;
   1.027196e-01   4.830945e-01   5.927182e-02;
   1.587896e-01   5.927182e-02   2.319614e-01]
sigma=[ ...    
  -9.158464e+01  -7.318032e+01  -1.604170e+02;
  -8.932623e+01  -2.233254e+02  -1.341805e+02;
  -8.196593e+01  -1.283558e+02  -9.888301e+01]
sigmaDot=[ ... 
   7.780723e+06   7.439408e+06  -1.270855e+06;
   1.264002e+07  -5.697890e+05   7.574208e+05;
  -5.418663e+06   6.339855e+06  -5.149353e+06]
intgraE=[ ...  
  -4.313009e-03   4.091247e-03   3.089238e-04;
   4.091247e-03  -5.744704e-03   1.170116e-04;
   3.089238e-04   1.170116e-04  -8.282352e-03]
E=[ ...        
  -3.642985e-03   3.306195e-03  -1.345090e-04;
   3.306195e-03  -2.192879e-03  -1.285158e-03;
  -1.345090e-04  -1.285158e-03  -6.366030e-03]
e=[ ...        
  -3.698411e-03   3.342889e-03  -1.286686e-04;
   3.342889e-03  -2.221801e-03  -1.308369e-03;
  -1.286686e-04  -1.308369e-03  -6.451517e-03]
intgraF=[ ...  
   9.956588e-01   2.167269e-03   1.517106e-03;
   6.061136e-03   9.942348e-01  -1.513424e-03;
  -8.909108e-04   1.749993e-03   9.916807e-01]
F=[ ...        
   9.963411e-01   2.384600e-03   3.944823e-04;
   4.245019e-03   9.978011e-01  -1.324031e-03;
  -6.606563e-04  -1.258174e-03   9.936126e-01]
R=[ ...        
   9.999994e-01  -9.325873e-04   5.296996e-04;
   9.326053e-04   9.999996e-01  -3.364246e-05;
  -5.296680e-04   3.413644e-05   9.999999e-01]
U=[ ...        
   9.963448e-01   3.315820e-03  -1.330375e-04;
   3.315820e-03   9.977984e-01  -1.290480e-03;
  -1.330375e-04  -1.290480e-03   9.936127e-01]
l=[ ...        
  -2.896545e-01   1.898587e-01   2.903118e-01;
   7.834272e-01  -9.730424e-01  -3.459346e-01;
   1.093764e-01   1.782102e-02  -1.023939e+00]
d=[ ...        
  -2.896545e-01   4.866430e-01   1.998441e-01;
   4.866430e-01  -9.730424e-01  -1.640568e-01;
   1.998441e-01  -1.640568e-01  -1.023939e+00]
     iteration=           3999       process=              4       (i,j,k)=              1              0              0       (x,y,z)=   1.499544e-02   5.003997e-03   4.773145e-03     particles=             70
fabric=[ ...   
   2.971291e-01  -1.014885e-04  -1.839872e-02;
  -1.014885e-04   2.758909e-01   5.146461e-02;
  -1.839872e-02   5.146461e-02   4.269800e-01]
sigma=[ ...    
  -1.429065e+03  -4.818895e+02   1.055432e+03;
  -3.289812e+02  -4.924018e+02   2.810826e+02;
   1.120497e+03   3.638560e+02  -1.680974e+03]
sigmaDot=[ ... 
   1.964317e+07   3.711792e+06  -3.034777e+07;
   4.083205e+06   2.533856e+06   2.269503e+06;
  -2.963422e+07  -1.038478e+07   1.969584e+07]
intgraE=[ ...  
   2.209779e-03  -5.566637e-04   3.889393e-03;
  -5.566637e-04   4.286384e-03  -2.572815e-03;
   3.889393e-03  -2.572815e-03  -1.506822e-02]
E=[ ...        
  -2.631841e-04  -3.656666e-04   3.137025e-03;
  -3.656666e-04   3.907261e-03  -1.609384e-03;
   3.137025e-03  -1.609384e-03  -8.249594e-03]
e=[ ...        
  -3.035594e-04  -3.183478e-04   3.210936e-03;
  -3.183478e-04   3.853705e-03  -1.703046e-03;
   3.210936e-03  -1.703046e-03  -8.375870e-03]
intgraF=[ ...  
   1.002155e+00   1.781257e-03  -1.920079e-03;
  -2.774707e-03   1.004212e+00   6.010810e-03;
   9.869738e-03  -1.135091e-02   9.847963e-01]
F=[ ...        
   9.997144e-01   2.287603e-03   3.358383e-04;
  -2.961672e-03   1.003869e+00   4.226356e-03;
   6.000588e-03  -7.524646e-03   9.917070e-01]
R=[ ...        
   9.999925e-01   2.635227e-03  -2.833594e-03;
  -2.618486e-03   9.999792e-01   5.895803e-03;
   2.849072e-03  -5.888339e-03   9.999786e-01]
U=[ ...        
   9.997318e-01  -3.624691e-04   3.150213e-03;
  -3.624691e-04   1.003898e+00  -1.612354e-03;
   3.150213e-03  -1.612354e-03   9.917098e-01]
l=[ ...        
  -1.759669e-02   2.056178e-01   4.421298e-02;
  -2.902914e-01   3.471787e-01   4.347704e-01;
   5.862277e-01  -1.053843e+00  -7.937326e-01]
d=[ ...        
  -1.759669e-02  -4.233683e-02   3.152204e-01;
  -4.233683e-02   3.471787e-01  -3.095363e-01;
   3.152204e-01  -3.095363e-01  -7.937326e-01]
     iteration=           3999       process=              5       (i,j,k)=              1              0              1       (x,y,z)=   1.499544e-02   5.003997e-03   1.429985e-02     particles=             43
fabric=[ ...   
   3.670134e-01  -1.794452e-02  -2.646440e-02;
  -1.794452e-02   3.849469e-01  -4.015110e-02;
  -2.646440e-02  -4.015110e-02   2.480396e-01]
sigma=[ ...    
  -9.587545e+02   1.715022e+02   7.763031e+02;
   4.742391e+02  -1.555321e+03   3.595028e+02;
   4.938008e+02   1.329260e+02  -2.497570e+02]
sigmaDot=[ ... 
   7.403755e+06  -1.528294e+05   2.032057e+06;
  -4.037258e+06  -9.514942e+06   3.156402e+06;
   1.107032e+07   1.870669e+05   5.199391e+06]
intgraE=[ ...  
   1.113889e-02  -1.985114e-03   1.227906e-02;
  -1.985114e-03   6.006405e-03  -9.263992e-03;
   1.227906e-02  -9.263992e-03   1.234955e-02]
E=[ ...        
   6.812105e-03  -1.650862e-03   1.143865e-02;
  -1.650862e-03   4.224223e-03  -1.256637e-03;
   1.143865e-02  -1.256637e-03  -2.753682e-02]
e=[ ...        
   6.304167e-03  -1.577102e-03   1.216219e-02;
  -1.577102e-03   4.176822e-03  -1.271186e-03;
   1.216219e-02  -1.271186e-03  -2.928913e-02]
intgraF=[ ...  
   1.010784e+00  -5.135160e-03  -5.719704e-05;
   1.444862e-03   1.005930e+00  -8.777650e-03;
   2.433089e-02  -9.581340e-03   1.012236e+00]
F=[ ...        
   1.006634e+00  -2.870594e-03   5.694408e-03;
  -3.899463e-04   1.004211e+00  -1.361522e-03;
   1.763744e-02  -1.162149e-03   9.720556e-01]
R=[ ...        
   9.999810e-01  -1.238397e-03  -6.036526e-03;
   1.237714e-03   9.999992e-01  -1.169070e-04;
   6.036666e-03   1.094332e-04   9.999818e-01]
U=[ ...        
   1.006721e+00  -1.634629e-03   1.156059e-02;
  -1.634629e-03   1.004213e+00  -1.262198e-03;
   1.156059e-02  -1.262198e-03   9.720037e-01]
l=[ ...        
   1.265176e+00  -4.315153e-01  -1.987657e-01;
   3.651563e-01   7.700847e-01  -6.926804e-01;
   1.711810e+00  -1.584605e+00   3.291198e-01]
d=[ ...        
   1.265176e+00  -3.317949e-02   7.565222e-01;
  -3.317949e-02   7.700847e-01  -1.138643e+00;
   7.565222e-01  -1.138643e+00   3.291198e-01]
     iteration=           3999       process=              6       (i,j,k)=              1              1              0       (x,y,z)=   1.499544e-02   1.499509e-02   4.773145e-03     particles=             56
fabric=[ ...   
   2.963973e-01   1.703820e-01  -5.661104e-02;
   1.703820e-01   4.125176e-01  -1.030757e-02;
  -5.661104e-02  -1.030757e-02   2.910851e-01]
sigma=[ ...    
  -9.138380e+02  -7.491014e+02   6.110676e+02;
  -1.526269e+03  -7.918482e+02   4.539923e+02;
   5.786344e+02   8.519439e+02  -1.582723e+03]
sigmaDot=[ ... 
  -7.431671e+06  -1.091945e+07  -8.218499e+06;
  -2.939586e+06  -8.189640e+05  -8.362415e+06;
  -9.119890e+06  -8.982549e+06   2.896876e+07]
intgraE=[ ...  
  -2.095970e-03  -4.395892e-03   1.493459e-03;
  -4.395892e-03  -6.983529e-03   3.820077e-03;
   1.493459e-03   3.820077e-03  -4.229743e-03]
E=[ ...        
  -1.967755e-03  -3.050250e-03   9.755264e-04;
  -3.050250e-03  -4.908957e-03   2.483231e-03;
   9.755264e-04   2.483231e-03  -3.589364e-03]
e=[ ...        
  -2.003549e-03  -3.106918e-03   1.001537e-03;
  -3.106918e-03  -4.996168e-03   2.521692e-03;
   1.001537e-03   2.521692e-03  -3.616118e-03]
intgraF=[ ...  
   9.978788e-01  -3.748142e-03  -1.428593e-03;
  -5.121633e-03   9.929553e-01   3.308955e-06;
   4.431286e-03   7.664007e-03   9.957602e-01]
F=[ ...        
   9.980184e-01  -2.746031e-03  -1.534059e-03;
  -3.391386e-03   9.950662e-01   7.654799e-04;
   3.497248e-03   4.215711e-03   9.964027e-01]
R=[ ...        
   9.999968e-01   3.239040e-04  -2.526040e-03;
  -3.282893e-04   9.999984e-01  -1.735817e-03;
   2.525474e-03   1.736640e-03   9.999953e-01]
U=[ ...        
   9.980251e-01  -3.062045e-03   9.820841e-04;
  -3.062045e-03   9.950711e-01   2.495375e-03;
   9.820841e-04   2.495375e-03   9.964006e-01]
l=[ ...        
  -2.254297e-01  -2.342519e-01  -2.476647e-01;
  -5.312915e-01  -3.890879e-01  -1.095178e-01;
   2.599833e-01   6.663508e-01  -4.844890e-01]
d=[ ...        
  -2.254297e-01  -3.827717e-01   6.159302e-03;
  -3.827717e-01  -3.890879e-01   2.784165e-01;
   6.159302e-03   2.784165e-01  -4.844890e-01]
     iteration=           3999       process=              7       (i,j,k)=              1              1              1       (x,y,z)=   1.499544e-02   1.499509e-02   1.429985e-02     particles=             51
fabric=[ ...   
   1.645717e-01   4.368817e-02   1.861528e-02;
   4.368817e-02   5.748216e-01  -1.728357e-01;
   1.861528e-02  -1.728357e-01   2.606067e-01]
sigma=[ ...    
  -2.478713e+02  -4.448335e+02   1.401318e+02;
  -6.078821e+02  -1.560357e+03   2.744567e+01;
  -5.220970e+01   6.882758e+01  -2.461446e+02]
sigmaDot=[ ... 
   1.013734e+07  -2.162430e+06   5.094776e+06;
  -3.563827e+05  -1.299873e+07  -3.629306e+05;
  -2.193235e+06  -9.614357e+05  -1.457478e+06]
intgraE=[ ...  
   2.614286e-03   1.006784e-03  -7.129619e-04;
   1.006784e-03  -4.445090e-03  -2.556734e-03;
  -7.129619e-04  -2.556734e-03  -1.341142e-02]
E=[ ...        
   3.421320e-03  -9.677367e-04  -3.126379e-03;
  -9.677367e-04   1.782376e-03  -6.460044e-04;
  -3.126379e-03  -6.460044e-04  -1.801257e-02]
e=[ ...        
   3.381669e-03  -9.619560e-04  -3.203914e-03;
  -9.619560e-04   1.772952e-03  -6.791836e-04;
  -3.203914e-03  -6.791836e-04  -1.871262e-02]
intgraF=[ ...  
   1.002609e+00   3.787904e-03  -1.475902e-03;
  -1.792187e-03   9.955376e-01  -4.472610e-03;
   4.644136e-05  -6.642035e-04   9.864862e-01]
F=[ ...        
   1.003412e+00  -1.013491e-03  -3.970500e-03;
  -9.188760e-04   1.001780e+00  -4.509314e-04;
  -2.311153e-03  -8.599377e-04   9.818141e-01]
R=[ ...        
   9.999996e-01  -4.769451e-05  -8.357679e-04;
   4.786657e-05   1.000000e+00   2.058431e-04;
   8.357581e-04  -2.058831e-04   9.999996e-01]
U=[ ...        
   1.003410e+00  -9.662574e-04  -3.149961e-03;
  -9.662574e-04   1.001780e+00  -6.528809e-04;
  -3.149961e-03  -6.528809e-04   9.818169e-01]
l=[ ...        
   3.361343e-02   5.166853e-01   3.194001e-01;
  -2.282980e-01  -2.403310e-01   1.298147e-02;
   1.392910e-01   2.195611e-02   3.840002e-01]
d=[ ...        
   3.361343e-02   1.441937e-01   2.293456e-01;
   1.441937e-01  -2.403310e-01   1.746879e-02;
   2.293456e-01   1.746879e-02   3.840002e-01]
