     iteration=          24698       process=              0       (i,j,k)=              0              0              0       (x,y,z)=   4.996869e-03   5.009683e-03   4.584180e-03     particles=             75
fabric=[ ...   
   4.076903e-01   3.808053e-02   1.129003e-02;
   3.808053e-02   3.100737e-01   2.987637e-02;
   1.129003e-02   2.987637e-02   2.822360e-01]
sigma=[ ...    
  -3.669622e+03  -2.199241e+02  -2.676446e+02;
  -2.819697e+02  -3.027472e+03  -4.224749e+02;
  -1.335281e+02  -4.227126e+02  -3.104244e+03]
sigmaDot=[ ... 
   0.000000e+00   0.000000e+00   0.000000e+00;
   0.000000e+00   0.000000e+00   0.000000e+00;
   0.000000e+00   0.000000e+00   0.000000e+00]
intgraE=[ ...  
  -5.000000e-01   0.000000e+00   0.000000e+00;
   0.000000e+00  -5.000000e-01   0.000000e+00;
   0.000000e+00   0.000000e+00  -5.000000e-01]
E=[ ...        
  -8.672768e-03   1.029446e-02  -1.495844e-02;
   1.029446e-02   9.597204e-03  -1.141268e-02;
  -1.495844e-02  -1.141268e-02  -2.184236e-02]
e=[ ...        
  -9.393472e-03   9.917183e-03  -1.587169e-02;
   9.917183e-03   8.624903e-03  -1.159499e-02;
  -1.587169e-02  -1.159499e-02  -2.338716e-02]
intgraF=[ ...  
   0.000000e+00   0.000000e+00   0.000000e+00;
   0.000000e+00   0.000000e+00   0.000000e+00;
   0.000000e+00   0.000000e+00   0.000000e+00]
F=[ ...        
   9.911604e-01   1.687138e-02  -1.479344e-02;
   3.516852e-03   1.009205e+00  -2.641807e-03;
  -1.559106e-02  -2.036172e-02   9.777983e-01]
R=[ ...        
   9.999781e-01   6.608833e-03   4.270953e-04;
  -6.612359e-03   9.999389e-01   8.863460e-03;
  -3.684920e-04  -8.866089e-03   9.999606e-01]
U=[ ...        
   9.911212e-01   1.020528e-02  -1.513596e-02;
   1.020528e-02   1.009436e+00  -1.140866e-02;
  -1.513596e-02  -1.140866e-02   9.777300e-01]
l=[ ...        
  -9.402762e-02   1.357884e-01  -1.016174e-01;
  -1.900453e-02  -4.005939e-02   3.197458e-02;
  -8.767627e-03  -6.465554e-02   1.249430e-01]
d=[ ...        
  -9.402762e-02   5.839193e-02  -5.519250e-02;
   5.839193e-02  -4.005939e-02  -1.634048e-02;
  -5.519250e-02  -1.634048e-02   1.249430e-01]
     iteration=          24698       process=              1       (i,j,k)=              0              0              1       (x,y,z)=   4.996869e-03   5.009683e-03   1.374624e-02     particles=             54
fabric=[ ...   
   3.859150e-01  -1.078289e-02  -1.991297e-02;
  -1.078289e-02   3.709848e-01   1.320283e-02;
  -1.991297e-02   1.320283e-02   2.431002e-01]
sigma=[ ...    
  -2.533995e+03   4.383529e+01  -1.720533e+01;
   7.378260e+01  -1.562519e+03  -4.009352e+01;
  -6.122664e+01  -4.086717e+01  -1.112783e+03]
sigmaDot=[ ... 
   0.000000e+00   0.000000e+00   0.000000e+00;
   0.000000e+00   0.000000e+00   0.000000e+00;
   0.000000e+00   0.000000e+00   0.000000e+00]
intgraE=[ ...  
  -5.000000e-01   0.000000e+00   0.000000e+00;
   0.000000e+00  -5.000000e-01   0.000000e+00;
   0.000000e+00   0.000000e+00  -5.000000e-01]
E=[ ...        
  -5.982134e-02   3.260710e-03   1.041669e-02;
   3.260710e-03   2.748521e-02  -6.711770e-02;
   1.041669e-02  -6.711770e-02   3.549139e-01]
e=[ ...        
  -6.787505e-02   8.283396e-03  -6.841280e-03;
   8.283396e-03   1.993021e-02  -3.478273e-02;
  -6.841280e-03  -3.478273e-02   2.055540e-01]
intgraF=[ ...  
   0.000000e+00   0.000000e+00   0.000000e+00;
   0.000000e+00   0.000000e+00   0.000000e+00;
   0.000000e+00   0.000000e+00   0.000000e+00]
F=[ ...        
   9.365058e-01   3.090960e-02  -5.470733e-02;
  -1.811057e-02   1.024198e+00  -3.895858e-02;
   5.464642e-02  -7.094315e-02   1.305878e+00]
R=[ ...        
   9.985608e-01   2.394510e-02  -4.798981e-02;
  -2.327824e-02   9.996252e-01   1.440697e-02;
   4.831680e-02  -1.326912e-02   9.987439e-01]
U=[ ...        
   9.382199e-01   3.595836e-03   9.374130e-03;
   3.595836e-03   1.025496e+00  -5.758180e-02;
   9.374130e-03  -5.758180e-02   1.306302e+00]
l=[ ...        
   9.663746e-02  -2.332802e-01   3.038997e-01;
  -1.834548e-01   1.703623e-01  -8.628528e-02;
  -2.448392e-01   7.864731e-02  -2.275415e-01]
d=[ ...        
   9.663746e-02  -2.083675e-01   2.953024e-02;
  -2.083675e-01   1.703623e-01  -3.818986e-03;
   2.953024e-02  -3.818986e-03  -2.275415e-01]
     iteration=          24698       process=              2       (i,j,k)=              0              1              0       (x,y,z)=   4.996869e-03   1.499318e-02   4.584180e-03     particles=             69
fabric=[ ...   
   3.063961e-01  -1.823959e-02   3.889677e-03;
  -1.823959e-02   3.250816e-01   1.898010e-03;
   3.889677e-03   1.898010e-03   3.685223e-01]
sigma=[ ...    
  -1.055111e+03   2.508939e+02   1.785879e+01;
   1.860969e+02  -1.202460e+03  -5.582370e+01;
   8.968673e+01  -1.207170e+02  -1.308935e+03]
sigmaDot=[ ... 
   0.000000e+00   0.000000e+00   0.000000e+00;
   0.000000e+00   0.000000e+00   0.000000e+00;
   0.000000e+00   0.000000e+00   0.000000e+00]
intgraE=[ ...  
  -5.000000e-01   0.000000e+00   0.000000e+00;
   0.000000e+00  -5.000000e-01   0.000000e+00;
   0.000000e+00   0.000000e+00  -5.000000e-01]
E=[ ...        
   3.456650e-03   9.944322e-03  -1.338309e-02;
   9.944322e-03  -1.075476e-02   1.000290e-02;
  -1.338309e-02   1.000290e-02  -2.966917e-02]
e=[ ...        
   2.007409e-03   1.076552e-02  -1.528891e-02;
   1.076552e-02  -1.149383e-02   1.093879e-02;
  -1.528891e-02   1.093879e-02  -3.128616e-02]
intgraF=[ ...  
   0.000000e+00   0.000000e+00   0.000000e+00;
   0.000000e+00   0.000000e+00   0.000000e+00;
   0.000000e+00   0.000000e+00   0.000000e+00]
F=[ ...        
   1.002535e+00   9.789236e-03   1.336408e-02;
   1.074773e-02   9.890478e-01   6.970492e-03;
  -4.149383e-02   1.338560e-02   9.697600e-01]
R=[ ...        
   9.996127e-01  -5.516140e-04   2.782522e-02;
   6.466592e-04   9.999940e-01  -3.406911e-03;
  -2.782317e-02   3.423584e-03   9.996070e-01]
U=[ ...        
   1.003308e+00   1.005259e-02  -1.361839e-02;
   1.005259e-02   9.890822e-01   1.028313e-02;
  -1.361839e-02   1.028313e-02   9.697270e-01]
l=[ ...        
   6.426952e-02   1.099379e-01   1.661102e-01;
  -3.293408e-02  -1.642532e-01   6.529775e-02;
  -6.003658e-02  -1.049971e-01   1.800297e-02]
d=[ ...        
   6.426952e-02   3.850192e-02   5.303681e-02;
   3.850192e-02  -1.642532e-01  -1.984969e-02;
   5.303681e-02  -1.984969e-02   1.800297e-02]
     iteration=          24698       process=              3       (i,j,k)=              0              1              1       (x,y,z)=   4.996869e-03   1.499318e-02   1.374624e-02     particles=             46
fabric=[ ...   
   3.549315e-01   1.394160e-02   2.783896e-02;
   1.394160e-02   3.208191e-01   6.517700e-02;
   2.783896e-02   6.517700e-02   3.242494e-01]
sigma=[ ...    
  -1.668749e+03   4.146814e+02  -1.005693e+02;
   4.433485e+02  -2.745951e+03  -7.116158e+02;
  -1.335023e+02  -7.301944e+02  -3.576438e+03]
sigmaDot=[ ... 
   0.000000e+00   0.000000e+00   0.000000e+00;
   0.000000e+00   0.000000e+00   0.000000e+00;
   0.000000e+00   0.000000e+00   0.000000e+00]
intgraE=[ ...  
  -5.000000e-01   0.000000e+00   0.000000e+00;
   0.000000e+00  -5.000000e-01   0.000000e+00;
   0.000000e+00   0.000000e+00  -5.000000e-01]
E=[ ...        
   2.633799e-03   4.954931e-03   1.111913e-03;
   4.954931e-03  -9.524424e-03   1.266342e-02;
   1.111913e-03   1.266342e-02   3.030131e-02]
e=[ ...        
   2.704205e-03   4.615075e-03   6.911042e-04;
   4.615075e-03  -9.938713e-03   1.268146e-02;
   6.911042e-04   1.268146e-02   2.800640e-02]
intgraF=[ ...  
   0.000000e+00   0.000000e+00   0.000000e+00;
   0.000000e+00   0.000000e+00   0.000000e+00;
   0.000000e+00   0.000000e+00   0.000000e+00]
F=[ ...        
   1.002434e+00   2.130441e-02  -1.403248e-02;
  -1.157552e-02   9.902001e-01   2.486729e-02;
   1.610390e-02   9.735264e-04   1.029460e+00]
R=[ ...        
   9.997503e-01   1.668742e-02  -1.486237e-02;
  -1.650979e-02   9.997917e-01   1.199554e-02;
   1.505945e-02  -1.174717e-02   9.998176e-01]
U=[ ...        
   1.002617e+00   4.965756e-03   1.063563e-03;
   4.965756e-03   9.903380e-01   1.253470e-02;
   1.063563e-03   1.253470e-02   1.029779e+00]
l=[ ...        
  -1.136197e-01   9.787027e-02  -2.038476e-01;
  -3.477433e-02  -1.532161e-01  -6.053836e-02;
   1.700310e-01  -1.490067e-01  -1.253548e-01]
d=[ ...        
  -1.136197e-01   3.154797e-02  -1.690830e-02;
   3.154797e-02  -1.532161e-01  -1.047725e-01;
  -1.690830e-02  -1.047725e-01  -1.253548e-01]
     iteration=          24698       process=              4       (i,j,k)=              1              0              0       (x,y,z)=   1.496816e-02   5.009683e-03   4.584180e-03     particles=             67
fabric=[ ...   
   3.514593e-01  -4.651650e-03  -1.443767e-02;
  -4.651650e-03   3.290331e-01   3.773418e-03;
  -1.443767e-02   3.773418e-03   3.195076e-01]
sigma=[ ...    
  -2.363635e+03  -1.842709e+02  -2.357594e+02;
  -1.891941e+02  -2.006133e+03  -2.446116e+02;
  -1.688157e+02  -2.764496e+02  -1.791161e+03]
sigmaDot=[ ... 
   0.000000e+00   0.000000e+00   0.000000e+00;
   0.000000e+00   0.000000e+00   0.000000e+00;
   0.000000e+00   0.000000e+00   0.000000e+00]
intgraE=[ ...  
  -5.000000e-01   0.000000e+00   0.000000e+00;
   0.000000e+00  -5.000000e-01   0.000000e+00;
   0.000000e+00   0.000000e+00  -5.000000e-01]
E=[ ...        
   6.577753e-02   3.803887e-02   2.291246e-02;
   3.803887e-02   1.991980e-02  -5.445783e-04;
   2.291246e-02  -5.445783e-04  -9.941815e-03]
e=[ ...        
   5.344673e-02   3.358599e-02   2.115015e-02;
   3.358599e-02   1.777657e-02  -1.782048e-03;
   2.115015e-02  -1.782048e-03  -1.047557e-02]
intgraF=[ ...  
   0.000000e+00   0.000000e+00   0.000000e+00;
   0.000000e+00   0.000000e+00   0.000000e+00;
   0.000000e+00   0.000000e+00   0.000000e+00]
F=[ ...        
   1.061745e+00   2.011691e-02   8.681643e-03;
   5.436188e-02   1.019344e+00   1.748791e-02;
   3.602343e-02  -1.928643e-02   9.898157e-01]
R=[ ...        
   9.997745e-01  -1.613204e-02  -1.381190e-02;
   1.638304e-02   9.996991e-01   1.825734e-02;
   1.351322e-02  -1.847951e-02   9.997379e-01]
U=[ ...        
   1.062883e+00   3.655172e-02   2.234178e-02;
   3.655172e-02   1.019070e+00  -9.487074e-04;
   2.234178e-02  -9.487074e-04   9.897557e-01]
l=[ ...        
   5.883317e-02   2.370941e-02   5.349233e-03;
  -9.807687e-02  -4.751822e-02   3.278419e-02;
  -5.346228e-03  -3.215304e-02   6.125456e-02]
d=[ ...        
   5.883317e-02  -3.718373e-02   1.502255e-06;
  -3.718373e-02  -4.751822e-02   3.155742e-04;
   1.502255e-06   3.155742e-04   6.125456e-02]
     iteration=          24698       process=              5       (i,j,k)=              1              0              1       (x,y,z)=   1.496816e-02   5.009683e-03   1.374624e-02     particles=             43
fabric=[ ...   
   3.346870e-01  -8.600793e-03   1.834447e-02;
  -8.600793e-03   3.307512e-01  -4.488473e-02;
   1.834447e-02  -4.488473e-02   3.186888e-01]
sigma=[ ...    
  -2.491451e+03   2.687345e+02  -2.035620e+02;
   2.925540e+02  -2.676738e+03  -2.164114e+02;
  -1.675619e+02  -1.851131e+02  -2.854562e+03]
sigmaDot=[ ... 
   0.000000e+00   0.000000e+00   0.000000e+00;
   0.000000e+00   0.000000e+00   0.000000e+00;
   0.000000e+00   0.000000e+00   0.000000e+00]
intgraE=[ ...  
  -5.000000e-01   0.000000e+00   0.000000e+00;
   0.000000e+00  -5.000000e-01   0.000000e+00;
   0.000000e+00   0.000000e+00  -5.000000e-01]
E=[ ...        
   8.608133e-03   1.725097e-02  -1.295210e-02;
   1.725097e-02   2.194224e-02  -1.859562e-02;
  -1.295210e-02  -1.859562e-02  -8.447461e-02]
e=[ ...        
   8.253120e-03   1.641917e-02  -9.009080e-03;
   1.641917e-02   1.920021e-02  -2.330181e-02;
  -9.009080e-03  -2.330181e-02  -1.031916e-01]
intgraF=[ ...  
   0.000000e+00   0.000000e+00   0.000000e+00;
   0.000000e+00   0.000000e+00   0.000000e+00;
   0.000000e+00   0.000000e+00   0.000000e+00]
F=[ ...        
   1.007329e+00   2.274160e-03  -5.964674e-02;
   3.313664e-02   1.020796e+00   2.070247e-03;
   3.749856e-02  -4.305863e-02   9.096641e-01]
R=[ ...        
   9.985739e-01  -1.522749e-02  -5.116850e-02;
   1.644670e-02   9.995887e-01   2.349144e-02;
   5.078974e-02  -2.429949e-02   9.984137e-01]
U=[ ...        
   1.008342e+00   1.687272e-02  -1.332602e-02;
   1.687272e-02   1.021388e+00  -1.912671e-02;
  -1.332602e-02  -1.912671e-02   9.113218e-01]
l=[ ...        
   5.896059e-02  -7.818057e-02   4.021640e-02;
   1.114533e-01   3.880565e-02  -1.020880e-01;
  -1.797642e-02  -7.515181e-02   1.909237e-01]
d=[ ...        
   5.896059e-02   1.663635e-02   1.111999e-02;
   1.663635e-02   3.880565e-02  -8.861992e-02;
   1.111999e-02  -8.861992e-02   1.909237e-01]
     iteration=          24698       process=              6       (i,j,k)=              1              1              0       (x,y,z)=   1.496816e-02   1.499318e-02   4.584180e-03     particles=             59
fabric=[ ...   
   3.183607e-01   3.399214e-05  -3.548198e-02;
   3.399214e-05   3.364422e-01  -1.820080e-02;
  -3.548198e-02  -1.820080e-02   3.451972e-01]
sigma=[ ...    
  -1.778060e+03  -3.028708e+02   2.566103e+02;
  -3.332014e+02  -2.360301e+03   2.262341e+02;
   2.316641e+02   2.311408e+02  -1.484993e+03]
sigmaDot=[ ... 
   0.000000e+00   0.000000e+00   0.000000e+00;
   0.000000e+00   0.000000e+00   0.000000e+00;
   0.000000e+00   0.000000e+00   0.000000e+00]
intgraE=[ ...  
  -5.000000e-01   0.000000e+00   0.000000e+00;
   0.000000e+00  -5.000000e-01   0.000000e+00;
   0.000000e+00   0.000000e+00  -5.000000e-01]
E=[ ...        
  -6.618849e-04   8.295471e-03   1.291372e-02;
   8.295471e-03  -1.307846e-02   1.339883e-02;
   1.291372e-02   1.339883e-02  -1.179579e-02]
e=[ ...        
  -1.149962e-03   8.093391e-03   1.316098e-02;
   8.093391e-03  -1.384130e-02   1.382703e-02;
   1.316098e-02   1.382703e-02  -1.290235e-02]
intgraF=[ ...  
   0.000000e+00   0.000000e+00   0.000000e+00;
   0.000000e+00   0.000000e+00   0.000000e+00;
   0.000000e+00   0.000000e+00   0.000000e+00]
F=[ ...        
   9.991498e-01   1.759238e-02   6.737446e-03;
  -1.081733e-03   9.866692e-01   2.285854e-02;
   1.935569e-02   4.176062e-03   9.878464e-01]
R=[ ...        
   9.999340e-01   9.540184e-03  -6.408660e-03;
  -9.478541e-03   9.999092e-01   9.581251e-03;
   6.499485e-03  -9.519873e-03   9.999336e-01]
U=[ ...        
   9.992199e-01   8.266175e-03   1.294083e-02;
   8.266175e-03   9.867077e-01   1.351657e-02;
   1.294083e-02   1.351657e-02   9.879566e-01]
l=[ ...        
  -1.254656e-01   4.275307e-01   1.562862e-01;
   5.832694e-02  -7.673721e-02   9.847986e-03;
   1.373145e-01   1.111661e-01  -2.843294e-03]
d=[ ...        
  -1.254656e-01   2.429288e-01   1.468004e-01;
   2.429288e-01  -7.673721e-02   6.050705e-02;
   1.468004e-01   6.050705e-02  -2.843294e-03]
     iteration=          24698       process=              7       (i,j,k)=              1              1              1       (x,y,z)=   1.496816e-02   1.499318e-02   1.374624e-02     particles=             52
fabric=[ ...   
   3.285732e-01  -8.445102e-02   7.328760e-03;
  -8.445102e-02   2.968833e-01  -2.578305e-02;
   7.328760e-03  -2.578305e-02   3.388292e-01]
sigma=[ ...    
  -2.069289e+02   6.477340e+01   4.591421e+00;
   1.152962e+02  -1.396819e+02   4.269999e+01;
  -1.205688e+01   2.383776e+01  -2.425152e+02]
sigmaDot=[ ... 
   0.000000e+00   0.000000e+00   0.000000e+00;
   0.000000e+00   0.000000e+00   0.000000e+00;
   0.000000e+00   0.000000e+00   0.000000e+00]
intgraE=[ ...  
  -5.000000e-01   0.000000e+00   0.000000e+00;
   0.000000e+00  -5.000000e-01   0.000000e+00;
   0.000000e+00   0.000000e+00  -5.000000e-01]
E=[ ...        
   2.235463e-02  -2.132237e-03  -2.267360e-02;
  -2.132237e-03  -7.575276e-02   2.762404e-03;
  -2.267360e-02   2.762404e-03   2.004956e-02]
e=[ ...        
   2.171911e-02  -1.172822e-03  -2.083772e-02;
  -1.172822e-03  -8.939354e-02   1.517001e-03;
  -2.083772e-02   1.517001e-03   1.719547e-02]
intgraF=[ ...  
   0.000000e+00   0.000000e+00   0.000000e+00;
   0.000000e+00   0.000000e+00   0.000000e+00;
   0.000000e+00   0.000000e+00   0.000000e+00]
F=[ ...        
   1.022063e+00  -1.003540e-02  -5.168922e-02;
   6.395906e-03   9.209803e-01  -9.766942e-03;
   7.407911e-03   1.374700e-02   1.018495e+00]
R=[ ...        
   9.995465e-01  -8.459487e-03  -2.889882e-02;
   8.110564e-03   9.998931e-01  -1.216990e-02;
   2.899868e-02   1.193000e-02   9.995083e-01]
U=[ ...        
   1.021867e+00  -2.162534e-03  -2.220999e-02;
  -2.162534e-03   9.211307e-01   2.822009e-03;
  -2.220999e-02   2.822009e-03   1.019607e+00]
l=[ ...        
  -2.386372e-02  -1.464973e-01  -2.688959e-01;
   2.483885e-02   3.937714e-04  -7.477502e-02;
  -4.004625e-01   5.750536e-02   2.813180e-01]
d=[ ...        
  -2.386372e-02  -6.082920e-02  -3.346792e-01;
  -6.082920e-02   3.937714e-04  -8.634832e-03;
  -3.346792e-01  -8.634832e-03   2.813180e-01]
