     iteration=           9999       process=              0       (i,j,k)=              0              0              0       (x,y,z)=   4.997603e-03   5.006895e-03   4.626062e-03     particles=             76
fabric=[ ...   
   3.651116e-01   3.282294e-02   4.196997e-03;
   3.282294e-02   3.132211e-01   7.335050e-02;
   4.196997e-03   7.335050e-02   3.216673e-01]
sigma=[ ...    
  -1.570928e+03  -2.908094e+02  -1.238093e+02;
  -7.654770e+01  -1.753619e+03  -4.841882e+02;
   7.774396e+01  -3.435089e+02  -3.095496e+03]
sigmaDot=[ ... 
  -2.377709e+06  -1.011554e+06   8.356180e+05;
   3.098217e+06  -9.646472e+06  -3.349351e+06;
  -2.611570e+05  -5.945375e+06  -5.012055e+06]
intgraE=[ ...  
  -4.029435e-03   6.863908e-03  -8.217993e-03;
   6.863908e-03   3.964594e-03  -6.810266e-03;
  -8.217993e-03  -6.810266e-03  -1.998891e-02]
E=[ ...        
  -5.526584e-03   6.758321e-03  -1.274068e-02;
   6.758321e-03   4.818617e-03  -7.311305e-03;
  -1.274068e-02  -7.311305e-03  -1.929195e-02]
e=[ ...        
  -6.024593e-03   6.517198e-03  -1.336616e-02;
   6.517198e-03   4.482034e-03  -7.483996e-03;
  -1.336616e-02  -7.483996e-03  -2.043177e-02]
intgraF=[ ...  
   9.959171e-01   7.364843e-03  -9.474888e-03;
   6.253062e-03   1.003798e+00   2.346249e-03;
  -7.159370e-03  -1.623452e-02   9.797586e-01]
F=[ ...        
   9.943498e-01   7.924156e-03  -1.217989e-02;
   5.438103e-03   1.004695e+00  -2.023504e-03;
  -1.362580e-02  -1.274232e-02   9.804405e-01]
R=[ ...        
   9.999990e-01   1.209534e-03   7.217335e-04;
  -1.213406e-03   9.999847e-01   5.388730e-03;
  -7.152046e-04  -5.389600e-03   9.999852e-01]
U=[ ...        
   9.943520e-01   6.714158e-03  -1.287864e-02;
   6.714158e-03   1.004758e+00  -7.322387e-03;
  -1.287864e-02  -7.322387e-03   9.804064e-01]
l=[ ...        
  -3.531253e-02   3.811142e-01  -1.547748e-01;
  -2.018314e-01   1.100995e-01   1.265532e-01;
  -1.869031e-01  -2.327373e-01  -2.838272e-01]
d=[ ...        
  -3.531253e-02   8.964142e-02  -1.708389e-01;
   8.964142e-02   1.100995e-01  -5.309204e-02;
  -1.708389e-01  -5.309204e-02  -2.838272e-01]
     iteration=           9999       process=              1       (i,j,k)=              0              0              1       (x,y,z)=   4.997603e-03   5.006895e-03   1.387167e-02     particles=             54
fabric=[ ...   
   3.855078e-01  -7.952058e-02  -1.568202e-02;
  -7.952058e-02   3.900948e-01  -3.488379e-02;
  -1.568202e-02  -3.488379e-02   2.243975e-01]
sigma=[ ...    
  -1.950603e+03   5.970188e+02  -2.287125e+01;
   4.605551e+02  -1.768303e+03   1.948656e+02;
  -1.423414e+02   9.087375e+01  -1.573363e+03]
sigmaDot=[ ... 
   6.744146e+06  -3.387920e+06   1.874764e+06;
  -8.589336e+06  -9.224653e+06   3.348476e+06;
   1.162554e+06   7.874572e+06  -1.678311e+06]
intgraE=[ ...  
  -1.775243e-02   2.686777e-03  -2.419712e-03;
   2.686777e-03   1.158040e-02  -3.272224e-02;
  -2.419712e-03  -3.272224e-02   3.307744e-02]
E=[ ...        
  -3.766039e-02   1.810728e-02  -1.648219e-03;
   1.810728e-02  -6.693105e-03   4.285993e-02;
  -1.648219e-03   4.285993e-02   2.194915e-01]
e=[ ...        
  -4.101122e-02   1.742774e-02  -1.435744e-02;
   1.742774e-02  -6.896229e-03   3.791920e-02;
  -1.435744e-02   3.791920e-02   1.469319e-01]
intgraF=[ ...  
   9.820711e-01   4.767038e-04  -1.627518e-03;
   4.694633e-03   1.010134e+00  -1.080599e-02;
  -3.089963e-03  -5.281233e-02   1.032490e+00]
F=[ ...        
   9.597374e-01   5.957811e-03  -7.015867e-02;
   3.076838e-02   9.932657e-01   8.823347e-02;
   5.134750e-02  -1.257193e-03   1.194268e+00]
R=[ ...        
   9.983408e-01  -1.044852e-02  -5.662564e-02;
   1.278186e-02   9.990773e-01   4.100209e-02;
   5.614498e-02  -4.165784e-02   9.975532e-01]
U=[ ...        
   9.614212e-01   1.857312e-02  -1.862325e-03;
   1.857312e-02   9.923393e-01   3.913449e-02;
  -1.862325e-03   3.913449e-02   1.198936e+00]
l=[ ...        
  -2.369085e-01   8.106186e-01   4.590324e-01;
  -2.768831e-01   6.086414e-02  -4.181116e-01;
   1.750482e-01  -5.573793e-01   6.083731e-01]
d=[ ...        
  -2.369085e-01   2.668677e-01   3.170403e-01;
   2.668677e-01   6.086414e-02  -4.877454e-01;
   3.170403e-01  -4.877454e-01   6.083731e-01]
     iteration=           9999       process=              2       (i,j,k)=              0              1              0       (x,y,z)=   4.997603e-03   1.499948e-02   4.626062e-03     particles=             70
fabric=[ ...   
   2.691846e-01  -6.636006e-02  -4.456650e-02;
  -6.636006e-02   3.164599e-01  -3.097013e-02;
  -4.456650e-02  -3.097013e-02   4.143555e-01]
sigma=[ ...    
  -1.620293e+03   6.716367e+02   4.554787e+02;
   6.635784e+02  -1.783391e+03   1.258377e+02;
   7.547276e+01  -9.975394e+01  -2.882682e+03]
sigmaDot=[ ... 
   2.046562e+06   4.137038e+05   3.045368e+06;
  -1.096101e+07   2.393668e+06   9.405040e+06;
  -6.327298e+06  -4.097523e+06   1.495355e+07]
intgraE=[ ...  
   8.658907e-03   8.323343e-05  -4.273634e-03;
   8.323343e-05  -7.292590e-03   4.856482e-03;
  -4.273634e-03   4.856482e-03  -1.771265e-02]
E=[ ...        
   2.213382e-02   4.289700e-04   3.193090e-04;
   4.289700e-04  -7.501721e-03   8.763676e-03;
   3.193090e-04   8.763676e-03  -1.631619e-02]
e=[ ...        
   2.119028e-02   6.412781e-04   5.401378e-05;
   6.412781e-04  -7.855448e-03   9.239204e-03;
   5.401378e-05   9.239204e-03  -1.695336e-02]
intgraF=[ ...  
   1.008489e+00  -7.521248e-03   5.431519e-03;
   7.893221e-03   9.926350e-01   4.052718e-03;
  -1.431303e-02   5.835373e-03   9.821043e-01]
F=[ ...        
   1.021859e+00  -5.760495e-03   5.398810e-03;
   6.863136e-03   9.923641e-01   4.513806e-03;
  -4.991426e-03   1.329822e-02   9.835233e-01]
R=[ ...        
   9.999666e-01  -6.278875e-03   5.224099e-03;
   6.302049e-03   9.999703e-01  -4.431330e-03;
  -5.196120e-03   4.464105e-03   9.999765e-01]
U=[ ...        
   1.021894e+00   4.245254e-04   3.165710e-04;
   4.245254e-04   9.924302e-01   8.870325e-03;
   3.165710e-04   8.870325e-03   9.835084e-01]
l=[ ...        
   3.694561e-01  -2.346979e-01   1.035902e-01;
   8.264378e-04  -2.389835e-01   1.547706e-01;
  -3.177463e-01  -1.280312e-02  -1.690970e-01]
d=[ ...        
   3.694561e-01  -1.169357e-01  -1.070781e-01;
  -1.169357e-01  -2.389835e-01   7.098372e-02;
  -1.070781e-01   7.098372e-02  -1.690970e-01]
     iteration=           9999       process=              3       (i,j,k)=              0              1              1       (x,y,z)=   4.997603e-03   1.499948e-02   1.387167e-02     particles=             46
fabric=[ ...   
   3.416769e-01   6.917457e-03  -5.914921e-03;
   6.917457e-03   3.317545e-01   2.650546e-02;
  -5.914921e-03   2.650546e-02   3.265686e-01]
sigma=[ ...    
  -1.384532e+03  -8.676181e+01  -1.057793e+02;
   1.495411e+02  -2.123861e+03  -5.147049e+02;
  -3.138657e+02  -8.325790e+02  -1.885827e+03]
sigmaDot=[ ... 
  -1.484502e+06  -9.784616e+06  -1.391280e+07;
   1.146750e+07   4.020338e+06  -1.942486e+06;
  -4.697236e+06  -1.036758e+07  -1.275223e+06]
intgraE=[ ...  
  -1.421655e-03   1.469681e-03   9.419362e-04;
   1.469681e-03   5.211588e-04  -3.434205e-03;
   9.419362e-04  -3.434205e-03  -2.991519e-03]
E=[ ...        
   5.256113e-02   1.088338e-01  -3.023426e-02;
   1.088338e-01   8.859744e-02  -3.170530e-03;
  -3.023426e-02  -3.170530e-03  -9.325426e-03]
e=[ ...        
   4.243433e-02   8.869616e-02  -2.394900e-02;
   8.869616e-02   4.705626e-02   9.088923e-03;
  -2.394900e-02   9.088923e-03  -1.265921e-02]
intgraF=[ ...  
   9.985136e-01  -7.573812e-03  -2.169653e-03;
   1.048678e-02   1.000489e+00  -9.278144e-03;
   4.160252e-03   2.405158e-03   9.969585e-01]
F=[ ...        
   1.050725e+00   1.739692e-01  -6.362062e-02;
   3.234690e-02   1.070408e+00  -2.698442e-02;
   7.338558e-03   3.401206e-02   9.882173e-01]
R=[ ...        
   9.971956e-01   6.650861e-02  -3.431511e-02;
  -6.746993e-02   9.973378e-01  -2.766013e-02;
   3.238412e-02   2.989780e-02   9.990282e-01]
U=[ ...        
   1.045833e+00   1.023624e-01  -2.961902e-02;
   1.023624e-01   1.080145e+00  -1.598384e-03;
  -2.961902e-02  -1.598384e-03   9.901865e-01]
l=[ ...        
  -1.911170e-01   1.411594e-01  -5.567192e-01;
   1.676093e-01  -1.162761e-01  -7.710749e-01;
  -7.921996e-01  -5.482444e-01  -4.071568e-02]
d=[ ...        
  -1.911170e-01   1.543843e-01  -6.744594e-01;
   1.543843e-01  -1.162761e-01  -6.596596e-01;
  -6.744594e-01  -6.596596e-01  -4.071568e-02]
     iteration=           9999       process=              4       (i,j,k)=              1              0              0       (x,y,z)=   1.498795e-02   5.006895e-03   4.626062e-03     particles=             68
fabric=[ ...   
   2.834514e-01  -6.527140e-02   5.135236e-03;
  -6.527140e-02   2.742521e-01   1.223254e-02;
   5.135236e-03   1.223254e-02   4.422966e-01]
sigma=[ ...    
  -1.332312e+03   2.369811e+02  -1.719829e+02;
   2.287992e+02  -1.622386e+03  -3.843707e+02;
  -7.678881e+00  -4.395352e+02  -3.587543e+03]
sigmaDot=[ ... 
   1.836709e+06   2.502428e+06  -5.510118e+06;
  -4.089417e+06  -1.464598e+05   2.930889e+06;
   1.562050e+06  -3.831346e+05   6.150125e+06]
intgraE=[ ...  
   5.584211e-03   4.492602e-03   8.866474e-03;
   4.492602e-03   1.019266e-02  -3.953526e-03;
   8.866474e-03  -3.953526e-03  -3.238100e-02]
E=[ ...        
   1.110162e-02   8.282068e-03   1.013154e-02;
   8.282068e-03   9.162955e-03  -4.069881e-03;
   1.013154e-02  -4.069881e-03  -1.858648e-02]
e=[ ...        
   1.035690e-02   8.262204e-03   1.051598e-02;
   8.262204e-03   8.639922e-03  -4.741704e-03;
   1.051598e-02  -4.741704e-03  -1.919841e-02]
intgraF=[ ...  
   1.005407e+00   1.229180e-02   5.762930e-04;
  -2.956471e-03   1.009831e+00   1.303515e-02;
   1.777898e-02  -2.179698e-02   9.669890e-01]
F=[ ...        
   1.010823e+00   1.078270e-02   4.716095e-04;
   6.035392e-03   1.008843e+00   1.245402e-02;
   2.008973e-02  -2.110668e-02   9.811584e-01]
R=[ ...        
   9.999479e-01   2.498801e-03  -9.892360e-03;
  -2.331102e-03   9.998540e-01   1.692771e-02;
   9.933215e-03  -1.690377e-02   9.998078e-01]
U=[ ...        
   1.010956e+00   8.220764e-03   1.018861e-02;
   8.220764e-03   1.009079e+00  -4.131892e-03;
   1.018861e-02  -4.131892e-03   9.811759e-01]
l=[ ...        
   9.932722e-02   2.839776e-01   1.303307e-01;
  -1.589430e-01   3.385520e-01   1.467758e-01;
   1.436859e-01   2.919861e-02   2.670464e-02]
d=[ ...        
   9.932722e-02   6.251730e-02   1.370083e-01;
   6.251730e-02   3.385520e-01   8.798718e-02;
   1.370083e-01   8.798718e-02   2.670464e-02]
     iteration=           9999       process=              5       (i,j,k)=              1              0              1       (x,y,z)=   1.498795e-02   5.006895e-03   1.387167e-02     particles=             43
fabric=[ ...   
   2.657534e-01   1.148710e-02   3.588877e-03;
   1.148710e-02   4.071588e-01  -2.714397e-02;
   3.588877e-03  -2.714397e-02   3.270877e-01]
sigma=[ ...    
  -1.324486e+03   3.809983e+02  -3.096693e+02;
  -1.195189e+02  -2.327632e+03   4.021544e+02;
  -4.679641e+02   4.972266e+02  -5.019411e+03]
sigmaDot=[ ... 
  -3.931968e+06   8.645674e+05  -4.111868e+06;
  -8.633521e+06   2.058062e+06  -5.776013e+06;
   1.201333e+07   6.017116e+06   6.168400e+07]
intgraE=[ ...  
   6.577947e-03   5.045023e-03   2.049255e-02;
   5.045023e-03   1.524573e-02  -2.398859e-02;
   2.049255e-02  -2.398859e-02  -1.408788e-02]
E=[ ...        
   1.105013e-02   6.055761e-03   1.794676e-02;
   6.055761e-03   1.349568e-02  -6.361458e-03;
   1.794676e-02  -6.361458e-03  -7.288175e-02]
e=[ ...        
   9.081376e-03   6.641853e-03   2.236347e-02;
   6.641853e-03   1.274009e-02  -9.394679e-03;
   2.236347e-02  -9.394679e-03  -8.512980e-02]
intgraF=[ ...  
   1.005460e+00  -7.848700e-03  -1.009185e-03;
   1.943227e-02   1.014296e+00  -8.026203e-03;
   4.276394e-02  -4.041899e-02   9.857783e-01]
F=[ ...        
   1.010153e+00  -5.680713e-03   1.747226e-03;
   1.870060e-02   1.012951e+00   1.466637e-02;
   3.663364e-02  -2.983267e-02   9.241311e-01]
R=[ ...        
   9.997645e-01  -1.168845e-02  -1.828678e-02;
   1.210427e-02   9.996669e-01   2.279590e-02;
   1.801424e-02  -2.301188e-02   9.995729e-01]
U=[ ...        
   1.010801e+00   6.044243e-03   1.857186e-02;
   6.044243e-03   1.013366e+00  -6.624928e-03;
   1.857186e-02  -6.624928e-03   9.240388e-01]
l=[ ...        
  -1.757939e-01  -3.171585e-02  -1.211486e-02;
   4.731683e-01   8.836547e-02   5.726107e-02;
   2.792228e-01  -3.727774e-01  -5.216247e-01]
d=[ ...        
  -1.757939e-01   2.207262e-01   1.335540e-01;
   2.207262e-01   8.836547e-02  -1.577581e-01;
   1.335540e-01  -1.577581e-01  -5.216247e-01]
     iteration=           9999       process=              6       (i,j,k)=              1              1              0       (x,y,z)=   1.498795e-02   1.499948e-02   4.626062e-03     particles=             56
fabric=[ ...   
   2.785664e-01   1.207495e-02  -3.634869e-02;
   1.207495e-02   4.144509e-01  -2.033646e-02;
  -3.634869e-02  -2.033646e-02   3.069827e-01]
sigma=[ ...    
  -1.015330e+03  -2.786077e+02  -7.492578e+01;
  -3.830633e+02  -2.164786e+03  -3.027945e+02;
   1.294386e+02  -1.976023e+02  -2.069487e+03]
sigmaDot=[ ... 
   3.310666e+06   7.079830e+06   4.792654e+05;
   5.398507e+06   1.834947e+06   3.136347e+06;
  -7.393472e+05  -3.309418e+06  -1.069542e+07]
intgraE=[ ...  
  -1.194906e-02  -1.255576e-02   8.815984e-03;
  -1.255576e-02  -1.460129e-02   8.347581e-03;
   8.815984e-03   8.347581e-03  -2.293142e-02]
E=[ ...        
  -4.584313e-03  -1.149632e-02   8.086088e-03;
  -1.149632e-02  -8.190377e-03   6.353162e-03;
   8.086088e-03   6.353162e-03  -1.842418e-02]
e=[ ...        
  -5.230691e-03  -1.195825e-02   8.799685e-03;
  -1.195825e-02  -8.620455e-03   6.767967e-03;
   8.799685e-03   6.767967e-03  -1.925299e-02]
intgraF=[ ...  
   9.877128e-01  -1.164161e-02   5.578201e-06;
  -1.391498e-02   9.852076e-01   1.171016e-02;
   1.821324e-02   5.281184e-03   9.767293e-01]
F=[ ...        
   9.951780e-01  -1.004096e-02  -9.065364e-05;
  -1.317287e-02   9.917176e-01   9.037258e-03;
   1.669257e-02   3.814095e-03   9.813613e-01]
R=[ ...        
   9.999627e-01   1.625567e-03  -8.478725e-03;
  -1.603482e-03   9.999953e-01   2.610857e-03;
   8.482930e-03  -2.597164e-03   9.999606e-01]
U=[ ...        
   9.953036e-01  -1.159843e-02   8.219677e-03;
  -1.159843e-02   9.916868e-01   6.488312e-03;
   8.219677e-03   6.488312e-03   9.813470e-01]
l=[ ...        
  -5.660522e-01  -4.066218e-01   3.084601e-01;
  -2.670414e-01  -9.979630e-02   5.467295e-01;
   3.094700e-01  -6.374549e-01  -5.583684e-01]
d=[ ...        
  -5.660522e-01  -3.368316e-01   3.089650e-01;
  -3.368316e-01  -9.979630e-02  -4.536274e-02;
   3.089650e-01  -4.536274e-02  -5.583684e-01]
     iteration=           9999       process=              7       (i,j,k)=              1              1              1       (x,y,z)=   1.498795e-02   1.499948e-02   1.387167e-02     particles=             52
fabric=[ ...   
   3.512824e-01  -6.095346e-02   8.578665e-03;
  -6.095346e-02   3.922384e-01  -1.606083e-02;
   8.578665e-03  -1.606083e-02   2.564792e-01]
sigma=[ ...    
  -1.281383e+03   4.444473e+01  -2.552749e+02;
   1.776179e+01  -9.388089e+02  -1.220263e+02;
  -2.695399e+02  -2.117383e+02  -6.960103e+02]
sigmaDot=[ ... 
  -7.926750e+06  -5.379251e+06  -7.330988e+05;
  -7.886089e+06   3.325880e+06   1.901540e+04;
  -1.260533e+06   1.341738e+05   2.415473e+06]
intgraE=[ ...  
   8.898797e-03  -2.899790e-04   2.325250e-03;
  -2.899790e-04  -1.845125e-02   1.481337e-03;
   2.325250e-03   1.481337e-03   1.844151e-02]
E=[ ...        
   9.325295e-03  -3.442840e-03  -8.434964e-05;
  -3.442840e-03  -3.580429e-03  -5.577516e-03;
  -8.434964e-05  -5.577516e-03  -1.508844e-03]
e=[ ...        
   9.148360e-03  -3.282126e-03   9.410325e-05;
  -3.282126e-03  -3.803142e-03  -5.672435e-03;
   9.410325e-05  -5.672435e-03  -1.483397e-03]
intgraF=[ ...  
   1.008698e+00  -1.351521e-03  -1.362071e-02;
   7.247546e-04   9.813663e-01  -1.139543e-03;
   1.806208e-02   3.990024e-03   1.018183e+00]
F=[ ...        
   1.009149e+00  -5.719268e-03  -1.634566e-02;
  -8.899201e-04   9.962997e-01   2.645230e-03;
   1.635581e-02  -1.390687e-02   9.983527e-01]
R=[ ...        
   9.998645e-01  -2.386067e-03  -1.629029e-02;
   2.520713e-03   9.999628e-01   8.249876e-03;
   1.627000e-02  -8.289821e-03   9.998333e-01]
U=[ ...        
   1.009276e+00  -3.433372e-03  -9.358672e-05;
  -3.433372e-03   9.963915e-01  -5.592031e-03;
  -9.358672e-05  -5.592031e-03   9.984744e-01]
l=[ ...        
   1.262289e-01  -1.652535e-02  -4.714968e-01;
   3.145439e-02  -5.110818e-01   4.581937e-01;
   6.121080e-01  -1.582523e-01   8.921611e-01]
d=[ ...        
   1.262289e-01   7.464521e-03   7.030559e-02;
   7.464521e-03  -5.110818e-01   1.499707e-01;
   7.030559e-02   1.499707e-01   8.921611e-01]
