     iteration=          15999       process=              0       (i,j,k)=              0              0              0       (x,y,z)=   4.988907e-03   5.002068e-03   4.580998e-03     particles=             75
fabric=[ ...   
   3.449840e-01   2.988542e-02  -2.963524e-03;
   2.988542e-02   3.151769e-01   6.668595e-02;
  -2.963524e-03   6.668595e-02   3.398391e-01]
sigma=[ ...    
  -6.353713e+02  -4.007133e+01   1.211396e+00;
  -8.886695e+01  -4.224228e+02  -2.351671e+01;
  -1.742743e+00  -3.738818e+01  -5.061896e+02]
sigmaDot=[ ... 
  -5.249822e+05   2.004825e+05  -1.721552e+06;
  -2.411363e+06  -1.496569e+05  -6.096119e+05;
   2.235515e+05  -3.173176e+06  -1.013357e+06]
intgraE=[ ...  
  -4.778655e-04   9.254514e-03  -1.155963e-02;
   9.254514e-03   6.931295e-03  -1.005269e-02;
  -1.155963e-02  -1.005269e-02  -2.467234e-02]
E=[ ...        
  -3.990115e-03   1.019080e-02  -1.526040e-02;
   1.019080e-02   8.384570e-03  -9.821597e-03;
  -1.526040e-02  -9.821597e-03  -2.171567e-02]
e=[ ...        
  -4.623601e-03   9.748636e-03  -1.597938e-02;
   9.748636e-03   7.668647e-03  -9.946978e-03;
  -1.597938e-02  -9.946978e-03  -2.330774e-02]
intgraF=[ ...  
   9.994582e-01   1.303805e-02  -1.336911e-02;
   5.238684e-03   1.006615e+00   9.473390e-06;
  -1.000841e-02  -2.045351e-02   9.749239e-01]
F=[ ...        
   9.958716e-01   1.310173e-02  -1.639372e-02;
   7.035775e-03   1.008127e+00  -3.140881e-03;
  -1.449294e-02  -1.662950e-02   9.779008e-01]
R=[ ...        
   9.999951e-01   2.973124e-03  -9.726084e-04;
  -2.966468e-03   9.999726e-01   6.774913e-03;
   9.927245e-04  -6.771995e-03   9.999766e-01]
U=[ ...        
   9.958315e-01   1.009458e-02  -1.541353e-02;
   1.009458e-02   1.008251e+00  -9.811875e-03;
  -1.541353e-02  -9.811875e-03   9.778726e-01]
l=[ ...        
  -2.223680e-02   1.281704e-01  -8.808878e-02;
  -4.105215e-02   2.136129e-02  -4.524714e-02;
   2.671870e-02  -1.181006e-01   1.474811e-02]
d=[ ...        
  -2.223680e-02   4.355910e-02  -3.068504e-02;
   4.355910e-02   2.136129e-02  -8.167386e-02;
  -3.068504e-02  -8.167386e-02   1.474811e-02]
     iteration=          15999       process=              1       (i,j,k)=              0              0              1       (x,y,z)=   4.988907e-03   5.002068e-03   1.375812e-02     particles=             53
fabric=[ ...   
   1.985306e-01  -5.921687e-02  -3.330368e-02;
  -5.921687e-02   4.232862e-01   6.661009e-02;
  -3.330368e-02   6.661009e-02   3.781832e-01]
sigma=[ ...    
  -9.946384e+01   1.479693e+01   9.408196e+00;
  -2.057312e+01  -1.538438e+02  -6.554032e+00;
   2.380126e+01  -1.524740e+01  -1.625572e+02]
sigmaDot=[ ... 
  -2.484945e+05   6.503080e+05   1.928713e+06;
  -1.169519e+06  -1.221853e+06  -9.619803e+05;
   1.877260e+06  -1.918595e+06   1.356508e+05]
intgraE=[ ...  
  -1.718692e-02   5.525187e-03   8.538678e-03;
   5.525187e-03   1.165675e-02  -4.650347e-02;
   8.538678e-03  -4.650347e-02   5.190291e-02]
E=[ ...        
   3.247910e-03   1.948982e-02   3.811326e-03;
   1.948982e-02   2.346018e-02  -7.655099e-02;
   3.811326e-03  -7.655099e-02   1.020666e-01]
e=[ ...        
   3.340802e-03   1.853428e-02   5.288519e-03;
   1.853428e-02   8.409085e-03  -6.060389e-02;
   5.288519e-03  -6.060389e-02   8.012639e-02]
intgraF=[ ...  
   9.826602e-01   1.173697e-02   1.497638e-02;
  -3.199353e-04   1.008993e+00  -1.793827e-02;
   2.242015e-03  -7.148312e-02   1.050362e+00]
F=[ ...        
   1.003143e+00   3.690851e-02   2.303547e-02;
   5.088664e-04   1.017435e+00  -4.151422e-02;
  -1.410569e-02  -1.019009e-01   1.096302e+00]
R=[ ...        
   9.996618e-01   1.844769e-02   1.832926e-02;
  -1.896138e-02   9.994208e-01   2.825836e-02;
  -1.779735e-02  -2.859636e-02   9.994326e-01]
U=[ ...        
   1.003045e+00   1.941762e-02   4.303573e-03;
   1.941762e-02   1.020441e+00  -7.241548e-02;
   4.303573e-03  -7.241548e-02   1.094930e+00]
l=[ ...        
  -4.342676e-02   2.730206e-01   6.831143e-01;
  -1.325505e-01   5.289091e-02  -3.463596e-01;
   2.635459e-01  -3.875626e-01   6.055398e-01]
d=[ ...        
  -4.342676e-02   7.023506e-02   4.733301e-01;
   7.023506e-02   5.289091e-02  -3.669611e-01;
   4.733301e-01  -3.669611e-01   6.055398e-01]
     iteration=          15999       process=              2       (i,j,k)=              0              1              0       (x,y,z)=   4.988907e-03   1.500385e-02   4.580998e-03     particles=             70
fabric=[ ...   
   2.104811e-01  -6.646845e-03  -6.697505e-02;
  -6.646845e-03   2.382635e-01   5.120148e-02;
  -6.697505e-02   5.120148e-02   5.512554e-01]
sigma=[ ...    
  -7.755255e+01  -6.649826e+01  -6.452388e+00;
  -2.980268e+01  -8.816914e+01  -5.556030e+01;
   5.158822e+01  -9.158023e+00  -3.548104e+02]
sigmaDot=[ ... 
  -1.160101e+06  -6.672901e+05   1.223179e+06;
   2.428922e+05  -8.117308e+05   8.123663e+04;
   4.423591e+05  -1.133399e+06  -2.406383e+06]
intgraE=[ ...  
   1.769637e-02   2.591524e-03  -3.033945e-03;
   2.591524e-03  -1.098324e-02   3.634845e-03;
  -3.033945e-03   3.634845e-03  -2.308361e-02]
E=[ ...        
   4.456976e-02   3.598731e-03   9.398076e-04;
   3.598731e-03  -5.506582e-04   8.327150e-03;
   9.398076e-04   8.327150e-03  -1.886896e-02]
e=[ ...        
   4.085034e-02   3.730708e-03   1.364590e-04;
   3.730708e-03  -6.612882e-04   8.627801e-03;
   1.364590e-04   8.627801e-03  -1.977013e-02]
intgraF=[ ...  
   1.017338e+00  -7.733278e-03   8.890490e-03;
   1.328882e-02   9.889081e-01   1.620290e-03;
  -1.549665e-02   5.873556e-03   9.766018e-01]
F=[ ...        
   1.043499e+00  -4.729527e-03   1.105486e-02;
   1.222404e-02   9.994023e-01   8.429595e-03;
  -9.949690e-03   8.443715e-03   9.808511e-01]
R=[ ...        
   9.999110e-01  -8.340876e-03   1.040996e-02;
   8.341180e-03   9.999652e-01   1.426121e-05;
  -1.040971e-02   7.257137e-05   9.999458e-01]
U=[ ...        
   1.043612e+00   3.519192e-03   9.138068e-04;
   3.519192e-03   9.994076e-01   8.408276e-03;
   9.138068e-04   8.408276e-03   9.809131e-01]
l=[ ...        
   1.821422e-01   2.190648e-01   1.485896e-01;
   1.309602e-01  -5.429324e-02  -1.262687e-01;
   1.166767e-01   4.344600e-02  -1.844823e-01]
d=[ ...        
   1.821422e-01   1.750125e-01   1.326331e-01;
   1.750125e-01  -5.429324e-02  -4.141134e-02;
   1.326331e-01  -4.141134e-02  -1.844823e-01]
     iteration=          15999       process=              3       (i,j,k)=              0              1              1       (x,y,z)=   4.988907e-03   1.500385e-02   1.375812e-02     particles=             47
fabric=[ ...   
   3.213136e-01   1.683983e-02  -2.295690e-02;
   1.683983e-02   3.431722e-01   7.761646e-02;
  -2.295690e-02   7.761646e-02   3.355142e-01]
sigma=[ ...    
  -5.880073e+02  -5.377419e+00   2.544644e+01;
  -9.364511e+01  -2.580289e+02  -1.076931e+02;
  -4.508694e+01  -4.958638e+01  -2.998772e+02]
sigmaDot=[ ... 
  -9.058391e+05  -1.024012e+06   8.656855e+05;
   3.409866e+04   7.520902e+05  -1.246736e+06;
   8.558200e+05   8.764422e+04   2.627646e+05]
intgraE=[ ...  
  -5.508969e-03   2.653925e-03  -5.184678e-03;
   2.653925e-03  -1.727436e-03  -7.997780e-03;
  -5.184678e-03  -7.997780e-03  -1.279859e-02]
E=[ ...        
   6.324350e-03   1.054417e-02   9.417021e-04;
   1.054417e-02   6.502821e-03   1.427403e-03;
   9.417021e-04   1.427403e-03  -1.109777e-02]
e=[ ...        
   6.335710e-03   1.026891e-02   1.070967e-03;
   1.026891e-02   5.888440e-03   1.428338e-03;
   1.070967e-03   1.428338e-03  -1.134890e-02]
intgraF=[ ...  
   9.944512e-01  -2.962427e-05  -1.480891e-02;
   5.353283e-03   9.982700e-01  -1.454746e-02;
   4.494137e-03  -1.493264e-03   9.869001e-01]
F=[ ...        
   1.006231e+00   2.644449e-02  -8.816863e-03;
  -5.454718e-03   1.006130e+00   6.020107e-03;
   1.091043e-02  -3.002729e-03   9.887823e-01]
R=[ ...        
   9.998250e-01   1.588126e-02  -9.886221e-03;
  -1.583579e-02   9.998637e-01   4.661286e-03;
   9.958901e-03  -4.503914e-03   9.999403e-01]
U=[ ...        
   1.006249e+00   1.047710e-02   9.365327e-04;
   1.047710e-02   1.006426e+00   1.425873e-03;
   9.365327e-04   1.425873e-03   9.888385e-01]
l=[ ...        
  -4.074065e-01   3.495152e-01  -3.745660e-01;
  -2.757788e-01  -1.668803e-01  -7.090063e-02;
   3.352066e-02   2.074519e-01  -5.313024e-01]
d=[ ...        
  -4.074065e-01   3.686819e-02  -1.705227e-01;
   3.686819e-02  -1.668803e-01   6.827564e-02;
  -1.705227e-01   6.827564e-02  -5.313024e-01]
     iteration=          15999       process=              4       (i,j,k)=              1              0              0       (x,y,z)=   1.497974e-02   5.002068e-03   4.580998e-03     particles=             67
fabric=[ ...   
   3.257170e-01   3.012029e-03   4.475164e-02;
   3.012029e-03   3.722952e-01  -2.562366e-02;
   4.475164e-02  -2.562366e-02   3.019879e-01]
sigma=[ ...    
  -4.601474e+02  -3.776520e+01  -2.191047e+02;
  -9.241541e+01  -3.956759e+02   1.923484e+01;
  -1.401939e+02  -1.296343e+01  -4.642817e+02]
sigmaDot=[ ... 
   8.575251e+05   1.196353e+06   1.835956e+06;
   7.400177e+05   1.560108e+06   1.514976e+06;
   5.876006e+06  -3.321384e+06   1.544387e+06]
intgraE=[ ...  
   5.984601e-03   5.618432e-03   1.063189e-02;
   5.618432e-03   1.531127e-02  -4.863615e-03;
   1.063189e-02  -4.863615e-03  -3.205354e-02]
E=[ ...        
   3.971136e-02   2.699299e-02   1.812622e-02;
   2.699299e-02   1.972759e-02   2.605224e-04;
   1.812622e-02   2.605224e-04  -1.718423e-02]
e=[ ...        
   3.411665e-02   2.461865e-02   1.769880e-02;
   2.461865e-02   1.811095e-02  -8.431639e-04;
   1.769880e-02  -8.431639e-04  -1.795664e-02]
intgraF=[ ...  
   1.005739e+00   1.716934e-02   1.283965e-03;
  -5.479600e-03   1.014797e+00   1.203559e-02;
   2.071495e-02  -2.270448e-02   9.673399e-01]
F=[ ...        
   1.037879e+00   1.771929e-02   4.828918e-03;
   3.549176e-02   1.019214e+00   1.832822e-02;
   3.113552e-02  -1.857019e-02   9.824827e-01]
R=[ ...        
   9.998761e-01  -8.353051e-03  -1.333990e-02;
   8.598797e-03   9.997924e-01   1.847202e-02;
   1.318284e-02  -1.858444e-02   9.997404e-01]
U=[ ...        
   1.038466e+00   2.623630e-02   1.793783e-02;
   2.623630e-02   1.019199e+00   2.518989e-05;
   1.793783e-02   2.518989e-05   9.825018e-01]
l=[ ...        
  -2.142605e-02   7.038101e-02  -4.274284e-02;
  -4.926530e-02   1.039777e-03  -1.598802e-01;
  -2.194243e-02  -1.155962e-01  -4.031407e-02]
d=[ ...        
  -2.142605e-02   1.055785e-02  -3.234263e-02;
   1.055785e-02   1.039777e-03  -1.377382e-01;
  -3.234263e-02  -1.377382e-01  -4.031407e-02]
     iteration=          15999       process=              5       (i,j,k)=              1              0              1       (x,y,z)=   1.497974e-02   5.002068e-03   1.375812e-02     particles=             43
fabric=[ ...   
   3.739474e-01  -1.986756e-02   5.146207e-02;
  -1.986756e-02   2.766742e-01  -5.524965e-03;
   5.146207e-02  -5.524965e-03   3.493784e-01]
sigma=[ ...    
  -8.139763e+01   8.788685e+00  -2.464989e+01;
  -1.324712e+01  -2.019954e+02   3.390815e+01;
   3.734639e-01   4.149493e+01  -2.217601e+02]
sigmaDot=[ ... 
   2.569783e+05   6.064875e+05   2.055552e+05;
   7.729901e+05   2.022773e+05  -2.229570e+05;
   2.358403e+05  -1.946643e+05   3.038603e+04]
intgraE=[ ...  
   2.600000e-03   7.647954e-03   2.852931e-02;
   7.647954e-03   1.850004e-02  -2.941749e-02;
   2.852931e-02  -2.941749e-02  -2.201745e-02]
E=[ ...        
   5.669984e-03   9.774307e-03   7.355696e-03;
   9.774307e-03   1.755614e-02  -8.538964e-03;
   7.355696e-03  -8.538964e-03  -9.462713e-02]
e=[ ...        
   4.226356e-03   1.010700e-02   1.346126e-02;
   1.010700e-02   1.617603e-02  -1.358788e-02;
   1.346126e-02  -1.358788e-02  -1.156033e-01]
intgraF=[ ...  
   1.000786e+00  -8.817412e-03   4.374686e-03;
   2.621922e-02   1.017207e+00  -1.260068e-02;
   5.422310e-02  -4.703034e-02   9.776437e-01]
F=[ ...        
   1.004439e+00  -1.842555e-03  -2.506767e-02;
   2.266096e-02   1.016717e+00   1.621873e-02;
   4.391818e-02  -3.735222e-02   8.999190e-01]
R=[ ...        
   9.992629e-01  -1.165866e-02  -3.657585e-02;
   1.268065e-02   9.995321e-01   2.783514e-02;
   3.623421e-02  -2.827842e-02   9.989431e-01]
U=[ ...        
   1.005577e+00   9.698008e-03   7.764329e-03;
   9.698008e-03   1.017319e+00  -8.944895e-03;
   7.764329e-03  -8.944895e-03   9.003363e-01]
l=[ ...        
  -1.780928e-01  -6.916822e-02   1.825399e-01;
   2.668127e-01  -3.437411e-02  -1.319036e-01;
   1.240782e-01   5.031692e-03  -1.409448e-01]
d=[ ...        
  -1.780928e-01   9.882222e-02   1.533090e-01;
   9.882222e-02  -3.437411e-02  -6.343596e-02;
   1.533090e-01  -6.343596e-02  -1.409448e-01]
     iteration=          15999       process=              6       (i,j,k)=              1              1              0       (x,y,z)=   1.497974e-02   1.500385e-02   4.580998e-03     particles=             57
fabric=[ ...   
   3.386455e-01   2.201450e-02  -6.783427e-02;
   2.201450e-02   3.991216e-01  -3.741104e-02;
  -6.783427e-02  -3.741104e-02   2.622328e-01]
sigma=[ ...    
  -8.435833e+01   9.370124e+00   3.333066e+01;
   1.889079e-01  -1.619351e+02  -6.751713e+00;
   2.982045e+01  -2.460599e+01  -1.107338e+02]
sigmaDot=[ ... 
   4.657967e+05   9.130217e+05   9.477587e+04;
  -4.512589e+05  -2.317326e+06  -1.327760e+06;
   3.066897e+04  -1.907263e+06   2.056516e+06]
intgraE=[ ...  
  -2.058982e-02  -8.953416e-03   1.056078e-02;
  -8.953416e-03  -2.011275e-02   1.282263e-02;
   1.056078e-02   1.282263e-02  -2.699560e-02]
E=[ ...        
  -1.151198e-02  -7.498035e-03   9.136718e-03;
  -7.498035e-03  -1.339267e-02   1.188751e-02;
   9.136718e-03   1.188751e-02  -2.034824e-02]
e=[ ...        
  -1.251651e-02  -8.278448e-03   1.023897e-02;
  -8.278448e-03  -1.392779e-02   1.265560e-02;
   1.023897e-02   1.265560e-02  -2.157257e-02]
intgraF=[ ...  
   9.788127e-01  -4.393169e-03  -1.412463e-03;
  -1.400193e-02   9.796597e-01   2.149950e-02;
   2.345262e-02   4.706813e-03   9.723912e-01]
F=[ ...        
   9.880115e-01  -1.159097e-03  -5.683621e-03;
  -1.418412e-02   9.864990e-01   1.838816e-02;
   2.466143e-02   5.747795e-03   9.792513e-01]
R=[ ...        
   9.998582e-01   6.770047e-03  -1.541726e-02;
  -6.671209e-03   9.999569e-01   6.453332e-03;
   1.546029e-02  -6.349565e-03   9.998603e-01]
U=[ ...        
   9.883473e-01  -7.651211e-03   9.334020e-03;
  -7.651211e-03   9.864122e-01   1.213107e-02;
   9.334020e-03   1.213107e-02   9.793208e-01]
l=[ ...        
  -1.859333e-01   3.135487e-01   9.247602e-02;
   1.872548e-01  -3.441777e-01   3.697325e-01;
   1.914493e-01   6.135728e-02  -2.564647e-01]
d=[ ...        
  -1.859333e-01   2.504018e-01   1.419627e-01;
   2.504018e-01  -3.441777e-01   2.155449e-01;
   1.419627e-01   2.155449e-01  -2.564647e-01]
     iteration=          15999       process=              7       (i,j,k)=              1              1              1       (x,y,z)=   1.497974e-02   1.500385e-02   1.375812e-02     particles=             53
fabric=[ ...   
   2.657684e-01   8.277638e-02  -1.766949e-02;
   8.277638e-02   3.505258e-01  -9.287101e-02;
  -1.766949e-02  -9.287101e-02   3.837058e-01]
sigma=[ ...    
  -7.885385e+01   3.729878e+00  -6.810490e+01;
   4.185157e+01  -1.522197e+02   9.763507e+01;
  -5.655293e+01   7.866435e+01  -2.182949e+02]
sigmaDot=[ ... 
  -5.466906e+05   9.226733e+04   3.840881e+05;
  -3.144029e+05  -1.132631e+03   9.625728e+05;
   8.311304e+05   5.850575e+05   2.937454e+05]
intgraE=[ ...  
   1.218587e-02  -3.596545e-03  -6.450130e-03;
  -3.596545e-03  -1.999375e-02   1.784096e-03;
  -6.450130e-03   1.784096e-03   2.135510e-02]
E=[ ...        
   2.119848e-02  -9.085710e-03  -1.442156e-02;
  -9.085710e-03  -3.392285e-02  -4.500278e-03;
  -1.442156e-02  -4.500278e-03   2.616889e-04]
e=[ ...        
   2.035704e-02  -9.242127e-03  -1.351176e-02;
  -9.242127e-03  -3.670836e-02  -5.246894e-03;
  -1.351176e-02  -5.246894e-03  -6.754842e-04]
intgraF=[ ...  
   1.011990e+00  -8.719723e-03  -2.852284e-02;
   1.744382e-03   9.797508e-01   8.579886e-03;
   1.562619e-02  -4.983524e-03   1.020697e+00]
F=[ ...        
   1.020951e+00  -1.222649e-02  -3.288341e-02;
  -5.859578e-03   9.653800e-01  -2.698770e-03;
   4.714746e-03  -6.799188e-03   9.997173e-01]
R=[ ...        
   9.998216e-01  -3.244774e-03  -1.860536e-02;
   3.282429e-03   9.999926e-01   1.993677e-03;
   1.859875e-02  -2.054393e-03   9.998249e-01]
U=[ ...        
   1.020837e+00  -9.181975e-03  -1.429291e-02;
  -9.181975e-03   9.654265e-01  -4.645863e-03;
  -1.429291e-02  -4.645863e-03   1.000149e+00]
l=[ ...        
  -3.130543e-02  -8.937211e-02  -4.158467e-01;
   1.073905e-02  -1.978825e-01   2.843494e-01;
  -2.838391e-01  -2.098650e-01  -2.309348e-02]
d=[ ...        
  -3.130543e-02  -3.931653e-02  -3.498429e-01;
  -3.931653e-02  -1.978825e-01   3.724225e-02;
  -3.498429e-01   3.724225e-02  -2.309348e-02]
