     iteration=          14999       process=              0       (i,j,k)=              0              0              0       (x,y,z)=   4.988720e-03   5.001793e-03   4.582777e-03     particles=             75
fabric=[ ...   
   3.768210e-01   3.007569e-02   1.703390e-02;
   3.007569e-02   2.926404e-01   4.720212e-02;
   1.703390e-02   4.720212e-02   3.305387e-01]
sigma=[ ...    
  -3.177435e+03   4.265393e+02   1.670131e+02;
   3.834106e+02  -2.436108e+03  -7.211006e+02;
   1.279027e+02  -7.819420e+02  -4.259537e+03]
sigmaDot=[ ... 
  -5.175123e+06   1.915807e+06  -4.601629e+06;
   5.939146e+06   8.984097e+05  -2.979041e+06;
   2.364538e+06   6.606011e+06  -1.070912e+06]
intgraE=[ ...  
  -3.723475e-04   9.028967e-03  -1.140874e-02;
   9.028967e-03   6.800856e-03  -9.645719e-03;
  -1.140874e-02  -9.645719e-03  -2.474620e-02]
E=[ ...        
  -4.401944e-03   9.925932e-03  -1.450516e-02;
   9.925932e-03   7.507830e-03  -9.404272e-03;
  -1.450516e-02  -9.404272e-03  -2.178815e-02]
e=[ ...        
  -5.016168e-03   9.535163e-03  -1.520868e-02;
   9.535163e-03   6.866098e-03  -9.554634e-03;
  -1.520868e-02  -9.554634e-03  -2.331601e-02]
intgraF=[ ...  
   9.995614e-01   1.238566e-02  -1.294133e-02;
   5.440980e-03   1.006506e+00   2.273395e-04;
  -1.013799e-02  -1.985936e-02   9.748539e-01]
F=[ ...        
   9.954590e-01   1.237167e-02  -1.505853e-02;
   7.257172e-03   1.007280e+00  -3.135414e-03;
  -1.431451e-02  -1.581432e-02   9.778482e-01]
R=[ ...        
   9.999968e-01   2.506365e-03  -3.887104e-04;
  -2.503838e-03   9.999766e-01   6.370722e-03;
   4.046686e-04  -6.369728e-03   9.999796e-01]
U=[ ...        
   9.954318e-01   9.843164e-03  -1.465493e-02;
   9.843164e-03   1.007388e+00  -9.401710e-03;
  -1.465493e-02  -9.401710e-03   9.778142e-01]
l=[ ...        
   3.950179e-02   2.419014e-01  -1.329317e-01;
  -2.030157e-01   9.433548e-02   4.343200e-03;
  -8.047590e-02  -3.084601e-01  -7.263000e-02]
d=[ ...        
   3.950179e-02   1.944290e-02  -1.067038e-01;
   1.944290e-02   9.433548e-02  -1.520584e-01;
  -1.067038e-01  -1.520584e-01  -7.263000e-02]
     iteration=          14999       process=              1       (i,j,k)=              0              0              1       (x,y,z)=   4.988720e-03   5.001793e-03   1.376370e-02     particles=             53
fabric=[ ...   
   3.133565e-01  -1.096807e-01  -7.895450e-03;
  -1.096807e-01   3.415198e-01   2.773118e-02;
  -7.895450e-03   2.773118e-02   3.451237e-01]
sigma=[ ...    
  -1.921800e+03   7.661557e+02  -2.223368e+02;
   8.039407e+02  -1.627581e+03  -1.477101e+02;
  -2.175235e+02  -1.363333e+02  -2.325831e+03]
sigmaDot=[ ... 
   8.949379e+06  -6.705907e+05   7.520227e+06;
  -1.788429e+05   2.595098e+06   8.240945e+04;
   5.617083e+06  -1.899703e+06   6.240771e+06]
intgraE=[ ...  
  -1.698287e-02   5.344020e-03   6.106185e-03;
   5.344020e-03   1.110952e-02  -4.436602e-02;
   6.106185e-03  -4.436602e-02   4.845141e-02]
E=[ ...        
   8.636929e-04   1.945135e-02   3.507868e-03;
   1.945135e-02  -1.401139e-02  -5.523146e-02;
   3.507868e-03  -5.523146e-02   9.126614e-02]
e=[ ...        
   1.049322e-03   1.935277e-02   4.721482e-03;
   1.935277e-02  -2.341230e-02  -4.745030e-02;
   4.721482e-03  -4.745030e-02   7.420514e-02]
intgraF=[ ...  
   9.828699e-01   1.059922e-02   1.142425e-02;
   3.330120e-04   1.008613e+00  -1.611300e-02;
   9.446439e-04  -6.933267e-02   1.047145e+00]
F=[ ...        
   1.000774e+00   3.975543e-02   2.135272e-02;
  -1.871814e-03   9.824507e-01  -3.363364e-02;
  -1.326612e-02  -7.202307e-02   1.086713e+00]
R=[ ...        
   9.996258e-01   2.131091e-02   1.714894e-02;
  -2.162341e-02   9.995996e-01   1.824797e-02;
  -1.675320e-02  -1.861196e-02   9.996864e-01]
U=[ ...        
   1.000662e+00   1.970324e-02   3.866093e-03;
   1.970324e-02   9.842451e-01  -5.339099e-02;
   3.866093e-03  -5.339099e-02   1.086125e+00]
l=[ ...        
   6.385686e-02   2.974823e-01   4.001751e-01;
  -2.142193e-01   6.939298e-02  -9.633731e-02;
   3.491703e-01  -4.035979e-01   5.076088e-02]
d=[ ...        
   6.385686e-02   4.163150e-02   3.746727e-01;
   4.163150e-02   6.939298e-02  -2.499676e-01;
   3.746727e-01  -2.499676e-01   5.076088e-02]
     iteration=          14999       process=              2       (i,j,k)=              0              1              0       (x,y,z)=   4.988720e-03   1.500423e-02   4.582777e-03     particles=             70
fabric=[ ...   
   2.623893e-01  -4.241559e-02  -2.580665e-02;
  -4.241559e-02   2.672407e-01   8.473992e-03;
  -2.580665e-02   8.473992e-03   4.703700e-01]
sigma=[ ...    
  -1.626586e+03   7.117451e+02  -1.300030e+02;
   7.817099e+02  -1.732639e+03   5.434044e+02;
   1.121014e+01   4.062000e+02  -4.650854e+03]
sigmaDot=[ ... 
  -1.247033e+06  -2.750792e+06  -3.407675e+06;
   3.007557e+06  -4.274816e+06   2.586874e+06;
  -9.609465e+05   1.675753e+06   4.682396e+05]
intgraE=[ ...  
   1.675415e-02   1.715610e-03  -3.714194e-03;
   1.715610e-03  -1.070066e-02   3.839083e-03;
  -3.714194e-03   3.839083e-03  -2.221287e-02]
E=[ ...        
   4.636375e-02   4.547798e-03  -9.019860e-04;
   4.547798e-03  -1.208063e-03   8.539059e-03;
  -9.019860e-04   8.539059e-03  -1.772872e-02]
e=[ ...        
   4.228554e-02   4.672578e-03  -1.683794e-03;
   4.672578e-03  -1.311117e-03   8.813817e-03;
  -1.683794e-03   8.813817e-03  -1.852225e-02]
intgraF=[ ...  
   1.016410e+00  -8.812942e-03   8.154388e-03;
   1.261653e-02   9.891860e-01   2.232693e-03;
  -1.610720e-02   5.669045e-03   9.774982e-01]
F=[ ...        
   1.045172e+00  -4.310535e-03   9.859454e-03;
   1.371728e-02   9.987501e-01   9.307289e-03;
  -1.246053e-02   7.968248e-03   9.820177e-01]
R=[ ...        
   9.998997e-01  -8.870038e-03   1.104256e-02;
   8.862797e-03   9.999605e-01   7.045168e-04;
  -1.104837e-02  -6.065782e-04   9.999388e-01]
U=[ ...        
   1.045326e+00   4.453581e-03  -9.087400e-04;
   4.453581e-03   9.987440e-01   8.623797e-03;
  -9.087400e-04   8.623797e-03   9.820730e-01]
l=[ ...        
   2.647930e-01   1.481446e-01   1.107212e-01;
   2.657988e-01   1.124785e-01  -1.271577e-01;
   9.860370e-02  -4.720067e-02  -3.062651e-01]
d=[ ...        
   2.647930e-01   2.069717e-01   1.046625e-01;
   2.069717e-01   1.124785e-01  -8.717917e-02;
   1.046625e-01  -8.717917e-02  -3.062651e-01]
     iteration=          14999       process=              3       (i,j,k)=              0              1              1       (x,y,z)=   4.988720e-03   1.500423e-02   1.376370e-02     particles=             47
fabric=[ ...   
   3.167945e-01  -1.373914e-02  -9.328120e-03;
  -1.373914e-02   3.061669e-01   6.730876e-02;
  -9.328120e-03   6.730876e-02   3.770386e-01]
sigma=[ ...    
  -2.759172e+03   1.600555e+02   1.412892e+03;
  -2.872864e+03  -2.096344e+03  -8.227219e+02;
  -1.546919e+02  -2.568817e+03  -7.525435e+03]
sigmaDot=[ ... 
  -3.769584e+06   3.204835e+07   3.634800e+08;
  -5.707497e+08   7.129349e+07   2.802730e+07;
   4.072696e+07  -3.325022e+08  -6.255643e+08]
intgraE=[ ...  
  -3.484328e-03   2.469851e-03  -4.360499e-03;
   2.469851e-03  -8.945447e-04  -8.350002e-03;
  -4.360499e-03  -8.350002e-03  -1.021441e-02]
E=[ ...        
   8.018401e-03   1.056835e-02   7.808500e-04;
   1.056835e-02   3.167340e-03   4.859540e-04;
   7.808500e-04   4.859540e-04  -1.164327e-02]
e=[ ...        
   7.973179e-03   1.026049e-02   9.493735e-04;
   1.026049e-02   2.618054e-03   5.191258e-04;
   9.493735e-04   5.191258e-04  -1.190850e-02]
intgraF=[ ...  
   9.964774e-01  -1.784011e-03  -1.295720e-02;
   6.734474e-03   9.991002e-01  -1.422640e-02;
   4.331646e-03  -2.536029e-03   9.895458e-01]
F=[ ...        
   1.007915e+00   2.586294e-02  -9.198744e-03;
  -4.886884e-03   1.002825e+00   3.920726e-03;
   1.098158e-02  -2.754387e-03   9.882376e-01]
R=[ ...        
   9.998317e-01   1.531187e-02  -1.010415e-02;
  -1.527730e-02   9.998772e-01   3.489632e-03;
   1.015634e-02  -3.334681e-03   9.999429e-01]
U=[ ...        
   1.007931e+00   1.051015e-02   7.797810e-04;
   1.051015e-02   1.003107e+00   4.839383e-04;
   7.797810e-04   4.839383e-04   9.882877e-01]
l=[ ...        
   4.421535e-03   3.039095e-01  -4.226222e-01;
   7.291262e-02  -1.616739e-01  -1.486501e-01;
  -5.853100e-02   4.073109e-01  -3.078562e-01]
d=[ ...        
   4.421535e-03   1.884110e-01  -2.405766e-01;
   1.884110e-01  -1.616739e-01   1.293304e-01;
  -2.405766e-01   1.293304e-01  -3.078562e-01]
     iteration=          14999       process=              4       (i,j,k)=              1              0              0       (x,y,z)=   1.498119e-02   5.001793e-03   4.582777e-03     particles=             67
fabric=[ ...   
   3.040772e-01   2.746255e-03  -9.701865e-03;
   2.746255e-03   2.915425e-01  -9.545627e-03;
  -9.701865e-03  -9.545627e-03   4.043803e-01]
sigma=[ ...    
  -1.962253e+03   1.089365e+02   1.990750e+02;
   8.662414e+01  -2.598162e+03  -1.856064e+02;
   2.735376e+02  -2.096636e+02  -5.478170e+03]
sigmaDot=[ ... 
   6.540585e+06   4.085768e+06  -8.320099e+06;
  -9.694659e+06  -9.122096e+06   1.296089e+06;
  -1.393852e+06   3.183907e+06  -4.237367e+06]
intgraE=[ ...  
   6.100208e-03   5.577383e-03   1.078940e-02;
   5.577383e-03   1.527297e-02  -4.189486e-03;
   1.078940e-02  -4.189486e-03  -3.184765e-02]
E=[ ...        
   3.364895e-02   2.376139e-02   1.700043e-02;
   2.376139e-02   1.888525e-02   5.529517e-05;
   1.700043e-02   5.529517e-05  -1.741800e-02]
e=[ ...        
   2.934065e-02   2.190682e-02   1.680739e-02;
   2.190682e-02   1.743531e-02  -9.657034e-04;
   1.680739e-02  -9.657034e-04  -1.815141e-02]
intgraF=[ ...  
   1.005853e+00   1.680931e-02   1.486394e-03;
  -5.215156e-03   1.014778e+00   1.280934e-02;
   2.082649e-02  -2.212057e-02   9.675425e-01]
F=[ ...        
   1.032233e+00   1.735560e-02   3.638322e-03;
   2.962107e-02   1.018395e+00   1.784295e-02;
   3.025347e-02  -1.845107e-02   9.822588e-01]
R=[ ...        
   9.998929e-01  -5.708501e-03  -1.347502e-02;
   5.953406e-03   9.998165e-01   1.820516e-02;
   1.336862e-02  -1.828343e-02   9.997435e-01]
U=[ ...        
   1.032703e+00   2.317000e-02   1.687561e-02;
   2.317000e-02   1.018447e+00  -1.401576e-04;
   1.687561e-02  -1.401576e-04   9.822826e-01]
l=[ ...        
   5.604296e-03   7.434443e-02  -9.953573e-02;
  -2.935210e-02   1.647259e-01  -8.387539e-02;
   9.839105e-02  -6.951213e-02   1.242489e-01]
d=[ ...        
   5.604296e-03   2.249616e-02  -5.723418e-04;
   2.249616e-02   1.647259e-01  -7.669376e-02;
  -5.723418e-04  -7.669376e-02   1.242489e-01]
     iteration=          14999       process=              5       (i,j,k)=              1              0              1       (x,y,z)=   1.498119e-02   5.001793e-03   1.376370e-02     particles=             43
fabric=[ ...   
   3.235046e-01   1.471830e-02   1.287720e-02;
   1.471830e-02   2.844896e-01   9.531311e-03;
   1.287720e-02   9.531311e-03   3.920058e-01]
sigma=[ ...    
  -3.680401e+03  -1.130764e+00  -4.851400e+03;
   1.464919e+03  -4.130089e+03  -5.250493e+02;
  -5.648680e+02  -1.116915e+02  -1.043357e+04]
sigmaDot=[ ... 
   9.928718e+07   2.077903e+07  -1.079917e+09;
   2.270406e+08  -5.097894e+07  -9.238740e+07;
  -1.543906e+08  -2.644035e+07  -1.100259e+09]
intgraE=[ ...  
   3.387954e-03   7.192958e-03   2.783244e-02;
   7.192958e-03   1.865694e-02  -2.913141e-02;
   2.783244e-02  -2.913141e-02  -2.135635e-02]
E=[ ...        
   5.824494e-03   9.367423e-03   8.579282e-03;
   9.367423e-03   1.697356e-02  -7.813899e-03;
   8.579282e-03  -7.813899e-03  -9.591399e-02]
e=[ ...        
   4.323582e-03   9.715552e-03   1.470115e-02;
   9.715552e-03   1.571804e-02  -1.279293e-02;
   1.470115e-02  -1.279293e-02  -1.176192e-01]
intgraF=[ ...  
   1.001637e+00  -8.430099e-03   3.480726e-03;
   2.492263e-02   1.017362e+00  -1.196215e-02;
   5.363886e-02  -4.708389e-02   9.783313e-01]
F=[ ...        
   1.004665e+00  -2.373065e-03  -2.124085e-02;
   2.229387e-02   1.016185e+00   1.657481e-02;
   4.243248e-02  -3.619185e-02   8.985801e-01]
R=[ ...        
   9.993597e-01  -1.174747e-02  -3.379722e-02;
   1.267733e-02   9.995433e-01   2.743151e-02;
   3.345953e-02  -2.784240e-02   9.990522e-01]
U=[ ...        
   1.005724e+00   9.299999e-03   9.048943e-03;
   9.299999e-03   1.016756e+00  -8.201860e-03;
   9.048943e-03  -8.201860e-03   8.989009e-01]
l=[ ...        
  -1.173323e-01   3.650941e-02   3.527689e-01;
   2.293848e-01   7.806158e-02  -1.189657e-01;
   4.624686e-01  -2.571471e-01  -1.684676e-01]
d=[ ...        
  -1.173323e-01   1.329471e-01   4.076188e-01;
   1.329471e-01   7.806158e-02  -1.880564e-01;
   4.076188e-01  -1.880564e-01  -1.684676e-01]
     iteration=          14999       process=              6       (i,j,k)=              1              1              0       (x,y,z)=   1.498119e-02   1.500423e-02   4.582777e-03     particles=             57
fabric=[ ...   
   3.725965e-01   2.197704e-02  -5.270674e-02;
   2.197704e-02   3.207340e-01  -2.539077e-02;
  -5.270674e-02  -2.539077e-02   3.066695e-01]
sigma=[ ...    
  -2.189655e+03  -7.558707e+02   3.921597e+02;
  -8.168941e+02  -2.661415e+03   3.811102e+02;
   4.600373e+02   2.832369e+02  -1.408352e+03]
sigmaDot=[ ... 
   3.800001e+06   2.325421e+06   9.435934e+06;
   1.043878e+07  -4.928816e+06   1.335246e+06;
   4.390322e+06   1.266981e+07  -1.297839e+06]
intgraE=[ ...  
  -1.969160e-02  -1.021321e-02   9.900547e-03;
  -1.021321e-02  -1.845278e-02   1.183954e-02;
   9.900547e-03   1.183954e-02  -2.582048e-02]
E=[ ...        
  -1.106543e-02  -8.083939e-03   9.838119e-03;
  -8.083939e-03  -1.271079e-02   1.164456e-02;
   9.838119e-03   1.164456e-02  -2.158731e-02]
e=[ ...        
  -1.209396e-02  -8.875052e-03   1.101739e-02;
  -8.875052e-03  -1.324875e-02   1.243452e-02;
   1.101739e-02   1.243452e-02  -2.291486e-02]
intgraF=[ ...  
   9.797366e-01  -5.939231e-03  -1.895355e-03;
  -1.498671e-02   9.813458e-01   1.973532e-02;
   2.254829e-02   4.417099e-03   9.736354e-01]
F=[ ...        
   9.884742e-01  -2.448688e-03  -3.874042e-03;
  -1.408520e-02   9.871831e-01   1.716544e-02;
   2.428120e-02   6.476581e-03   9.780162e-01]
R=[ ...        
   9.998793e-01   6.041572e-03  -1.431268e-02;
  -5.964058e-03   9.999674e-01   5.452239e-03;
   1.434515e-02  -5.366220e-03   9.998827e-01]
U=[ ...        
   9.887872e-01  -8.243102e-03   1.005384e-02;
  -8.243102e-03   9.871013e-01   1.189323e-02;
   1.005384e-02   1.189323e-02   9.780505e-01]
l=[ ...        
  -3.011238e-01   4.417785e-01   5.485296e-02;
   4.843469e-02  -2.091285e-01   4.145198e-01;
   1.684795e-01  -1.840434e-02  -1.456746e-01]
d=[ ...        
  -3.011238e-01   2.451066e-01   1.116662e-01;
   2.451066e-01  -2.091285e-01   1.980577e-01;
   1.116662e-01   1.980577e-01  -1.456746e-01]
     iteration=          14999       process=              7       (i,j,k)=              1              1              1       (x,y,z)=   1.498119e-02   1.500423e-02   1.376370e-02     particles=             53
fabric=[ ...   
   3.114280e-01  -2.587216e-02  -2.451967e-02;
  -2.587216e-02   3.295135e-01  -3.951667e-02;
  -2.451967e-02  -3.951667e-02   3.590585e-01]
sigma=[ ...    
  -3.298216e+02   5.514095e+01   4.557506e+00;
   1.344085e+02  -5.411677e+02  -1.343794e+02;
  -6.827984e+01  -2.539542e+02  -6.555255e+02]
sigmaDot=[ ... 
   2.253398e+06   3.727274e+05  -2.216491e+06;
   2.794195e+05  -3.614470e+06  -2.794937e+06;
  -1.323542e+06  -7.271860e+06  -6.713067e+03]
intgraE=[ ...  
   1.240630e-02  -3.412231e-03  -4.645002e-03;
  -3.412231e-03  -1.904482e-02   1.584657e-03;
  -4.645002e-03   1.584657e-03   2.137522e-02]
E=[ ...        
   2.087685e-02  -9.266426e-03  -1.266145e-02;
  -9.266426e-03  -3.011154e-02  -4.570063e-03;
  -1.266145e-02  -4.570063e-03  -1.565479e-03]
e=[ ...        
   2.004480e-02  -9.351340e-03  -1.187776e-02;
  -9.351340e-03  -3.238103e-02  -5.236553e-03;
  -1.187776e-02  -5.236553e-03  -2.302953e-03]
intgraF=[ ...  
   1.012185e+00  -8.291020e-03  -2.640133e-02;
   1.667418e-03   9.807272e-01   7.137066e-03;
   1.706640e-02  -3.966647e-03   1.020785e+00]
F=[ ...        
   1.020638e+00  -1.280920e-02  -2.925171e-02;
  -5.595740e-03   9.693049e-01  -1.790567e-03;
   4.531540e-03  -7.794776e-03   9.980031e-01]
R=[ ...        
   9.998533e-01  -3.658236e-03  -1.673372e-02;
   3.708365e-03   9.999887e-01   2.965611e-03;
   1.672268e-02  -3.027231e-03   9.998556e-01]
U=[ ...        
   1.020543e+00  -9.343130e-03  -1.256478e-02;
  -9.343130e-03   9.693645e-01  -4.704723e-03;
  -1.256478e-02  -4.704723e-03   9.983431e-01]
l=[ ...        
   5.283401e-02   2.179095e-02  -4.794334e-01;
  -1.152681e-01  -1.568530e-01   3.136163e-01;
  -1.929898e-01  -8.183879e-02  -1.055187e-01]
d=[ ...        
   5.283401e-02  -4.673857e-02  -3.362116e-01;
  -4.673857e-02  -1.568530e-01   1.158888e-01;
  -3.362116e-01   1.158888e-01  -1.055187e-01]
