     iteration=            999       process=              0       (i,j,k)=              0              0              0       (x,y,z)=   5.001248e-03   5.001248e-03   4.914342e-03     particles=             77
fabric=[ ...   
   4.164152e-01   1.819036e-02   6.172588e-02;
   1.819036e-02   2.893500e-01   4.523110e-02;
   6.172588e-02   4.523110e-02   2.942349e-01]
sigma=[ ...    
  -5.573054e+01   1.396978e+00  -2.899984e+01;
  -2.133459e+01  -3.169052e+01  -1.319146e+01;
  -4.465608e+01  -2.198430e+01  -5.260795e+01]
sigmaDot=[ ... 
  -3.806422e+03   2.051786e+04  -4.404986e+05;
   2.352368e+05  -3.361251e+05  -7.533695e+04;
   2.128078e+05   5.081291e+05   8.818258e+04]
intgraE=[ ...  
  -2.834536e-04   2.987213e-05   3.387127e-06;
   2.987213e-05  -2.242743e-04  -3.799715e-05;
   3.387127e-06  -3.799715e-05  -1.573743e-04]
E=[ ...        
  -2.452753e-04   3.998901e-05  -7.253286e-06;
   3.998901e-05  -2.403021e-04  -1.702327e-05;
  -7.253286e-06  -1.702327e-05  -2.000910e-04]
e=[ ...        
  -2.453960e-04   4.002835e-05  -7.263007e-06;
   4.002835e-05  -2.404251e-04  -1.703361e-05;
  -7.263007e-06  -1.703361e-05  -2.001711e-04]
intgraF=[ ...  
   9.997165e-01   6.089749e-05  -3.526191e-05;
  -1.131764e-06   9.997757e-01   3.003213e-05;
   4.203282e-05  -1.060342e-04   9.998426e-01]
F=[ ...        
   9.997547e-01   6.702819e-05  -6.015694e-05;
   1.297219e-05   9.997597e-01   2.707660e-05;
   4.564439e-05  -6.112484e-05   9.997999e-01]
R=[ ...        
   1.000000e+00   2.703512e-05  -5.291250e-05;
  -2.703279e-05   1.000000e+00   4.411211e-05;
   5.291370e-05  -4.411068e-05   1.000000e+00]
U=[ ...        
   9.997547e-01   3.999866e-05  -7.254561e-06;
   3.999866e-05   9.997597e-01  -1.702688e-05;
  -7.254561e-06  -1.702688e-05   9.997999e-01]
l=[ ...        
  -5.669894e-02   1.217950e-02  -7.052382e-03;
  -2.263527e-04  -4.486139e-02   6.006426e-03;
   8.406564e-03  -2.120685e-02  -3.147756e-02]
d=[ ...        
  -5.669894e-02   5.976573e-03   6.770907e-04;
   5.976573e-03  -4.486139e-02  -7.600210e-03;
   6.770907e-04  -7.600210e-03  -3.147756e-02]
     iteration=            999       process=              1       (i,j,k)=              0              0              1       (x,y,z)=   5.001248e-03   5.001248e-03   1.473804e-02     particles=             49
fabric=[ ...   
   6.639210e-01   5.559202e-02  -1.889017e-01;
   5.559202e-02   7.863357e-02   4.915949e-02;
  -1.889017e-01   4.915949e-02   2.574455e-01]
sigma=[ ...    
  -4.381490e+00   5.186898e-01   4.113818e+00;
  -3.434386e+00   3.846370e-01   4.351703e-01;
   3.455145e+00  -1.495318e+00  -5.330854e+00]
sigmaDot=[ ... 
   2.889750e+04  -2.867623e+04  -1.344771e+04;
  -6.714251e+05   1.236167e+05  -7.991696e+02;
  -4.929277e+04  -3.963473e+04   2.363325e+05]
intgraE=[ ...  
  -6.132758e-04  -2.964338e-04  -2.366770e-04;
  -2.964338e-04  -3.933295e-04  -2.511463e-04;
  -2.366770e-04  -2.511463e-04  -1.062400e-04]
E=[ ...        
  -5.582135e-04  -2.540538e-04  -1.928117e-04;
  -2.540538e-04  -3.574298e-04  -2.277892e-04;
  -1.928117e-04  -2.277892e-04  -4.620299e-05]
e=[ ...        
  -5.590413e-04  -2.545356e-04  -1.932723e-04;
  -2.545356e-04  -3.577926e-04  -2.281445e-04;
  -1.932723e-04  -2.281445e-04  -4.651214e-05]
intgraF=[ ...  
   9.993865e-01  -2.121802e-04  -3.397676e-04;
  -3.809702e-04   9.996066e-01  -4.816041e-04;
  -1.339927e-04  -2.095234e-05   9.998936e-01]
F=[ ...        
   9.994416e-01  -1.889677e-04  -2.792751e-04;
  -3.193620e-04   9.996425e-01  -4.319116e-04;
  -1.066472e-04  -2.387523e-05   9.999537e-01]
R=[ ...        
   1.000000e+00   6.522806e-05  -8.636523e-05;
  -6.524568e-05   1.000000e+00  -2.040738e-04;
   8.635192e-05   2.040795e-04   1.000000e+00]
U=[ ...        
   9.994416e-01  -2.541921e-04  -1.928990e-04;
  -2.541921e-04   9.996424e-01  -2.278598e-04;
  -1.928990e-04  -2.278598e-04   9.999538e-01]
l=[ ...        
  -1.227091e-01  -4.243604e-02  -6.795352e-02;
  -7.619404e-02  -7.868592e-02  -9.632081e-02;
  -2.679854e-02  -4.190467e-03  -2.128388e-02]
d=[ ...        
  -1.227091e-01  -5.931504e-02  -4.737603e-02;
  -5.931504e-02  -7.868592e-02  -5.025564e-02;
  -4.737603e-02  -5.025564e-02  -2.128388e-02]
     iteration=            999       process=              2       (i,j,k)=              0              1              0       (x,y,z)=   5.001248e-03   1.499875e-02   4.914342e-03     particles=             77
fabric=[ ...   
   4.134687e-01  -1.524137e-02  -1.287971e-02;
  -1.524137e-02   3.231914e-01   8.529905e-02;
  -1.287971e-02   8.529905e-02   2.633400e-01]
sigma=[ ...    
  -2.287815e+01   1.526226e+00   8.301146e+00;
  -5.404605e-01  -1.740468e+01  -6.271709e+00;
   2.564288e+00  -5.234280e+00  -1.408839e+01]
sigmaDot=[ ... 
  -5.424478e+04  -3.550508e+04   4.848815e+05;
  -3.648823e+05   2.174454e+05   5.395387e+04;
  -7.827863e+05   1.722564e+05   2.442140e+05]
intgraE=[ ...  
  -1.323074e-04   3.969256e-05  -4.355627e-05;
   3.969256e-05  -4.296215e-04  -1.880766e-06;
  -4.355627e-05  -1.880766e-06  -1.545841e-04]
E=[ ...        
  -1.382520e-04   5.311199e-05  -3.323913e-05;
   5.311199e-05  -3.933253e-04   3.380292e-06;
  -3.323913e-05   3.380292e-06  -1.426856e-04]
e=[ ...        
  -1.382943e-04   5.314927e-05  -3.325921e-05;
   5.314927e-05  -3.936484e-04   3.391536e-06;
  -3.325921e-05   3.391536e-06  -1.427247e-04]
intgraF=[ ...  
   9.998677e-01   1.388587e-04   3.260146e-05;
  -5.948606e-05   9.995703e-01   4.010354e-05;
  -1.197258e-04  -4.385914e-05   9.998454e-01]
F=[ ...        
   9.998617e-01   1.276144e-04   2.759104e-05;
  -2.138271e-05   9.996066e-01   2.265753e-05;
  -9.407843e-05  -1.589382e-05   9.998573e-01]
R=[ ...        
   1.000000e+00   7.451738e-05   6.084336e-05;
  -7.451855e-05   1.000000e+00   1.927572e-05;
  -6.084193e-05  -1.928025e-05   1.000000e+00]
U=[ ...        
   9.998617e-01   5.312617e-05  -3.324389e-05;
   5.312617e-05   9.996066e-01   3.382082e-06;
  -3.324389e-05   3.382082e-06   9.998573e-01]
l=[ ...        
  -2.646501e-02   2.777175e-02   6.520292e-03;
  -1.189721e-02  -8.594488e-02   8.020707e-03;
  -2.394516e-02  -8.771829e-03  -3.091948e-02]
d=[ ...        
  -2.646501e-02   7.937268e-03  -8.712434e-03;
   7.937268e-03  -8.594488e-02  -3.755607e-04;
  -8.712434e-03  -3.755607e-04  -3.091948e-02]
     iteration=            999       process=              3       (i,j,k)=              0              1              1       (x,y,z)=   5.001248e-03   1.499875e-02   1.473804e-02     particles=             40
fabric=[ ...   
   2.833455e-01   7.767526e-02   3.084794e-02;
   7.767526e-02   3.507516e-01   2.726248e-02;
   3.084794e-02   2.726248e-02   3.659029e-01]
sigma=[ ...    
  -6.724872e+00  -4.808221e+00  -3.228894e+00;
  -1.729206e+00  -5.805537e+00  -8.823728e-02;
  -2.929282e+00  -4.709394e+00  -6.335558e+00]
sigmaDot=[ ... 
   3.304260e+03   8.811322e+03  -3.334312e+03;
  -3.832390e+03   2.693658e+03   1.254236e+04;
   5.867036e+03   1.422152e+04  -1.703802e+04]
intgraE=[ ...  
  -2.549854e-04   2.671955e-05  -1.103178e-05;
   2.671955e-05  -6.944994e-05   4.838353e-05;
  -1.103178e-05   4.838353e-05  -1.451126e-05]
E=[ ...        
  -2.586530e-04   1.004811e-05  -7.484630e-06;
   1.004811e-05  -6.669039e-05   4.460635e-05;
  -7.484630e-06   4.460635e-05  -2.195359e-05]
e=[ ...        
  -2.587885e-04   1.005634e-05  -7.472193e-06;
   1.005634e-05  -6.670584e-05   4.461223e-05;
  -7.472193e-06   4.461223e-05  -2.195488e-05]
intgraF=[ ...  
   9.997450e-01   6.337626e-06   7.901154e-05;
   4.711566e-05   9.999305e-01   4.775248e-06;
  -1.010566e-04   9.199298e-05   9.999855e-01]
F=[ ...        
   9.997413e-01  -3.269686e-06   6.781314e-05;
   2.337276e-05   9.999333e-01   1.503158e-05;
  -8.276703e-05   7.418397e-05   9.999780e-01]
R=[ ...        
   1.000000e+00  -1.332384e-05   7.530129e-05;
   1.332607e-05   1.000000e+00  -2.957733e-05;
  -7.530090e-05   2.957833e-05   1.000000e+00]
U=[ ...        
   9.997413e-01   1.004991e-05  -7.485905e-06;
   1.004991e-05   9.999333e-01   4.460836e-05;
  -7.485905e-06   4.460836e-05   9.999780e-01]
l=[ ...        
  -5.100482e-02   1.267525e-03   1.580231e-02;
   9.423131e-03  -1.389132e-02   9.550497e-04;
  -2.021133e-02   1.839860e-02  -2.902899e-03]
d=[ ...        
  -5.100482e-02   5.345328e-03  -2.204510e-03;
   5.345328e-03  -1.389132e-02   9.676823e-03;
  -2.204510e-03   9.676823e-03  -2.902899e-03]
     iteration=            999       process=              4       (i,j,k)=              1              0              0       (x,y,z)=   1.499875e-02   5.001248e-03   4.914342e-03     particles=             72
fabric=[ ...   
   3.874770e-01   6.971774e-02   1.327694e-01;
   6.971774e-02   2.573574e-01   3.906818e-02;
   1.327694e-01   3.906818e-02   3.551656e-01]
sigma=[ ...    
  -7.657159e+01  -1.482672e+01  -6.811306e+00;
  -4.432674e+01  -1.096760e+01  -1.546248e+01;
  -5.431493e+01  -6.259015e-01  -4.817862e+01]
sigmaDot=[ ... 
  -1.118545e+05   9.160951e+03  -1.087303e+05;
   3.239448e+05   6.701648e+04   1.261352e+05;
  -2.675071e+05   1.397761e+04  -1.436626e+05]
intgraE=[ ...  
  -2.173518e-04   2.000480e-05   4.262672e-05;
   2.000480e-05  -2.654424e-04   1.916887e-05;
   4.262672e-05   1.916887e-05  -2.810635e-04]
E=[ ...        
  -2.103196e-04   2.215373e-05   5.819534e-05;
   2.215373e-05  -2.495310e-04  -1.085984e-05;
   5.819534e-05  -1.085984e-05  -2.519851e-04]
e=[ ...        
  -2.104185e-04   2.217788e-05   5.824899e-05;
   2.217788e-05  -2.496630e-04  -1.087768e-05;
   5.824899e-05  -1.087768e-05  -2.521103e-04]
intgraF=[ ...  
   9.997826e-01   1.511299e-04  -1.280596e-05;
  -1.111094e-04   9.997345e-01   1.151334e-04;
   9.809699e-05  -7.678475e-05   9.997189e-01]
F=[ ...        
   9.997896e-01   1.151396e-04  -2.959324e-08;
  -7.081336e-05   9.997504e-01   8.369650e-05;
   1.164555e-04  -1.054219e-04   9.997480e-01]
R=[ ...        
   1.000000e+00   9.300308e-05  -5.825218e-05;
  -9.299757e-05   1.000000e+00   9.458896e-05;
   5.826098e-05  -9.458354e-05   1.000000e+00]
U=[ ...        
   9.997897e-01   2.215914e-05   5.820892e-05;
   2.215914e-05   9.997504e-01  -1.086321e-05;
   5.820892e-05  -1.086321e-05   9.997480e-01]
l=[ ...        
  -4.347729e-02   3.022598e-02  -2.561192e-03;
  -2.222188e-02  -5.309841e-02   2.302668e-02;
   1.961940e-02  -1.535695e-02  -5.622193e-02]
d=[ ...        
  -4.347729e-02   4.002050e-03   8.529103e-03;
   4.002050e-03  -5.309841e-02   3.834866e-03;
   8.529103e-03   3.834866e-03  -5.622193e-02]
     iteration=            999       process=              5       (i,j,k)=              1              0              1       (x,y,z)=   1.499875e-02   5.001248e-03   1.473804e-02     particles=             43
fabric=[ ...   
   2.086855e-01  -2.317345e-02   4.805369e-02;
  -2.317345e-02   5.436673e-01  -5.732911e-02;
   4.805369e-02  -5.732911e-02   2.476472e-01]
sigma=[ ...    
  -7.803958e+01  -2.092225e+01  -1.432460e+02;
   3.792757e+01  -9.987823e+01   4.819041e+01;
  -4.726678e+02   2.354198e+02  -3.057797e+03]
sigmaDot=[ ... 
  -4.115256e+07   1.752405e+07   2.716728e+08;
  -1.087721e+08   2.726680e+06   1.505413e+07;
   6.699739e+06   2.778205e+08   1.337193e+08]
intgraE=[ ...  
  -3.670925e-04   1.034596e-04  -1.552096e-05;
   1.034596e-04  -1.921536e-04  -2.420648e-04;
  -1.552096e-05  -2.420648e-04  -4.964162e-04]
E=[ ...        
  -3.108371e-04   1.052622e-04  -4.086842e-06;
   1.052622e-04  -2.550303e-04  -2.547963e-04;
  -4.086842e-06  -2.547963e-04   1.331849e-04]
e=[ ...        
  -3.110745e-04   1.053553e-04  -3.955115e-06;
   1.053553e-04  -2.551927e-04  -2.549412e-04;
  -3.955115e-06  -2.549412e-04   1.329215e-04]
intgraF=[ ...  
   9.996328e-01  -4.012698e-05   7.982505e-05;
   2.470735e-04   9.998078e-01  -4.340911e-04;
  -1.107854e-04  -5.014356e-05   9.995034e-01]
F=[ ...        
   9.996891e-01   4.750220e-06   7.134013e-05;
   2.058233e-04   9.997449e-01  -4.484083e-04;
  -7.938878e-05  -6.129089e-05   1.000133e+00]
R=[ ...        
   1.000000e+00  -1.005477e-04   7.537826e-05;
   1.005623e-04   1.000000e+00  -1.935705e-04;
  -7.535880e-05   1.935781e-04   1.000000e+00]
U=[ ...        
   9.996891e-01   1.052915e-04  -4.073789e-06;
   1.052915e-04   9.997449e-01  -2.548117e-04;
  -4.073789e-06  -2.548117e-04   1.000133e+00]
l=[ ...        
  -7.343931e-02  -8.025395e-03   1.596501e-02;
   4.941469e-02  -3.843482e-02  -8.681822e-02;
  -2.215709e-02  -1.002871e-02  -9.932739e-02]
d=[ ...        
  -7.343931e-02   2.069465e-02  -3.096038e-03;
   2.069465e-02  -3.843482e-02  -4.842347e-02;
  -3.096038e-03  -4.842347e-02  -9.932739e-02]
     iteration=            999       process=              6       (i,j,k)=              1              1              0       (x,y,z)=   1.499875e-02   1.499875e-02   4.914342e-03     particles=             57
fabric=[ ...   
   6.267086e-01  -2.981629e-02  -9.537564e-02;
  -2.981629e-02   3.234980e-01   1.111329e-01;
  -9.537564e-02   1.111329e-01   4.979346e-02]
sigma=[ ...    
  -4.800388e+00  -6.900697e-01   3.288122e+00;
  -3.554335e+00  -2.067108e+00   1.389233e-01;
   1.272027e+00   1.791420e+00  -4.549209e-02]
sigmaDot=[ ... 
   2.257605e+04  -1.066038e+04  -1.151472e+04;
  -7.228528e+03   1.176193e+04   2.725005e+03;
  -5.045207e+03  -6.011088e+03   5.073304e+02]
intgraE=[ ...  
  -3.566407e-04  -2.490928e-05   2.880480e-05;
  -2.490928e-05  -1.422180e-04   2.245308e-06;
   2.880480e-05   2.245308e-06  -2.708557e-04]
E=[ ...        
  -3.131365e-04  -2.142544e-05   3.569625e-05;
  -2.142544e-05  -1.260490e-04   1.579172e-05;
   3.569625e-05   1.579172e-05  -2.741473e-04]
e=[ ...        
  -3.133409e-04  -2.144699e-05   3.573605e-05;
  -2.144699e-05  -1.260826e-04   1.580616e-05;
   3.573605e-05   1.580616e-05  -2.742956e-04]
intgraF=[ ...  
   9.996433e-01   1.873062e-05  -3.898533e-05;
  -6.855412e-05   9.998578e-01  -1.485630e-05;
   9.660617e-05   1.935078e-05   9.997291e-01]
F=[ ...        
   9.996868e-01  -2.222744e-05  -3.045996e-05;
  -2.063575e-05   9.998739e-01   4.608624e-06;
   1.018709e-04   2.698211e-05   9.997258e-01]
R=[ ...        
   1.000000e+00  -7.960679e-07  -6.618500e-05;
   7.953273e-07   1.000000e+00  -1.118973e-05;
   6.618500e-05   1.118968e-05   1.000000e+00]
U=[ ...        
   9.996868e-01  -2.143043e-05   3.570690e-05;
  -2.143043e-05   9.998739e-01   1.579526e-05;
   3.570690e-05   1.579526e-05   9.997258e-01]
l=[ ...        
  -7.134226e-02   3.746124e-03  -7.797067e-03;
  -1.371082e-02  -2.844569e-02  -2.971260e-03;
   1.932123e-02   3.870155e-03  -5.417866e-02]
d=[ ...        
  -7.134226e-02  -4.982350e-03   5.762084e-03;
  -4.982350e-03  -2.844569e-02   4.494476e-04;
   5.762084e-03   4.494476e-04  -5.417866e-02]
     iteration=            999       process=              7       (i,j,k)=              1              1              1       (x,y,z)=   1.499875e-02   1.499875e-02   1.473804e-02     particles=             50
fabric=[ ...   
   4.905000e-01  -5.271637e-03   4.998819e-01;
  -5.271637e-03   5.665679e-05  -5.372469e-03;
   4.998819e-01  -5.372469e-03   5.094433e-01]
sigma=[ ...    
  -7.108791e-02  -2.271127e-02  -1.710044e-01;
  -2.004226e-01   4.962905e-02   5.721427e-02;
  -4.519658e-02  -2.052532e-02   6.794930e-02]
sigmaDot=[ ... 
   1.210319e+03  -5.078491e+02  -3.812384e+03;
   5.578463e+03   4.220771e+02  -5.199464e+02;
   4.585913e+01  -8.431863e+02   5.095649e+01]
intgraE=[ ...  
   9.868914e-05   1.817364e-04  -1.547473e-04;
   1.817364e-04   4.720560e-04   2.009313e-04;
  -1.547473e-04   2.009313e-04  -1.327467e-02]
E=[ ...        
  -1.743781e-05   9.868766e-05  -5.963530e-05;
   9.868766e-05   5.717910e-04   4.589522e-04;
  -5.963530e-05   4.589522e-04  -9.168223e-03]
e=[ ...        
  -1.749135e-05   9.842699e-05  -5.966564e-05;
   9.842699e-05   5.709441e-04   4.647623e-04;
  -5.966564e-05   4.647623e-04  -9.340147e-03]
intgraF=[ ...  
   1.000099e+00   6.467666e-05  -1.424931e-04;
   2.985935e-04   1.000472e+00   7.240762e-04;
  -1.694685e-04  -3.269150e-04   9.866358e-01]
F=[ ...        
   9.999825e-01  -1.198911e-04  -1.984309e-04;
   3.170644e-04   1.000572e+00   6.850093e-04;
   7.967346e-05   2.346410e-04   9.907891e-01]
R=[ ...        
   1.000000e+00  -2.183760e-04  -1.396822e-04;
   2.184076e-04   1.000000e+00   2.261593e-04;
   1.396328e-04  -2.261898e-04   1.000000e+00]
U=[ ...        
   9.999826e-01   9.867413e-05  -5.993459e-05;
   9.867413e-05   1.000572e+00   4.609463e-04;
  -5.993459e-05   4.609463e-04   9.907893e-01]
l=[ ...        
   1.972507e-02   1.293533e-02  -2.849862e-02;
   5.971871e-02   9.437783e-02   1.448152e-01;
  -3.389370e-02  -6.538300e-02  -2.672849e+00]
d=[ ...        
   1.972507e-02   3.632702e-02  -3.119616e-02;
   3.632702e-02   9.437783e-02   3.971613e-02;
  -3.119616e-02   3.971613e-02  -2.672849e+00]
