     iteration=          18999       process=              0       (i,j,k)=              0              0              0       (x,y,z)=   4.992656e-03   5.005817e-03   4.584756e-03     particles=             75
fabric=[ ...   
   3.845367e-01   2.361477e-02   2.049716e-02;
   2.361477e-02   2.884908e-01   4.098828e-02;
   2.049716e-02   4.098828e-02   3.269725e-01]
sigma=[ ...    
  -4.731880e+02  -3.572926e+01  -3.756171e+01;
  -6.378468e+01  -3.027273e+02  -3.778515e+01;
  -4.817195e+01  -7.089958e+01  -5.046941e+02]
sigmaDot=[ ... 
  -9.125412e+05  -1.309940e+06  -4.446352e+06;
  -4.943431e+06   1.392994e+06  -1.799536e+05;
  -9.964799e+05   1.184904e+06  -5.164723e+05]
intgraE=[ ...  
  -1.874211e-03   9.991279e-03  -1.169513e-02;
   9.991279e-03   8.637803e-03  -1.079245e-02;
  -1.169513e-02  -1.079245e-02  -2.473027e-02]
E=[ ...        
  -4.351445e-03   1.061309e-02  -1.587154e-02;
   1.061309e-02   1.049883e-02  -1.054483e-02;
  -1.587154e-02  -1.054483e-02  -2.161361e-02]
e=[ ...        
  -4.988905e-03   1.010247e-02  -1.662573e-02;
   1.010247e-02   9.597706e-03  -1.065542e-02;
  -1.662573e-02  -1.065542e-02  -2.325942e-02]
intgraF=[ ...  
   9.980676e-01   1.511525e-02  -1.411157e-02;
   4.650509e-03   1.008253e+00  -1.647645e-04;
  -9.545215e-03  -2.175246e-02   9.748540e-01]
F=[ ...        
   9.955187e-01   1.459867e-02  -1.800540e-02;
   6.361240e-03   1.010162e+00  -2.298933e-03;
  -1.411455e-02  -1.892117e-02   9.779792e-01]
R=[ ...        
   9.999899e-01   4.037865e-03  -1.977273e-03;
  -4.021238e-03   9.999571e-01   8.342299e-03;
   2.010873e-03  -8.334263e-03   9.999632e-01]
U=[ ...        
   9.954546e-01   1.049837e-02  -1.602938e-02;
   1.049837e-02   1.010335e+00  -1.052227e-02;
  -1.602938e-02  -1.052227e-02   9.779597e-01]
l=[ ...        
  -1.190370e-01   1.130450e-01  -3.979256e-02;
  -4.189386e-02   9.494685e-02   1.081338e-02;
   2.867034e-02  -7.562445e-02   2.153205e-04]
d=[ ...        
  -1.190370e-01   3.557559e-02  -5.561109e-03;
   3.557559e-02   9.494685e-02  -3.240554e-02;
  -5.561109e-03  -3.240554e-02   2.153205e-04]
     iteration=          18999       process=              1       (i,j,k)=              0              0              1       (x,y,z)=   4.992656e-03   5.005817e-03   1.375439e-02     particles=             53
fabric=[ ...   
   2.914997e-01  -5.622633e-02  -5.278425e-02;
  -5.622633e-02   3.738141e-01   3.393791e-02;
  -5.278425e-02   3.393791e-02   3.346862e-01]
sigma=[ ...    
  -1.657940e+02   6.890409e+01   2.320236e+01;
   5.067419e+01  -1.635837e+02  -3.408160e+01;
   5.603527e+01  -4.049544e+01  -2.040248e+02]
sigmaDot=[ ... 
   5.917220e+05   2.715646e+05  -7.043516e+05;
   1.374149e+06   9.783148e+05  -7.259063e+04;
   6.606785e+05  -2.818588e+05   8.361795e+05]
intgraE=[ ...  
  -1.827786e-02   5.392693e-03   1.377916e-02;
   5.392693e-03   1.259771e-02  -5.116721e-02;
   1.377916e-02  -5.116721e-02   6.017386e-02]
E=[ ...        
  -1.756495e-02   1.799701e-02  -2.134460e-02;
   1.799701e-02   2.122488e-02  -7.145773e-02;
  -2.134460e-02  -7.145773e-02   3.476204e-01]
e=[ ...        
  -1.727908e-02   1.804612e-02  -2.381177e-02;
   1.804612e-02   1.219805e-02  -3.494551e-02;
  -2.381177e-02  -3.494551e-02   2.013330e-01]
intgraF=[ ...  
   9.815321e-01   1.406870e-02   2.187994e-02;
  -2.561642e-03   1.009505e+00  -2.119619e-02;
   5.697550e-03  -7.678879e-02   1.058026e+00]
F=[ ...        
   9.816625e-01   2.711362e-02  -8.632616e-02;
   1.195387e-02   1.017085e+00  -2.946230e-02;
   3.264986e-02  -8.516161e-02   1.298815e+00]
R=[ ...        
   9.986226e-01   6.386372e-03  -5.207827e-02;
  -5.113732e-03   9.996859e-01   2.453380e-02;
   5.221859e-02  -2.423369e-02   9.983416e-01]
U=[ ...        
   9.819541e-01   1.742815e-02  -1.823429e-02;
   1.742815e-02   1.019003e+00  -6.147945e-02;
  -1.823429e-02  -6.147945e-02   1.300434e+00]
l=[ ...        
  -5.012479e-02   1.647916e-01   3.744136e-01;
  -1.465939e-01   2.661630e-02  -1.687886e-01;
   2.324496e-01  -3.336043e-01   5.366864e-01]
d=[ ...        
  -5.012479e-02   9.098842e-03   3.034316e-01;
   9.098842e-03   2.661630e-02  -2.511964e-01;
   3.034316e-01  -2.511964e-01   5.366864e-01]
     iteration=          18999       process=              2       (i,j,k)=              0              1              0       (x,y,z)=   4.992656e-03   1.500010e-02   4.584756e-03     particles=             70
fabric=[ ...   
   2.881108e-01  -1.341056e-02  -1.176838e-02;
  -1.341056e-02   2.916792e-01  -4.253777e-02;
  -1.176838e-02  -4.253777e-02   4.202100e-01]
sigma=[ ...    
  -1.376847e+02  -1.655364e+01   4.494440e+01;
  -3.249861e+01  -2.031917e+02  -1.583378e+01;
   2.729380e+01  -1.142988e+01  -1.540985e+02]
sigmaDot=[ ... 
  -5.694116e+05  -2.704150e+05   1.710424e+06;
   2.446161e+06   1.015907e+05  -4.382085e+05;
  -2.745317e+05   3.583867e+05   2.513723e+05]
intgraE=[ ...  
   2.052816e-02   3.740639e-03  -1.945818e-03;
   3.740639e-03  -1.272097e-02   2.846436e-03;
  -1.945818e-03   2.846436e-03  -2.404795e-02]
E=[ ...        
   4.872828e-02   4.805732e-03   3.861357e-03;
   4.805732e-03  -1.166356e-03   7.398479e-03;
   3.861357e-03   7.398479e-03  -2.090389e-02]
e=[ ...        
   4.433947e-02   4.742349e-03   2.865776e-03;
   4.742349e-03  -1.272239e-03   7.699775e-03;
   2.865776e-03   7.699775e-03  -2.201869e-02]
intgraF=[ ...  
   1.020129e+00  -5.176605e-03   1.050164e-02;
   1.300534e-02   9.871703e-01   7.812609e-04;
  -1.498036e-02   5.100455e-03   9.755989e-01]
F=[ ...        
   1.047500e+00  -2.429408e-03   1.389362e-02;
   1.222941e-02   9.987958e-01   6.744953e-03;
  -7.063434e-03   8.269601e-03   9.787511e-01]
R=[ ...        
   9.999203e-01  -7.198214e-03   1.037350e-02;
   7.206605e-03   9.999737e-01  -7.717018e-04;
  -1.036767e-02   8.463979e-04   9.999459e-01]
U=[ ...        
   1.047578e+00   4.682976e-03   3.793752e-03;
   4.682976e-03   9.987940e-01   7.473180e-03;
   3.793752e-03   7.473180e-03   9.788371e-01]
l=[ ...        
   1.710315e-01   1.804473e-01   1.352341e-01;
  -1.024581e-02  -1.682639e-01  -4.946377e-02;
   1.731350e-02  -4.331332e-02  -3.029375e-02]
d=[ ...        
   1.710315e-01   8.510076e-02   7.627380e-02;
   8.510076e-02  -1.682639e-01  -4.638855e-02;
   7.627380e-02  -4.638855e-02  -3.029375e-02]
     iteration=          18999       process=              3       (i,j,k)=              0              1              1       (x,y,z)=   4.992656e-03   1.500010e-02   1.375439e-02     particles=             47
fabric=[ ...   
   2.978765e-01  -1.003373e-02  -3.256956e-02;
  -1.003373e-02   3.476870e-01   8.679832e-02;
  -3.256956e-02   8.679832e-02   3.544365e-01]
sigma=[ ...    
  -4.070377e+02   9.101959e+01  -6.215056e+01;
   1.155533e+02  -5.127789e+02  -5.716959e+01;
  -5.402183e+01  -1.025487e+02  -5.320939e+02]
sigmaDot=[ ... 
   1.075667e+06   1.374327e+05  -1.107327e+06;
   8.271069e+05  -5.588551e+05  -1.794618e+05;
  -8.518647e+05   6.017887e+05   8.016025e+05]
intgraE=[ ...  
  -9.815706e-03   3.607529e-03  -6.168991e-03;
   3.607529e-03  -4.014198e-03  -7.845123e-03;
  -6.168991e-03  -7.845123e-03  -1.837759e-02]
E=[ ...        
   2.668199e-02   6.739653e-02  -8.774329e-03;
   6.739653e-02   5.728204e-02  -4.440849e-03;
  -8.774329e-03  -4.440849e-03  -2.205069e-03]
e=[ ...        
   2.505808e-02   5.943244e-02  -7.799802e-03;
   5.943244e-02   3.733310e-02  -1.450710e-03;
  -7.799802e-03  -1.450710e-03  -2.707532e-03]
intgraF=[ ...  
   9.901122e-01   3.493719e-03  -1.802818e-02;
   3.772095e-03   9.959716e-01  -1.551444e-02;
   5.677407e-03  -1.786843e-04   9.811621e-01]
F=[ ...        
   1.026240e+00   1.271837e-01  -3.011112e-02;
   4.147546e-03   1.048025e+00   4.838965e-04;
   1.338619e-02  -5.574029e-03   9.973379e-01]
R=[ ...        
   9.980173e-01   5.919433e-02  -2.138727e-02;
  -5.912112e-02   9.982426e-01   4.039635e-03;
   2.158881e-02  -2.767186e-03   9.997631e-01]
U=[ ...        
   1.024249e+00   6.485077e-02  -8.548689e-03;
   6.485077e-02   1.053728e+00  -4.059181e-03;
  -8.548689e-03  -4.059181e-03   9.977476e-01]
l=[ ...        
  -1.870078e-01   2.371667e-01  -1.725231e-01;
  -1.068610e-01  -1.301160e-01  -4.934130e-02;
   1.235807e-02   4.017428e-02  -3.421259e-01]
d=[ ...        
  -1.870078e-01   6.515283e-02  -8.008251e-02;
   6.515283e-02  -1.301160e-01  -4.583507e-03;
  -8.008251e-02  -4.583507e-03  -3.421259e-01]
     iteration=          18999       process=              4       (i,j,k)=              1              0              0       (x,y,z)=   1.497599e-02   5.005817e-03   4.584756e-03     particles=             67
fabric=[ ...   
   3.122825e-01  -2.241611e-02   3.564992e-03;
  -2.241611e-02   2.828063e-01  -4.783876e-03;
   3.564992e-03  -4.783876e-03   4.049112e-01]
sigma=[ ...    
  -6.915003e+02  -2.810191e+01  -1.256201e+02;
   2.952480e+01  -5.106950e+02   7.140398e+01;
  -1.170533e+02   1.542524e+01  -5.757592e+02]
sigmaDot=[ ... 
   5.345511e+05  -6.382842e+05   2.132033e+06;
   7.826511e+06   1.986458e+05   3.734293e+05;
  -1.207991e+06   3.902967e+06   4.523781e+04]
intgraE=[ ...  
   6.393794e-03   5.458396e-03   9.987475e-03;
   5.458396e-03   1.507936e-02  -5.609463e-03;
   9.987475e-03  -5.609463e-03  -3.210329e-02]
E=[ ...        
   4.970910e-02   3.329567e-02   1.993635e-02;
   3.329567e-02   1.977239e-02  -1.140357e-03;
   1.993635e-02  -1.140357e-03  -1.256792e-02]
e=[ ...        
   4.154712e-02   3.001907e-02   1.889680e-02;
   3.001907e-02   1.784103e-02  -2.295787e-03;
   1.889680e-02  -2.295787e-03  -1.316040e-02]
intgraF=[ ...  
   1.006150e+00   1.821776e-02   6.334431e-04;
  -6.849110e-03   1.014540e+00   1.098899e-02;
   2.006910e-02  -2.313574e-02   9.673015e-01]
F=[ ...        
   1.047048e+00   1.883347e-02   8.445364e-03;
   4.656765e-02   1.019224e+00   1.627612e-02;
   3.066512e-02  -1.927587e-02   9.871818e-01]
R=[ ...        
   9.998492e-01  -1.315860e-02  -1.133272e-02;
   1.335789e-02   9.997542e-01   1.769294e-02;
   1.109712e-02  -1.784165e-02   9.997792e-01]
U=[ ...        
   1.047852e+00   3.223141e-02   1.961638e-02;
   3.223141e-02   1.019070e+00  -1.451969e-03;
   1.961638e-02  -1.451969e-03   9.871561e-01]
l=[ ...        
   3.928184e-02   6.423082e-02  -7.112896e-02;
  -1.014402e-01  -5.714688e-02  -6.216434e-02;
  -7.839664e-03  -2.653380e-02  -7.944867e-02]
d=[ ...        
   3.928184e-02  -1.860468e-02  -3.948431e-02;
  -1.860468e-02  -5.714688e-02  -4.434907e-02;
  -3.948431e-02  -4.434907e-02  -7.944867e-02]
     iteration=          18999       process=              5       (i,j,k)=              1              0              1       (x,y,z)=   1.497599e-02   5.005817e-03   1.375439e-02     particles=             43
fabric=[ ...   
   2.922190e-01   8.719159e-03   1.879250e-02;
   8.719159e-03   3.471668e-01  -6.273745e-02;
   1.879250e-02  -6.273745e-02   3.606142e-01]
sigma=[ ...    
  -5.870984e+02  -7.993296e+01   4.977386e+01;
  -1.861284e+01  -7.567573e+02  -3.991042e+01;
   9.482181e+01  -1.315017e+02  -6.438943e+02]
sigmaDot=[ ... 
   2.550052e+06   1.661204e+06  -5.630659e+06;
   3.304408e+06  -8.551603e+05   1.385462e+07;
  -2.456059e+06   1.564052e+06  -1.996964e+05]
intgraE=[ ...  
   1.001843e-03   8.075907e-03   3.113802e-02;
   8.075907e-03   1.791509e-02  -3.015979e-02;
   3.113802e-02  -3.015979e-02  -2.186753e-02]
E=[ ...        
   3.615393e-03   9.623372e-03   7.402236e-03;
   9.623372e-03   1.673233e-02  -7.853558e-03;
   7.402236e-03  -7.853558e-03  -9.536727e-02]
e=[ ...        
   2.138254e-03   9.989932e-03   1.374558e-02;
   9.989932e-03   1.546676e-02  -1.292455e-02;
   1.374558e-02  -1.292455e-02  -1.166606e-01]
intgraF=[ ...  
   9.990039e-01  -1.013817e-02   7.503259e-03;
   2.847747e-02   1.016606e+00  -1.374077e-02;
   5.642633e-02  -4.732698e-02   9.777627e-01]
F=[ ...        
   1.002289e+00  -2.812381e-03  -2.674355e-02;
   2.342087e-02   1.015891e+00   1.783000e-02;
   4.581851e-02  -3.770302e-02   8.990174e-01]
R=[ ...        
   9.991795e-01  -1.247561e-02  -3.853232e-02;
   1.359230e-02   9.994912e-01   2.885566e-02;
   3.815272e-02  -2.935572e-02   9.988406e-01]
U=[ ...        
   1.003533e+00   9.559748e-03   7.820703e-03;
   9.559748e-03   1.016516e+00  -8.236733e-03;
   7.820703e-03  -8.236733e-03   8.995201e-01]
l=[ ...        
  -9.177614e-02  -9.363339e-02   2.579317e-01;
   1.064835e-01  -1.291405e-02  -7.492291e-02;
   1.500037e-01  -2.525331e-02   8.452364e-02]
d=[ ...        
  -9.177614e-02   6.425043e-03   2.039677e-01;
   6.425043e-03  -1.291405e-02  -5.008811e-02;
   2.039677e-01  -5.008811e-02   8.452364e-02]
     iteration=          18999       process=              6       (i,j,k)=              1              1              0       (x,y,z)=   1.497599e-02   1.500010e-02   4.584756e-03     particles=             57
fabric=[ ...   
   3.436585e-01  -1.502637e-02  -8.561292e-02;
  -1.502637e-02   2.798373e-01   6.843243e-02;
  -8.561292e-02   6.843243e-02   3.765042e-01]
sigma=[ ...    
  -1.315879e+02   5.323943e+01   4.459933e+01;
   6.158874e+01  -1.219418e+02  -8.305354e+01;
   3.814898e+01  -8.709679e+01  -1.600630e+02]
sigmaDot=[ ... 
   1.572932e+04  -2.954935e+05  -1.129032e+06;
   4.884642e+05   5.693962e+05   7.784329e+05;
  -2.304300e+05   5.240678e+05   2.310193e+05]
intgraE=[ ...  
  -2.456897e-02  -3.368713e-03   1.003278e-02;
  -3.368713e-03  -2.235562e-02   1.571931e-02;
   1.003278e-02   1.571931e-02  -3.029782e-02]
E=[ ...        
  -6.279977e-03  -7.607405e-03   3.520860e-03;
  -7.607405e-03  -1.416843e-02   1.128396e-02;
   3.520860e-03   1.128396e-02  -1.978447e-02]
e=[ ...        
  -6.821367e-03  -8.253444e-03   4.295696e-03;
  -8.253444e-03  -1.462168e-02   1.195976e-02;
   4.295696e-03   1.195976e-02  -2.097181e-02]
intgraF=[ ...  
   9.748157e-01   2.235834e-03  -1.624374e-03;
  -9.234404e-03   9.773744e-01   2.741178e-02;
   2.260659e-02   4.800254e-03   9.688397e-01]
F=[ ...        
   9.933576e-01   4.434339e-03  -9.087466e-03;
  -1.998417e-02   9.857086e-01   1.826147e-02;
   1.677251e-02   4.702700e-03   9.798036e-01]
R=[ ...        
   9.998363e-01   1.247088e-02  -1.310596e-02;
  -1.238055e-02   9.998992e-01   6.951031e-03;
   1.319133e-02  -6.787634e-03   9.998900e-01]
U=[ ...        
   9.936637e-01  -7.707963e-03   3.612844e-03;
  -7.707963e-03   9.856326e-01   1.149576e-02;
   3.612844e-03   1.149576e-02   9.799418e-01]
l=[ ...        
  -2.679458e-01   5.477589e-01  -4.732726e-02;
   3.230630e-01  -6.970231e-02   4.011493e-01;
  -7.476351e-02  -3.485349e-02  -2.789098e-01]
d=[ ...        
  -2.679458e-01   4.354110e-01  -6.104539e-02;
   4.354110e-01  -6.970231e-02   1.831479e-01;
  -6.104539e-02   1.831479e-01  -2.789098e-01]
     iteration=          18999       process=              7       (i,j,k)=              1              1              1       (x,y,z)=   1.497599e-02   1.500010e-02   1.375439e-02     particles=             53
fabric=[ ...   
   2.181764e-01   5.581397e-02  -1.654050e-02;
   5.581397e-02   4.268641e-01  -2.885149e-02;
  -1.654050e-02  -2.885149e-02   3.549595e-01]
sigma=[ ...    
  -2.442405e+01  -2.253382e+01  -1.274175e+01;
   2.145439e+01  -7.829594e+01  -1.086810e+01;
  -2.295499e+01  -3.313868e+01  -4.330861e+01]
sigmaDot=[ ... 
  -2.286842e+05  -3.412345e+05  -3.358964e+05;
  -2.274311e+05  -2.812846e+05  -6.887311e+04;
  -1.500642e+05  -7.996730e+04  -1.725617e+05]
intgraE=[ ...  
   1.129664e-02  -3.463545e-03  -9.735920e-03;
  -3.463545e-03  -2.157720e-02  -2.825467e-04;
  -9.735920e-03  -2.825467e-04   2.547839e-02]
E=[ ...        
   2.096566e-02  -9.882881e-03  -2.041404e-02;
  -9.882881e-03  -4.208391e-02  -5.949341e-03;
  -2.041404e-02  -5.949341e-03   7.066653e-03]
e=[ ...        
   2.029094e-02  -1.002097e-02  -1.910636e-02;
  -1.002097e-02  -4.632891e-02  -7.399813e-03;
  -1.910636e-02  -7.399813e-03   5.028542e-03]
intgraF=[ ...  
   1.011164e+00  -8.612014e-03  -3.114106e-02;
   1.921177e-03   9.781111e-01   7.918146e-03;
   1.171284e-02  -8.371677e-03   1.024658e+00]
F=[ ...        
   1.020717e+00  -1.503589e-02  -4.682693e-02;
  -4.595463e-03   9.568682e-01  -9.944050e-03;
   6.882638e-03  -3.069501e-03   1.005903e+00]
R=[ ...        
   9.996339e-01  -5.375998e-03  -2.651709e-02;
   5.281027e-03   9.999794e-01  -3.650256e-03;
   2.653616e-02   3.508882e-03   9.996417e-01]
U=[ ...        
   1.020502e+00  -1.005859e-02  -2.016949e-02;
  -1.005859e-02   9.569185e-01  -6.162507e-03;
  -2.016949e-02  -6.162507e-03   1.006821e+00]
l=[ ...        
  -6.832715e-02  -1.108066e-02  -7.126995e-02;
   2.492796e-02  -2.136490e-02  -1.747275e-01;
  -2.370050e-01  -2.151088e-01   2.478625e-01]
d=[ ...        
  -6.832715e-02   6.923649e-03  -1.541375e-01;
   6.923649e-03  -2.136490e-02  -1.949182e-01;
  -1.541375e-01  -1.949182e-01   2.478625e-01]
