     iteration=           7999       process=              0       (i,j,k)=              0              0              0       (x,y,z)=   5.000897e-03   5.008513e-03   4.655342e-03     particles=             76
fabric=[ ...   
   3.295759e-01   1.975783e-03   2.134926e-02;
   1.975783e-03   3.076567e-01   5.389156e-02;
   2.134926e-02   5.389156e-02   3.627674e-01]
sigma=[ ...    
  -1.715276e+03   2.514321e+02  -4.817080e+02;
   1.210557e+02  -1.769165e+03  -3.887341e+02;
   1.218317e+00  -3.962926e+02  -2.953574e+03]
sigmaDot=[ ... 
   4.487456e+05  -5.214920e+06   8.132817e+05;
   4.050496e+05   1.534751e+06  -2.169006e+06;
   4.030148e+06   1.173435e+07  -7.325125e+06]
intgraE=[ ...  
  -4.841028e-03   6.778857e-03  -6.967165e-03;
   6.778857e-03   3.179488e-03  -5.551049e-03;
  -6.967165e-03  -5.551049e-03  -1.625860e-02]
E=[ ...        
  -6.374716e-03   6.905530e-03  -1.052257e-02;
   6.905530e-03   4.468793e-03  -6.796715e-03;
  -1.052257e-02  -6.796715e-03  -1.570588e-02]
e=[ ...        
  -6.752660e-03   6.736586e-03  -1.092503e-02;
   6.736586e-03   4.185098e-03  -6.915367e-03;
  -1.092503e-02  -6.915367e-03  -1.652064e-02]
intgraF=[ ...  
   9.950982e-01   5.504765e-03  -8.264782e-03;
   7.977347e-03   1.003070e+00   2.129147e-03;
  -5.822712e-03  -1.341266e-02   9.835700e-01]
F=[ ...        
   9.935372e-01   5.955305e-03  -1.262954e-02;
   7.756376e-03   1.004369e+00  -1.642512e-03;
  -8.621686e-03  -1.206045e-02   9.840864e-01]
R=[ ...        
   9.999975e-01  -9.310383e-04  -2.050476e-03;
   9.417929e-04   9.999858e-01   5.250235e-03;
   2.045558e-03  -5.252152e-03   9.999841e-01]
U=[ ...        
   9.935243e-01   6.876527e-03  -1.061805e-02;
   6.876527e-03   1.004412e+00  -6.799302e-03;
  -1.061805e-02  -6.799302e-03   9.840880e-01]
l=[ ...        
   2.746757e-01   2.834471e-01   2.293103e-01;
   1.179789e-01   3.811511e-02  -7.781703e-02;
  -8.576696e-02  -4.386374e-01  -7.049320e-01]
d=[ ...        
   2.746757e-01   2.007130e-01   7.177168e-02;
   2.007130e-01   3.811511e-02  -2.582272e-01;
   7.177168e-02  -2.582272e-01  -7.049320e-01]
     iteration=           7999       process=              1       (i,j,k)=              0              0              1       (x,y,z)=   5.000897e-03   5.008513e-03   1.395050e-02     particles=             53
fabric=[ ...   
   3.352036e-01  -7.214510e-02   1.480088e-02;
  -7.214510e-02   3.351623e-01  -5.311751e-03;
   1.480088e-02  -5.311751e-03   3.296341e-01]
sigma=[ ...    
  -5.017044e+03   1.605734e+03  -1.311904e+03;
   7.005034e+02  -3.018993e+03   4.585702e+02;
   2.745498e+02   3.414864e+02  -5.730718e+03]
sigmaDot=[ ... 
  -1.104069e+07  -1.372673e+07  -1.596376e+08;
  -3.636862e+08   3.625536e+07  -4.551676e+07;
  -4.106195e+07   2.278727e+08   1.035752e+08]
intgraE=[ ...  
  -1.531557e-02   1.275234e-03  -3.659718e-03;
   1.275234e-03   9.314549e-03  -2.847670e-02;
  -3.659718e-03  -2.847670e-02   2.379767e-02]
E=[ ...        
  -1.582736e-02   2.198103e-03   2.925261e-03;
   2.198103e-03  -7.250224e-03  -6.779993e-03;
   2.925261e-03  -6.779993e-03   3.979723e-02]
e=[ ...        
  -1.636301e-02   2.400758e-03   2.817678e-03;
   2.400758e-03  -7.686870e-03  -5.547462e-03;
   2.817678e-03  -5.547462e-03   3.698977e-02]
intgraF=[ ...  
   9.845387e-01  -3.941997e-03  -3.487839e-03;
   6.201699e-03   1.008128e+00  -7.916160e-03;
  -3.748400e-03  -4.786261e-02   1.023484e+00]
F=[ ...        
   9.840423e-01   3.284543e-03   3.709551e-03;
   1.227067e-03   9.923898e-01   1.304207e-02;
   2.102285e-03  -2.552103e-02   1.038947e+00]
R=[ ...        
   9.999991e-01   1.063801e-03   7.866634e-04;
  -1.078541e-03   9.998193e-01   1.898092e-02;
  -7.663293e-04  -1.898175e-02   9.998195e-01]
U=[ ...        
   9.840386e-01   2.233765e-03   2.899306e-03;
   2.233765e-03   9.926983e-01  -6.677368e-03;
   2.899306e-03  -6.677368e-03   1.039010e+00]
l=[ ...        
  -1.072968e-01   2.338944e-01  -1.638661e-01;
  -7.249009e-02   3.625774e-01  -2.469869e-01;
   2.014208e-01  -1.163726e+00   1.105777e+00]
d=[ ...        
  -1.072968e-01   8.070218e-02   1.877739e-02;
   8.070218e-02   3.625774e-01  -7.053564e-01;
   1.877739e-02  -7.053564e-01   1.105777e+00]
     iteration=           7999       process=              2       (i,j,k)=              0              1              0       (x,y,z)=   5.000897e-03   1.499746e-02   4.655342e-03     particles=             71
fabric=[ ...   
   2.609551e-01  -3.657832e-02  -2.025216e-02;
  -3.657832e-02   3.337498e-01  -3.094652e-02;
  -2.025216e-02  -3.094652e-02   4.052952e-01]
sigma=[ ...    
  -5.307165e+02   1.654863e+02  -8.197569e+01;
   1.305420e+02  -1.208229e+03  -1.948160e+02;
   9.322599e+01  -9.680029e+01  -1.181575e+03]
sigmaDot=[ ... 
   1.806871e+06   2.218934e+06  -1.535027e+06;
  -1.088226e+06  -7.307243e+05  -8.974986e+05;
  -2.769951e+06  -4.656840e+06   5.081865e+06]
intgraE=[ ...  
   5.836045e-03   1.139462e-03  -3.071319e-03;
   1.139462e-03  -4.984216e-03   4.305763e-03;
  -3.071319e-03   4.305763e-03  -1.704692e-02]
E=[ ...        
   1.552633e-02   6.917053e-04  -4.557790e-04;
   6.917053e-04  -1.993967e-03   5.693376e-03;
  -4.557790e-04   5.693376e-03  -1.674499e-02]
e=[ ...        
   1.504559e-02   7.818722e-04  -6.534388e-04;
   7.818722e-04  -2.088226e-03   5.940377e-03;
  -6.534388e-04   5.940377e-03  -1.736584e-02]
intgraF=[ ...  
   1.005731e+00  -5.163061e-03   4.550246e-03;
   7.569655e-03   9.949747e-01   3.253522e-03;
  -1.093173e-02   5.492375e-03   9.827893e-01]
F=[ ...        
   1.015380e+00  -3.457790e-03   4.514493e-03;
   4.947963e-03   9.979679e-01   3.781231e-03;
  -5.609015e-03   7.759999e-03   9.830948e-01]
R=[ ...        
   9.999783e-01  -4.183822e-03   5.082549e-03;
   4.194025e-03   9.999892e-01  -1.998470e-03;
  -5.074133e-03   2.019743e-03   9.999851e-01]
U=[ ...        
   1.015407e+00   6.884114e-04  -4.581004e-04;
   6.884114e-04   9.979873e-01   5.747901e-03;
  -4.581004e-04   5.747901e-03   9.830955e-01]
l=[ ...        
   4.633648e-01  -1.579357e-01   4.079311e-01;
   1.620175e-01   5.459373e-02   7.410364e-02;
  -2.596864e-01   6.943757e-02  -3.366990e-01]
d=[ ...        
   4.633648e-01   2.040912e-03   7.412238e-02;
   2.040912e-03   5.459373e-02   7.177060e-02;
   7.412238e-02   7.177060e-02  -3.366990e-01]
     iteration=           7999       process=              3       (i,j,k)=              0              1              1       (x,y,z)=   5.000897e-03   1.499746e-02   1.395050e-02     particles=             46
fabric=[ ...   
   3.513623e-01  -1.216809e-02  -2.762813e-03;
  -1.216809e-02   2.981394e-01   3.057595e-02;
  -2.762813e-03   3.057595e-02   3.504982e-01]
sigma=[ ...    
  -4.700590e+03   5.231359e+02  -6.235381e+02;
   4.873022e+02  -3.909118e+03  -2.759869e+01;
  -1.621122e+02   6.812593e+02  -6.128571e+03]
sigmaDot=[ ... 
  -2.197699e+07  -1.849261e+07  -1.562457e+08;
   2.495289e+06  -1.220423e+07   1.247860e+07;
   5.808958e+07   1.279372e+08   1.610277e+08]
intgraE=[ ...  
  -1.082493e-03   2.032424e-03   4.476829e-03;
   2.032424e-03   6.113966e-05   1.586295e-03;
   4.476829e-03   1.586295e-03  -5.226840e-03]
E=[ ...        
  -7.209567e-04   5.627858e-03   1.955647e-04;
   5.627858e-03  -2.626020e-03   9.669618e-03;
   1.955647e-04   9.669618e-03  -3.588901e-03]
e=[ ...        
  -8.367308e-04   5.681206e-03   8.546775e-05;
   5.681206e-03  -2.998017e-03   9.795879e-03;
   8.546775e-05   9.795879e-03  -3.651176e-03]
intgraF=[ ...  
   9.988416e-01  -5.913396e-03   1.815729e-03;
   9.923284e-03   1.000022e+00  -3.423179e-03;
   7.211849e-03   6.641434e-03   9.947519e-01]
F=[ ...        
   9.992273e-01   1.166371e-03   9.076648e-04;
   1.012787e-02   9.972151e-01   1.838448e-03;
  -5.363831e-04   1.756805e-02   9.964025e-01]
R=[ ...        
   9.999896e-01  -4.489986e-03   7.854837e-04;
   4.496045e-03   9.999588e-01  -7.890520e-03;
  -7.500230e-04   7.893969e-03   9.999686e-01]
U=[ ...        
   9.992629e-01   5.636706e-03   1.685963e-04;
   5.636706e-03   9.973074e-01   9.699868e-03;
   1.685963e-04   9.699868e-03   9.963574e-01]
l=[ ...        
   3.825647e-01  -9.784383e-01  -3.824817e-01;
  -1.289281e-02   4.196885e-01  -3.764177e-01;
   1.302973e-01  -7.670895e-01   3.202842e-01]
d=[ ...        
   3.825647e-01  -4.956655e-01  -1.260922e-01;
  -4.956655e-01   4.196885e-01  -5.717536e-01;
  -1.260922e-01  -5.717536e-01   3.202842e-01]
     iteration=           7999       process=              4       (i,j,k)=              1              0              0       (x,y,z)=   1.499011e-02   5.008513e-03   4.655342e-03     particles=             69
fabric=[ ...   
   2.707951e-01  -6.171880e-02   4.041904e-02;
  -6.171880e-02   3.357957e-01   4.082305e-02;
   4.041904e-02   4.082305e-02   3.934092e-01]
sigma=[ ...    
  -2.011860e+03   4.292746e+02  -3.095139e+02;
   4.886080e+02  -2.027190e+03  -5.816660e+02;
  -1.260589e+02  -5.145381e+02  -2.875049e+03]
sigmaDot=[ ... 
   8.737341e+06  -8.692820e+06   2.710957e+06;
   2.889390e+07   2.440805e+06   1.688159e+06;
  -7.048113e+06   1.871828e+07  -1.933594e+06]
intgraE=[ ...  
   4.853702e-03   3.857935e-03   8.318673e-03;
   3.857935e-03   7.712661e-03  -4.625208e-03;
   8.318673e-03  -4.625208e-03  -3.170266e-02]
E=[ ...        
   4.788195e-03   5.163211e-03   9.342460e-03;
   5.163211e-03   6.549840e-03  -6.043041e-03;
   9.342460e-03  -6.043041e-03  -1.850640e-02]
e=[ ...        
   4.396088e-03   5.373211e-03   9.765005e-03;
   5.373211e-03   6.097649e-03  -6.680190e-03;
   9.765005e-03  -6.680190e-03  -1.913007e-02]
intgraF=[ ...  
   1.004688e+00   1.039783e-02  -2.287802e-04;
  -2.337513e-03   1.007399e+00   1.150313e-02;
   1.745780e-02  -2.153155e-02   9.677098e-01]
F=[ ...        
   1.004623e+00   9.359723e-03   1.481688e-03;
   1.288718e-03   1.006259e+00   8.765059e-03;
   1.751295e-02  -2.131899e-02   9.812788e-01]
R=[ ...        
   9.999590e-01   4.120884e-03  -8.068321e-03;
  -3.997970e-03   9.998766e-01   1.519151e-02;
   8.129928e-03  -1.515863e-02   9.998520e-01]
U=[ ...        
   1.004719e+00   5.163023e-03   9.424311e-03;
   5.163023e-03   1.006497e+00  -6.104756e-03;
   9.424311e-03  -6.104756e-03   9.812549e-01]
l=[ ...        
   5.274887e-01   5.219185e-01  -9.663136e-02;
   1.660588e-01  -1.966868e-01   1.516560e-01;
   1.268599e-01  -3.426715e-01  -2.643783e-01]
d=[ ...        
   5.274887e-01   3.439886e-01   1.511425e-02;
   3.439886e-01  -1.966868e-01  -9.550774e-02;
   1.511425e-02  -9.550774e-02  -2.643783e-01]
     iteration=           7999       process=              5       (i,j,k)=              1              0              1       (x,y,z)=   1.499011e-02   5.008513e-03   1.395050e-02     particles=             42
fabric=[ ...   
   2.760678e-01  -5.543413e-03   3.898730e-02;
  -5.543413e-03   3.732366e-01   6.103948e-04;
   3.898730e-02   6.103948e-04   3.506956e-01]
sigma=[ ...    
  -2.829646e+03   1.346894e+02  -1.254357e+03;
   4.249269e+02  -1.517167e+03   9.833242e+02;
  -2.005179e+03  -1.473475e+02  -5.928932e+03]
sigmaDot=[ ... 
   2.308006e+07  -4.613499e+07   4.476687e+08;
   1.678384e+08   1.355072e+07  -1.964324e+07;
  -4.237024e+07  -2.938362e+08   1.644450e+08]
intgraE=[ ...  
   8.021153e-03   2.458684e-03   1.906694e-02;
   2.458684e-03   1.438103e-02  -2.223971e-02;
   1.906694e-02  -2.223971e-02  -9.486183e-03]
E=[ ...        
   1.054327e-02   2.146018e-03   1.952383e-02;
   2.146018e-03   1.111777e-02  -5.455926e-03;
   1.952383e-02  -5.455926e-03  -6.841733e-02]
e=[ ...        
   8.747311e-03   2.813469e-03   2.354008e-02;
   2.813469e-03   1.058721e-02  -7.723327e-03;
   2.354008e-02  -7.723327e-03  -7.941714e-02]
intgraF=[ ...  
   1.007098e+00  -8.059649e-03  -1.262913e-03;
   1.426955e-02   1.013614e+00  -8.894918e-03;
   3.991476e-02  -3.581643e-02   9.904276e-01]
F=[ ...        
   1.009808e+00  -7.879268e-03   6.572055e-03;
   1.296774e-02   1.010724e+00   1.197239e-02;
   3.472234e-02  -2.471655e-02   9.289665e-01]
R=[ ...        
   9.998421e-01  -1.003070e-02  -1.466854e-02;
   1.030500e-02   9.997712e-01   1.874527e-02;
   1.447715e-02  -1.889347e-02   9.997167e-01]
U=[ ...        
   1.010285e+00   2.179660e-03   2.014318e-02;
   2.179660e-03   1.011039e+00  -5.647676e-03;
   2.014318e-02  -5.647676e-03   9.288314e-01]
l=[ ...        
  -6.527090e-01   1.451975e-01  -3.040894e-01;
   5.298446e-01   2.980496e-01   3.631059e-02;
   7.369158e-01  -9.345494e-01  -7.125150e-01]
d=[ ...        
  -6.527090e-01   3.375211e-01   2.164132e-01;
   3.375211e-01   2.980496e-01  -4.491194e-01;
   2.164132e-01  -4.491194e-01  -7.125150e-01]
     iteration=           7999       process=              6       (i,j,k)=              1              1              0       (x,y,z)=   1.499011e-02   1.499746e-02   4.655342e-03     particles=             56
fabric=[ ...   
   2.209365e-01   4.238670e-02  -3.361240e-02;
   4.238670e-02   4.072311e-01  -1.236496e-02;
  -3.361240e-02  -1.236496e-02   3.718324e-01]
sigma=[ ...    
  -2.369336e+03  -1.215248e+03   1.611587e+03;
  -1.115323e+03  -4.647963e+03   8.790872e+02;
   1.577324e+03   6.532932e+02  -2.910375e+03]
sigmaDot=[ ... 
   4.330003e+06  -1.939436e+06  -4.683463e+06;
  -3.476323e+06  -3.586028e+06  -4.998300e+06;
  -1.865262e+06   8.415276e+06   2.847549e+06]
intgraE=[ ...  
  -8.574783e-03  -9.798917e-03   6.489598e-03;
  -9.798917e-03  -1.319194e-02   8.286572e-03;
   6.489598e-03   8.286572e-03  -1.782696e-02]
E=[ ...        
  -2.582732e-03  -9.674235e-03   4.806869e-03;
  -9.674235e-03  -1.031627e-02   5.029992e-03;
   4.806869e-03   5.029992e-03  -1.238413e-02]
e=[ ...        
  -2.942546e-03  -1.004930e-02   5.118635e-03;
  -1.004930e-02  -1.078729e-02   5.288398e-03;
   5.118635e-03   5.288398e-03  -1.269935e-02]
intgraF=[ ...  
   9.912029e-01  -7.953743e-03  -1.607144e-03;
  -1.203330e-02   9.866307e-01   6.217684e-03;
   1.491565e-02   1.061701e-02   9.819902e-01]
F=[ ...        
   9.972742e-01  -8.590759e-03  -2.773870e-03;
  -1.098917e-02   9.895648e-01   2.727141e-03;
   1.256672e-02   7.430121e-03   9.875306e-01]
R=[ ...        
   9.999693e-01   1.211608e-03  -7.745260e-03;
  -1.230302e-03   9.999963e-01  -2.409245e-03;
   7.742313e-03   2.418700e-03   9.999671e-01]
U=[ ...        
   9.973544e-01  -9.750432e-03   4.868630e-03;
  -9.750432e-03   9.895687e-01   5.112310e-03;
   4.868630e-03   5.112310e-03   9.875130e-01]
l=[ ...        
  -2.202831e-01  -4.492723e-01   2.028220e-01;
  -3.476612e-01  -3.752770e-01   4.975813e-01;
   5.195129e-01  -2.030829e-01  -4.672738e-01]
d=[ ...        
  -2.202831e-01  -3.984668e-01   3.611674e-01;
  -3.984668e-01  -3.752770e-01   1.472492e-01;
   3.611674e-01   1.472492e-01  -4.672738e-01]
     iteration=           7999       process=              7       (i,j,k)=              1              1              1       (x,y,z)=   1.499011e-02   1.499746e-02   1.395050e-02     particles=             52
fabric=[ ...   
   4.698740e-01  -3.086894e-02   5.629184e-02;
  -3.086894e-02   3.101709e-01  -3.948520e-02;
   5.629184e-02  -3.948520e-02   2.199551e-01]
sigma=[ ...    
  -7.591585e+02   9.661938e+01   3.640459e+02;
   2.899631e+01  -4.215574e+02   1.950636e+01;
  -6.995126e+01   7.707516e+01  -2.246908e+02]
sigmaDot=[ ... 
   2.846545e+06   2.924944e+06  -1.108546e+07;
   3.576196e+06   2.307342e+06   2.398735e+06;
  -4.261998e+06   8.170909e+06   1.251470e+05]
intgraE=[ ...  
   7.980561e-03  -7.754336e-04   2.320953e-03;
  -7.754336e-04  -1.423538e-02   2.973539e-04;
   2.320953e-03   2.973539e-04   9.340791e-03]
E=[ ...        
   7.450801e-03  -3.351688e-03   1.738978e-04;
  -3.351688e-03   9.720100e-04  -6.992389e-03;
   1.738978e-04  -6.992389e-03  -7.497264e-03]
e=[ ...        
   7.322315e-03  -3.209245e-03   3.134211e-04;
  -3.209245e-03   7.676709e-04  -7.164393e-03;
   3.134211e-04  -7.164393e-03  -7.633239e-03]
intgraF=[ ...  
   1.007848e+00  -3.192039e-04  -9.593691e-03;
  -1.314530e-03   9.856506e-01  -4.204310e-03;
   1.417435e-02   4.692255e-03   1.009243e+00]
F=[ ...        
   1.007361e+00  -4.380627e-03  -1.050007e-02;
  -2.153694e-03   1.000887e+00  -1.863403e-03;
   1.100459e-02  -1.225867e-02   9.924171e-01]
R=[ ...        
   9.999416e-01  -1.118021e-03  -1.075128e-02;
   1.173881e-03   9.999858e-01   5.190800e-03;
   1.074533e-02  -5.203117e-03   9.999287e-01]
U=[ ...        
   1.007418e+00  -3.337172e-03   1.622029e-04;
  -3.337172e-03   1.000941e+00  -7.015300e-03;
   1.622029e-04  -7.015300e-03   9.924496e-01]
l=[ ...        
   1.057504e-01  -5.085823e-01  -7.659122e-01;
   5.207222e-01  -6.275682e-01   3.295770e-01;
   7.119768e-01   4.056538e-01   1.554398e+00]
d=[ ...        
   1.057504e-01   6.069968e-03  -2.696771e-02;
   6.069968e-03  -6.275682e-01   3.676154e-01;
  -2.696771e-02   3.676154e-01   1.554398e+00]
