     iteration=          13999       process=              0       (i,j,k)=              0              0              0       (x,y,z)=   4.990240e-03   5.002398e-03   4.589814e-03     particles=             75
fabric=[ ...   
   3.341746e-01   1.475712e-02  -1.541585e-02;
   1.475712e-02   3.099351e-01   6.127227e-02;
  -1.541585e-02   6.127227e-02   3.558903e-01]
sigma=[ ...    
  -2.383141e+03   2.914453e+02   1.622219e+02;
   3.372481e+02  -2.106400e+03  -8.042625e+02;
   1.931288e+02  -8.926401e+02  -3.114848e+03]
sigmaDot=[ ... 
  -2.185099e+06   3.055831e+06   1.106586e+07;
   4.813139e+05   4.878333e+06   1.301592e+07;
  -1.533140e+06  -8.280321e+06   1.930117e+06]
intgraE=[ ...  
  -5.695801e-04   8.915506e-03  -1.091582e-02;
   8.915506e-03   6.321015e-03  -8.943020e-03;
  -1.091582e-02  -8.943020e-03  -2.443324e-02]
E=[ ...        
  -4.898098e-03   9.602789e-03  -1.391247e-02;
   9.602789e-03   6.803288e-03  -8.849287e-03;
  -1.391247e-02  -8.849287e-03  -2.159854e-02]
e=[ ...        
  -5.498161e-03   9.260081e-03  -1.459266e-02;
   9.260081e-03   6.246084e-03  -9.008080e-03;
  -1.459266e-02  -9.008080e-03  -2.306310e-02]
intgraF=[ ...  
   9.993622e-01   1.122679e-02  -1.232923e-02;
   6.393094e-03   1.006070e+00   1.955426e-04;
  -9.753574e-03  -1.840101e-02   9.751828e-01]
F=[ ...        
   9.949625e-01   1.110189e-02  -1.435921e-02;
   7.902937e-03   1.006610e+00  -3.048366e-03;
  -1.381721e-02  -1.479536e-02   9.780529e-01]
R=[ ...        
   9.999987e-01   1.556155e-03  -2.915364e-04;
  -1.554405e-03   9.999813e-01   5.909382e-03;
   3.007269e-04  -5.908921e-03   9.999825e-01]
U=[ ...        
   9.949448e-01   9.532750e-03  -1.406033e-02;
   9.532750e-03   1.006696e+00  -8.849892e-03;
  -1.406033e-02  -8.849892e-03   9.780219e-01]
l=[ ...        
   2.110925e-01   2.863369e-01  -1.206830e-01;
  -8.717341e-02   9.861657e-02  -8.627373e-02;
  -8.404886e-02  -2.757799e-01  -8.233569e-02]
d=[ ...        
   2.110925e-01   9.958176e-02  -1.023659e-01;
   9.958176e-02   9.861657e-02  -1.810268e-01;
  -1.023659e-01  -1.810268e-01  -8.233569e-02]
     iteration=          13999       process=              1       (i,j,k)=              0              0              1       (x,y,z)=   4.990240e-03   5.002398e-03   1.378057e-02     particles=             53
fabric=[ ...   
   2.811663e-01  -6.010995e-02  -8.679975e-03;
  -6.010995e-02   4.003661e-01   2.750645e-02;
  -8.679975e-03   2.750645e-02   3.184676e-01]
sigma=[ ...    
  -3.242533e+03   4.910067e+02  -6.571018e+02;
   4.874879e+02  -2.369682e+03  -3.845898e+02;
  -6.570032e+02  -3.401405e+02  -3.939194e+03]
sigmaDot=[ ... 
   1.138130e+05  -3.792610e+06  -1.380167e+06;
  -1.135846e+07  -1.706741e+06  -1.783595e+07;
  -3.676839e+06  -8.251605e+06   2.231799e+07]
intgraE=[ ...  
  -1.727302e-02   5.264170e-03   4.293855e-03;
   5.264170e-03   1.061233e-02  -4.312000e-02;
   4.293855e-03  -4.312000e-02   4.811406e-02]
E=[ ...        
  -3.103152e-03   1.545022e-02   5.320922e-03;
   1.545022e-02  -1.196074e-02  -4.794180e-02;
   5.320922e-03  -4.794180e-02   8.108415e-02]
e=[ ...        
  -2.885864e-03   1.566375e-02   6.028967e-03;
   1.566375e-02  -1.915105e-02  -4.162378e-02;
   6.028967e-03  -4.162378e-02   6.753766e-02]
intgraF=[ ...  
   9.825740e-01   9.311904e-03   9.471888e-03;
   1.322796e-03   1.008262e+00  -1.562376e-02;
  -6.671961e-04  -6.741690e-02   1.046850e+00]
F=[ ...        
   9.968246e-01   3.367501e-02   2.255161e-02;
  -3.438496e-03   9.852487e-01  -2.696821e-02;
  -1.107310e-02  -6.503466e-02   1.077466e+00]
R=[ ...        
   9.996805e-01   1.899967e-02   1.666915e-02;
  -1.930286e-02   9.996477e-01   1.822009e-02;
  -1.631710e-02  -1.853603e-02   9.996950e-01]
U=[ ...        
   9.967532e-01   1.570731e-02   5.483849e-03;
   1.570731e-02   9.867469e-01  -4.650218e-02;
   5.483849e-03  -4.650218e-02   1.077022e+00]
l=[ ...        
   1.181968e-01   3.247950e-01   3.880992e-01;
  -1.152779e-01  -3.888062e-02  -1.242714e-01;
   1.308816e-01  -6.386640e-01   6.738912e-01]
d=[ ...        
   1.181968e-01   1.047586e-01   2.594904e-01;
   1.047586e-01  -3.888062e-02  -3.814677e-01;
   2.594904e-01  -3.814677e-01   6.738912e-01]
     iteration=          13999       process=              2       (i,j,k)=              0              1              0       (x,y,z)=   4.990240e-03   1.500333e-02   4.589814e-03     particles=             70
fabric=[ ...   
   2.465225e-01  -2.426757e-02  -4.550746e-02;
  -2.426757e-02   3.001944e-01   1.177875e-02;
  -4.550746e-02   1.177875e-02   4.532831e-01]
sigma=[ ...    
  -1.514335e+03   1.956976e+02   1.615032e+02;
   4.433974e+02  -1.811939e+03   3.251906e+02;
   3.472656e+02   4.251472e+02  -4.240375e+03]
sigmaDot=[ ... 
  -7.464541e+05  -5.671050e+06  -9.709357e+06;
   1.119758e+07  -6.057450e+06  -1.698823e+06;
  -3.904078e+05   1.670657e+06  -2.966177e+06]
intgraE=[ ...  
   1.546266e-02   7.336824e-04  -4.234605e-03;
   7.336824e-04  -1.119537e-02   4.240125e-03;
  -4.234605e-03   4.240125e-03  -2.083830e-02]
E=[ ...        
   4.463300e-02   4.546814e-03  -1.981185e-03;
   4.546814e-03  -1.661236e-03   8.365599e-03;
  -1.981185e-03   8.365599e-03  -1.667433e-02]
e=[ ...        
   4.080212e-02   4.696985e-03  -2.676080e-03;
   4.696985e-03  -1.755443e-03   8.619477e-03;
  -2.676080e-03   8.619477e-03  -1.737337e-02]
intgraF=[ ...  
   1.015146e+00  -9.493442e-03   7.632873e-03;
   1.133085e-02   9.886781e-01   2.807424e-03;
  -1.659965e-02   5.901561e-03   9.789061e-01]
F=[ ...        
   1.043501e+00  -4.404250e-03   8.737213e-03;
   1.381412e-02   9.982993e-01   9.384524e-03;
  -1.343637e-02   7.528338e-03   9.831007e-01]
R=[ ...        
   9.998995e-01  -8.973371e-03   1.097131e-02;
   8.963259e-03   9.999594e-01   9.705017e-04;
  -1.097957e-02  -8.720655e-04   9.999393e-01]
U=[ ...        
   1.043668e+00   4.461549e-03  -1.973572e-03;
   4.461549e-03   9.982917e-01   8.448412e-03;
  -1.973572e-03   8.448412e-03   9.831460e-01]
l=[ ...        
   3.088282e-01  -2.648266e-03   1.515097e-01;
   2.126933e-01  -1.739877e-01  -1.308037e-01;
   3.562529e-02   1.713984e-02  -1.616360e-01]
d=[ ...        
   3.088282e-01   1.050225e-01   9.356748e-02;
   1.050225e-01  -1.739877e-01  -5.683193e-02;
   9.356748e-02  -5.683193e-02  -1.616360e-01]
     iteration=          13999       process=              3       (i,j,k)=              0              1              1       (x,y,z)=   4.990240e-03   1.500333e-02   1.378057e-02     particles=             47
fabric=[ ...   
   3.771610e-01  -2.338975e-02  -3.165190e-03;
  -2.338975e-02   2.784908e-01   7.284923e-02;
  -3.165190e-03   7.284923e-02   3.443482e-01]
sigma=[ ...    
  -2.651812e+03  -6.938533e+02   9.617167e+01;
  -1.421915e+03  -4.352092e+03  -2.178791e+03;
   3.580799e+02  -1.806478e+03  -9.575858e+03]
sigmaDot=[ ... 
   1.047911e+07   4.582471e+06  -6.964868e+06;
   2.698013e+06  -9.696674e+06   8.704644e+06;
   3.981400e+07   2.496432e+07   1.834013e+07]
intgraE=[ ...  
  -3.505984e-03   1.583947e-03  -3.227690e-03;
   1.583947e-03  -1.259153e-04  -8.961096e-03;
  -3.227690e-03  -8.961096e-03  -8.803313e-03]
E=[ ...        
   8.731939e-03   9.395235e-03   1.298429e-03;
   9.395235e-03   2.682517e-03  -1.284011e-03;
   1.298429e-03  -1.284011e-03  -1.316615e-02]
e=[ ...        
   8.634133e-03   9.123735e-03   1.489521e-03;
   9.123735e-03   2.233107e-03  -1.323949e-03;
   1.489521e-03  -1.323949e-03  -1.349463e-02]
intgraF=[ ...  
   9.964567e-01  -3.222767e-03  -1.096670e-02;
   6.400662e-03   9.998589e-01  -1.353971e-02;
   4.600505e-03  -4.459854e-03   9.910044e-01]
F=[ ...        
   1.008629e+00   2.311770e-02  -7.752894e-03;
  -4.469120e-03   1.002403e+00   1.981822e-03;
   1.056589e-02  -4.434293e-03   9.867136e-01]
R=[ ...        
   9.998638e-01   1.372756e-02  -9.163884e-03;
  -1.369744e-02   9.999006e-01   3.340896e-03;
   9.208835e-03  -3.214919e-03   9.999524e-01]
U=[ ...        
   1.008650e+00   9.343365e-03   1.307500e-03;
   9.343365e-03   1.002635e+00  -1.297008e-03;
   1.307500e-03  -1.297008e-03   9.867443e-01]
l=[ ...        
   2.155202e-02   3.005677e-01  -4.222840e-01;
  -2.159325e-01  -1.474407e-02   5.681933e-02;
   1.512933e-01  -1.703854e-01  -7.453544e-02]
d=[ ...        
   2.155202e-02   4.231761e-02  -1.354953e-01;
   4.231761e-02  -1.474407e-02  -5.678303e-02;
  -1.354953e-01  -5.678303e-02  -7.453544e-02]
     iteration=          13999       process=              4       (i,j,k)=              1              0              0       (x,y,z)=   1.498301e-02   5.002398e-03   4.589814e-03     particles=             67
fabric=[ ...   
   2.909955e-01  -8.660023e-03  -9.475994e-03;
  -8.660023e-03   3.058163e-01  -1.164520e-02;
  -9.475994e-03  -1.164520e-02   4.031882e-01]
sigma=[ ...    
  -2.400205e+03   3.140664e+02   1.647589e+02;
   3.290849e+02  -2.559799e+03  -3.354928e+02;
   1.093094e+02  -5.242785e+02  -4.125743e+03]
sigmaDot=[ ... 
   5.340463e+06  -5.239525e+06  -2.930702e+05;
  -1.057167e+07   1.368823e+06   2.236553e+06;
  -1.359349e+06  -4.266653e+06  -2.685660e+06]
intgraE=[ ...  
   6.074252e-03   5.480790e-03   1.077728e-02;
   5.480790e-03   1.445577e-02  -3.833626e-03;
   1.077728e-02  -3.833626e-03  -3.238563e-02]
E=[ ...        
   2.903562e-02   2.041223e-02   1.516251e-02;
   2.041223e-02   1.769693e-02  -1.138717e-04;
   1.516251e-02  -1.138717e-04  -1.757002e-02]
e=[ ...        
   2.576407e-02   1.899500e-02   1.514577e-02;
   1.899500e-02   1.645880e-02  -1.022427e-03;
   1.514577e-02  -1.022427e-03  -1.825135e-02]
intgraF=[ ...  
   1.005837e+00   1.644392e-02   1.934666e-03;
  -5.064266e-03   1.013986e+00   1.318106e-02;
   2.034722e-02  -2.178376e-02   9.669805e-01]
F=[ ...        
   1.027958e+00   1.645174e-02   2.109707e-03;
   2.401265e-02   1.017247e+00   1.731217e-02;
   2.824570e-02  -1.819864e-02   9.821180e-01]
R=[ ...        
   9.999068e-01  -3.448559e-03  -1.321164e-02;
   3.684017e-03   9.998341e-01   1.783935e-02;
   1.314793e-02  -1.788635e-02   9.997536e-01]
U=[ ...        
   1.028322e+00   1.995848e-02   1.508610e-02;
   1.995848e-02   1.017347e+00  -2.644851e-04;
   1.508610e-02  -2.644851e-04   9.821570e-01]
l=[ ...        
  -2.070592e-02   1.117220e-01  -7.352385e-02;
  -1.342558e-01   2.565355e-01  -7.302932e-02;
   6.077877e-02  -4.557664e-02   2.028275e-02]
d=[ ...        
  -2.070592e-02  -1.126687e-02  -6.372541e-03;
  -1.126687e-02   2.565355e-01  -5.930298e-02;
  -6.372541e-03  -5.930298e-02   2.028275e-02]
     iteration=          13999       process=              5       (i,j,k)=              1              0              1       (x,y,z)=   1.498301e-02   5.002398e-03   1.378057e-02     particles=             43
fabric=[ ...   
   3.216345e-01   3.612560e-05   2.136590e-02;
   3.612560e-05   3.353402e-01  -1.687717e-02;
   2.136590e-02  -1.687717e-02   3.430253e-01]
sigma=[ ...    
  -4.805336e+03   5.284979e+02   3.425363e+02;
   6.264223e+02  -4.521268e+03  -3.721941e+02;
  -2.473460e+02  -6.745577e+02  -9.170492e+03]
sigmaDot=[ ... 
  -1.472697e+06  -3.891258e+06   1.137422e+07;
  -4.541569e+06  -7.116441e+06  -1.445488e+07;
   1.935170e+07  -6.418355e+06   1.107292e+08]
intgraE=[ ...  
   3.715583e-03   6.675511e-03   2.602010e-02;
   6.675511e-03   1.820470e-02  -2.826662e-02;
   2.602010e-02  -2.826662e-02  -2.062490e-02]
E=[ ...        
   9.445855e-03   7.966518e-03   1.756487e-02;
   7.966518e-03   1.674941e-02  -1.066705e-02;
   1.756487e-02  -1.066705e-02  -7.446788e-02]
e=[ ...        
   6.922762e-03   8.900338e-03   2.328100e-02;
   8.900338e-03   1.530089e-02  -1.472470e-02;
   2.328100e-02  -1.472470e-02  -8.661681e-02]
intgraF=[ ...  
   1.002101e+00  -8.533385e-03   1.858346e-03;
   2.386099e-02   1.016972e+00  -1.141183e-02;
   5.152770e-02  -4.587105e-02   9.790896e-01]
F=[ ...        
   1.008036e+00  -3.799563e-03  -9.351988e-03;
   2.126699e-02   1.015880e+00   1.380816e-02;
   4.798801e-02  -3.837576e-02   9.223807e-01]
R=[ ...        
   9.994778e-01  -1.189677e-02  -3.004262e-02;
   1.270116e-02   9.995621e-01   2.672750e-02;
   2.971149e-02  -2.709512e-02   9.991912e-01]
U=[ ...        
   1.009206e+00   7.965068e-03   1.823358e-02;
   7.965068e-03   1.016520e+00  -1.107865e-02;
   1.823358e-02  -1.107865e-02   9.222847e-01]
l=[ ...        
  -2.475011e-01  -1.727649e-02   2.374635e-01;
   1.678402e-01   1.849139e-01  -2.376104e-01;
   5.263163e-01  -2.899594e-01  -3.093863e-01]
d=[ ...        
  -2.475011e-01   7.528187e-02   3.818899e-01;
   7.528187e-02   1.849139e-01  -2.637849e-01;
   3.818899e-01  -2.637849e-01  -3.093863e-01]
     iteration=          13999       process=              6       (i,j,k)=              1              1              0       (x,y,z)=   1.498301e-02   1.500333e-02   4.589814e-03     particles=             57
fabric=[ ...   
   3.034848e-01   8.361933e-03  -1.850407e-02;
   8.361933e-03   3.913892e-01  -4.500298e-02;
  -1.850407e-02  -4.500298e-02   3.051259e-01]
sigma=[ ...    
  -1.363813e+03  -8.360307e+02   4.205065e+02;
  -8.633455e+02  -2.476346e+03   4.587648e+02;
   3.517917e+02   4.826991e+02  -1.545210e+03]
sigmaDot=[ ... 
   5.801830e+06  -1.158084e+07  -8.149579e+06;
  -1.700093e+07  -9.204583e+06  -3.337812e+06;
  -1.101230e+07  -4.121181e+06   2.707296e+06]
intgraE=[ ...  
  -1.831553e-02  -1.137132e-02   9.402936e-03;
  -1.137132e-02  -1.749575e-02   1.097505e-02;
   9.402936e-03   1.097505e-02  -2.520154e-02]
E=[ ...        
  -6.813430e-03  -9.916773e-03   1.041192e-02;
  -9.916773e-03  -2.674266e-02   6.550710e-03;
   1.041192e-02   6.550710e-03  -2.367818e-02]
e=[ ...        
  -7.887103e-03  -1.108727e-02   1.156265e-02;
  -1.108727e-02  -2.826775e-02   7.253072e-03;
   1.156265e-02   7.253072e-03  -2.499474e-02]
intgraF=[ ...  
   9.811530e-01  -7.993884e-03  -2.187067e-03;
  -1.526786e-02   9.823056e-01   1.785283e-02;
   2.178400e-02   4.511605e-03   9.743066e-01]
F=[ ...        
   9.926734e-01   1.710247e-03  -3.263928e-04;
  -2.221088e-02   9.728819e-01   9.925311e-03;
   2.189410e-02   3.530614e-03   9.759841e-01]
R=[ ...        
   9.998613e-01   1.224376e-02  -1.129005e-02;
  -1.220656e-02   9.999199e-01   3.358064e-03;
   1.133026e-02  -3.219785e-03   9.999306e-01]
U=[ ...        
   9.930549e-01  -1.012553e-02   1.061066e-02;
  -1.012553e-02   9.728135e-01   6.778060e-03;
   1.061066e-02   6.778060e-03   9.759534e-01]
l=[ ...        
  -3.414891e-01   4.207362e-01  -1.493105e-01;
  -4.199825e-02  -1.903924e-01   4.058142e-01;
   1.961280e-01  -4.761688e-03  -7.118348e-02]
d=[ ...        
  -3.414891e-01   1.893690e-01   2.340878e-02;
   1.893690e-01  -1.903924e-01   2.005263e-01;
   2.340878e-02   2.005263e-01  -7.118348e-02]
     iteration=          13999       process=              7       (i,j,k)=              1              1              1       (x,y,z)=   1.498301e-02   1.500333e-02   1.378057e-02     particles=             53
fabric=[ ...   
   3.181504e-01  -4.384013e-02  -9.545747e-03;
  -4.384013e-02   4.001364e-01   8.180782e-03;
  -9.545747e-03   8.180782e-03   2.817132e-01]
sigma=[ ...    
  -3.298168e+02   1.220256e+02   6.370305e+01;
   6.148374e+01  -4.511911e+02   4.226185e+01;
   4.324521e+01   1.275087e+02  -5.370368e+02]
sigmaDot=[ ... 
   1.157738e+06   4.569518e+05   5.729599e+05;
   1.612661e+06  -6.548489e+05   1.898886e+05;
   5.127405e+05  -2.117784e+05   9.118462e+05]
intgraE=[ ...  
   1.220981e-02  -3.206116e-03  -2.994945e-03;
  -3.206116e-03  -1.833384e-02   1.022179e-03;
  -2.994945e-03   1.022179e-03   2.180489e-02]
E=[ ...        
   1.950948e-02  -8.728110e-03  -1.047634e-02;
  -8.728110e-03  -2.343177e-02  -4.132677e-03;
  -1.047634e-02  -4.132677e-03  -2.586032e-03]
e=[ ...        
   1.878234e-02  -8.736843e-03  -9.838999e-03;
  -8.736843e-03  -2.488362e-02  -4.622524e-03;
  -9.838999e-03  -4.622524e-03  -3.116475e-03]
intgraF=[ ...  
   1.011974e+00  -8.397693e-03  -2.409178e-02;
   2.191408e-03   9.814524e-01   5.620919e-03;
   1.799523e-02  -3.598082e-03   1.021273e+00]
F=[ ...        
   1.019296e+00  -1.192242e-02  -2.544108e-02;
  -5.389778e-03   9.761774e-01  -1.117356e-04;
   4.993270e-03  -8.484321e-03   9.970861e-01]
R=[ ...        
   9.998807e-01  -3.295649e-03  -1.508767e-02;
   3.358895e-03   9.999857e-01   4.168463e-03;
   1.507372e-02  -4.218644e-03   9.998775e-01]
U=[ ...        
   1.019232e+00  -8.770009e-03  -1.040862e-02;
  -8.770009e-03   9.762385e-01  -4.234241e-03;
  -1.040862e-02  -4.234241e-03   9.973473e-01]
l=[ ...        
   2.334920e-01  -3.577358e-01  -5.304184e-01;
  -5.374796e-02  -4.664526e-03   5.788480e-02;
  -1.599300e-01  -3.764439e-01  -1.576382e-01]
d=[ ...        
   2.334920e-01  -2.057419e-01  -3.451742e-01;
  -2.057419e-01  -4.664526e-03  -1.592796e-01;
  -3.451742e-01  -1.592796e-01  -1.576382e-01]
