     iteration=           4999       process=              0       (i,j,k)=              0              0              0       (x,y,z)=   5.004285e-03   5.005071e-03   4.737022e-03     particles=             76
fabric=[ ...   
   4.404827e-01   4.888612e-03   3.727547e-02;
   4.888612e-03   3.003925e-01   1.985704e-02;
   3.727547e-02   1.985704e-02   2.591248e-01]
sigma=[ ...    
  -1.341427e+03  -1.646915e+00  -2.522038e+02;
   6.582369e+01  -6.547735e+02  -5.472215e+00;
  -1.733914e+01   5.293964e+01  -7.618058e+02]
sigmaDot=[ ... 
   5.117756e+06  -1.048707e+07   2.682481e+06;
  -1.294581e+07  -1.216765e+06   2.773233e+06;
   3.373560e+06   4.517985e+06  -4.071112e+06]
intgraE=[ ...  
  -4.795506e-03   3.362529e-03  -4.489876e-03;
   3.362529e-03   2.478605e-03  -2.202550e-03;
  -4.489876e-03  -2.202550e-03  -6.311124e-03]
E=[ ...        
  -6.399485e-03   2.445122e-03  -7.393567e-03;
   2.445122e-03   2.676812e-03  -3.029551e-03;
  -7.393567e-03  -3.029551e-03  -9.327744e-03]
e=[ ...        
  -6.603632e-03   2.402274e-03  -7.617668e-03;
   2.402274e-03   2.628401e-03  -3.055731e-03;
  -7.617668e-03  -3.055731e-03  -9.639420e-03]
intgraF=[ ...  
   9.951756e-01   2.396803e-03  -5.030472e-03;
   4.306467e-03   1.002457e+00   1.254746e-03;
  -4.004360e-03  -5.686953e-03   9.936553e-01]
F=[ ...        
   9.935508e-01   1.606141e-03  -8.027799e-03;
   3.255798e-03   1.002662e+00  -1.716774e-03;
  -6.870137e-03  -4.365929e-03   9.905943e-01]
R=[ ...        
   9.999995e-01  -8.318685e-04  -5.869191e-04;
   8.326501e-04   9.999988e-01   1.332638e-03;
   5.858098e-04  -1.333126e-03   9.999989e-01]
U=[ ...        
   9.935490e-01   2.438449e-03  -7.448925e-03;
   2.438449e-03   1.002666e+00  -3.030681e-03;
  -7.448925e-03  -3.030681e-03   9.905957e-01]
l=[ ...        
  -2.751349e-01   3.619313e-01  -3.880259e-01;
   3.525293e-01   1.421348e-01  -1.424449e-01;
  -4.604783e-02  -4.806304e-01  -4.707836e-01]
d=[ ...        
  -2.751349e-01   3.572303e-01  -2.170369e-01;
   3.572303e-01   1.421348e-01  -3.115377e-01;
  -2.170369e-01  -3.115377e-01  -4.707836e-01]
     iteration=           4999       process=              1       (i,j,k)=              0              0              1       (x,y,z)=   5.004285e-03   5.005071e-03   1.418738e-02     particles=             53
fabric=[ ...   
   2.773077e-01  -3.904800e-02   1.409009e-01;
  -3.904800e-02   4.363779e-01  -6.083803e-02;
   1.409009e-01  -6.083803e-02   2.863143e-01]
sigma=[ ...    
  -1.471618e+03   2.282562e+01  -1.375767e+03;
   4.210733e+01  -1.256422e+03  -2.154657e+02;
  -1.019131e+03  -1.066415e+03  -1.166348e+03]
sigmaDot=[ ... 
  -1.348518e+06   3.552561e+07  -1.501140e+08;
   1.409685e+07   3.672374e+06  -2.044500e+07;
  -8.432644e+05  -9.021494e+07  -7.127192e+07]
intgraE=[ ...  
  -1.444953e-02   9.212542e-04  -2.699426e-03;
   9.212542e-04   5.687142e-03  -1.557443e-02;
  -2.699426e-03  -1.557443e-02   9.929827e-03]
E=[ ...        
  -1.061159e-02   1.765411e-03  -3.399303e-03;
   1.765411e-03   5.393769e-03  -8.585026e-03;
  -3.399303e-03  -8.585026e-03   1.369676e-02]
e=[ ...        
  -1.088336e-02   1.654356e-03  -3.329850e-03;
   1.654356e-03   5.128001e-03  -8.233864e-03;
  -3.329850e-03  -8.233864e-03   1.324543e-02]
intgraF=[ ...  
   9.853943e-01  -5.656456e-03   1.592256e-03;
   7.231240e-03   1.005429e+00  -9.528895e-03;
  -6.831757e-03  -2.134927e-02   1.009835e+00]
F=[ ...        
   9.893113e-01  -1.905535e-03  -3.387025e-03;
   5.343670e-03   1.005293e+00  -3.953156e-03;
  -3.380713e-03  -1.302540e-02   1.013591e+00]
R=[ ...        
   9.999934e-01  -3.642025e-03  -3.064454e-05;
   3.642126e-03   9.999832e-01   4.499700e-03;
   1.425601e-05  -4.499781e-03   9.999899e-01]
U=[ ...        
   9.893241e-01   1.755696e-03  -3.386951e-03;
   1.755696e-03   1.005342e+00  -8.501691e-03;
  -3.386951e-03  -8.501691e-03   1.013563e+00]
l=[ ...        
  -9.094181e-01   2.884942e-01   1.435380e-01;
   4.882091e-01  -2.039225e-01  -3.664033e-01;
   3.464849e-01  -2.328208e+00   3.748301e-01]
d=[ ...        
  -9.094181e-01   3.883517e-01   2.450114e-01;
   3.883517e-01  -2.039225e-01  -1.347305e+00;
   2.450114e-01  -1.347305e+00   3.748301e-01]
     iteration=           4999       process=              2       (i,j,k)=              0              1              0       (x,y,z)=   5.004285e-03   1.499449e-02   4.737022e-03     particles=             72
fabric=[ ...   
   3.242978e-01   2.707274e-03  -2.157618e-02;
   2.707274e-03   3.399496e-01   9.774082e-03;
  -2.157618e-02   9.774082e-03   3.357526e-01]
sigma=[ ...    
  -1.469794e+03   3.469701e+00   7.825331e+02;
   1.880483e+02  -1.069550e+03  -1.705418e+02;
   4.883097e+02  -2.993260e+02  -2.268478e+03]
sigmaDot=[ ... 
  -4.037364e+06  -2.364825e+06   1.592299e+07;
   2.112224e+07   7.342472e+05   2.002694e+06;
   1.493195e+07  -3.484293e+07  -6.356699e+06]
intgraE=[ ...  
   7.260095e-04   2.640965e-03  -1.990895e-03;
   2.640965e-03  -3.567294e-03   1.997452e-03;
  -1.990895e-03   1.997452e-03  -6.693548e-03]
E=[ ...        
   2.510400e-03   8.230353e-04  -1.160023e-03;
   8.230353e-04  -3.397564e-03   1.328200e-03;
  -1.160023e-03   1.328200e-03  -5.603585e-03]
e=[ ...        
   2.487915e-03   8.385048e-04  -1.183505e-03;
   8.385048e-04  -3.426023e-03   1.353525e-03;
  -1.183505e-03   1.353525e-03  -5.667371e-03]
intgraF=[ ...  
   1.000698e+00  -4.745608e-04   5.741239e-04;
   5.791096e-03   9.964218e-01   1.068175e-03;
  -4.593354e-03   2.950642e-03   9.932832e-01]
F=[ ...        
   1.002501e+00  -4.638918e-04   4.130936e-04;
   2.124435e-03   9.965941e-01   4.612210e-04;
  -2.750609e-03   2.209356e-03   9.943804e-01]
R=[ ...        
   9.999979e-01  -1.294596e-03   1.586117e-03;
   1.295988e-03   9.999988e-01  -8.769018e-04;
  -1.584980e-03   8.789555e-04   9.999984e-01]
U=[ ...        
   1.002506e+00   8.241812e-04  -1.162383e-03;
   8.241812e-04   9.965954e-01   1.334702e-03;
  -1.162383e-03   1.334702e-03   9.943791e-01]
l=[ ...        
   2.689770e-01  -1.243287e-01   3.781394e-01;
   3.714480e-01  -2.406851e-01  -2.872645e-02;
  -6.204199e-01   3.650117e-01  -8.430315e-01]
d=[ ...        
   2.689770e-01   1.235596e-01  -1.211402e-01;
   1.235596e-01  -2.406851e-01   1.681426e-01;
  -1.211402e-01   1.681426e-01  -8.430315e-01]
     iteration=           4999       process=              3       (i,j,k)=              0              1              1       (x,y,z)=   5.004285e-03   1.499449e-02   1.418738e-02     particles=             45
fabric=[ ...   
   2.962408e-01   5.857620e-02  -6.716303e-03;
   5.857620e-02   3.422413e-01  -1.265036e-02;
  -6.716303e-03  -1.265036e-02   3.615179e-01]
sigma=[ ...    
  -4.859427e+03   1.277838e+03  -7.369669e+02;
   1.729991e+03  -3.756862e+03   8.909621e+02;
  -5.290235e+02   5.910664e+02  -7.707606e+03]
sigmaDot=[ ... 
   6.357127e+06   9.840383e+06   1.546875e+08;
   1.880644e+06  -1.234259e+07   1.075410e+08;
   1.052932e+07   1.915741e+08  -4.287028e+08]
intgraE=[ ...  
  -5.072621e-03   3.676502e-03   2.686598e-03;
   3.676502e-03  -3.392365e-03   2.850561e-03;
   2.686598e-03   2.850561e-03  -1.033105e-02]
E=[ ...        
  -5.405663e-03   4.938772e-03   1.727228e-03;
   4.938772e-03  -2.172481e-03   3.018667e-03;
   1.727228e-03   3.018667e-03  -9.915105e-03]
e=[ ...        
  -5.553414e-03   4.989297e-03   1.753439e-03;
   4.989297e-03  -2.232201e-03   3.100202e-03;
   1.753439e-03   3.100202e-03  -1.012629e-02]
intgraF=[ ...  
   9.948857e-01   2.377003e-04   2.875460e-03;
   7.122594e-03   9.965759e-01  -1.414283e-03;
   2.548999e-03   7.184527e-03   9.896098e-01]
F=[ ...        
   9.945447e-01   1.817570e-03   1.395278e-03;
   8.076778e-03   9.978100e-01   8.977032e-04;
   2.080271e-03   5.190792e-03   9.900339e-01]
R=[ ...        
   9.999950e-01  -3.143326e-03  -3.315488e-04;
   3.142602e-03   9.999927e-01  -2.162096e-03;
   3.383425e-04   2.161043e-03   9.999976e-01]
U=[ ...        
   9.945658e-01   4.955037e-03   1.733063e-03;
   4.955037e-03   9.978082e-01   3.032817e-03;
   1.733063e-03   3.032817e-03   9.900291e-01]
l=[ ...        
  -1.526886e-01  -3.883003e-01   2.735910e-01;
   2.103715e-01   4.704483e-01   2.039076e-02;
   6.839581e-01   1.092453e+00  -4.170361e-01]
d=[ ...        
  -1.526886e-01  -8.896438e-02   4.787745e-01;
  -8.896438e-02   4.704483e-01   5.564216e-01;
   4.787745e-01   5.564216e-01  -4.170361e-01]
     iteration=           4999       process=              4       (i,j,k)=              1              0              0       (x,y,z)=   1.499374e-02   5.005071e-03   4.737022e-03     particles=             70
fabric=[ ...   
   3.548974e-01   3.078773e-02   9.465626e-03;
   3.078773e-02   2.302829e-01   1.112770e-02;
   9.465626e-03   1.112770e-02   4.148196e-01]
sigma=[ ...    
  -4.795460e+02  -3.905009e+01  -2.443327e+02;
  -1.465828e+02  -5.074059e+02   3.365845e+02;
   6.141577e+01   4.427055e+02  -1.637299e+03]
sigmaDot=[ ... 
   2.996389e+06  -5.240976e+06   1.003197e+07;
  -5.566405e+06   6.135039e+06  -5.451444e+05;
  -1.401324e+06   5.059773e+06   5.368987e+06]
intgraE=[ ...  
   2.291435e-03   1.502105e-04   5.628219e-03;
   1.502105e-04   6.420354e-03  -3.723277e-03;
   5.628219e-03  -3.723277e-03  -2.181842e-02]
E=[ ...        
   1.441164e-03   1.095592e-03   6.547506e-03;
   1.095592e-03   6.212355e-03  -2.098780e-03;
   6.547506e-03  -2.098780e-03  -9.746369e-03]
e=[ ...        
   1.292019e-03   1.189518e-03   6.700739e-03;
   1.189518e-03   6.079834e-03  -2.282750e-03;
   6.700739e-03  -2.282750e-03  -9.937625e-03]
intgraF=[ ...  
   1.002204e+00   3.201352e-03  -1.199790e-03;
  -2.680933e-03   1.006260e+00   8.612992e-03;
   1.276405e-02  -1.647370e-02   9.778996e-01]
F=[ ...        
   1.001375e+00   4.257218e-03   1.937384e-03;
  -1.938868e-03   1.006127e+00   6.390644e-03;
   1.127807e-02  -1.074105e-02   9.901831e-01]
R=[ ...        
   9.999842e-01   3.129669e-03  -4.678137e-03;
  -3.089348e-03   9.999582e-01   8.601537e-03;
   4.704861e-03  -8.586949e-03   9.999521e-01]
U=[ ...        
   1.001418e+00   1.098340e-03   6.576285e-03;
   1.098340e-03   1.006190e+00  -2.106212e-03;
   6.576285e-03  -2.106212e-03   9.901816e-01]
l=[ ...        
   9.152795e-03   2.844457e-01   1.445634e-01;
   1.468031e-02   4.138886e-01   5.259734e-01;
   5.884678e-01  -1.037052e+00  -1.393167e+00]
d=[ ...        
   9.152795e-03   1.495630e-01   3.665156e-01;
   1.495630e-01   4.138886e-01  -2.555391e-01;
   3.665156e-01  -2.555391e-01  -1.393167e+00]
     iteration=           4999       process=              5       (i,j,k)=              1              0              1       (x,y,z)=   1.499374e-02   5.005071e-03   1.418738e-02     particles=             42
fabric=[ ...   
   2.225936e-01  -1.066534e-02   3.889622e-02;
  -1.066534e-02   4.879685e-01   2.556597e-03;
   3.889622e-02   2.556597e-03   2.894379e-01]
sigma=[ ...    
  -1.198165e+03   1.363189e+02  -1.895746e+03;
  -4.093973e+02  -5.685349e+03  -2.038446e+02;
  -9.853397e+02  -3.307281e+02  -4.739401e+03]
sigmaDot=[ ... 
   2.962238e+06  -3.513857e+07  -2.082829e+08;
  -5.503593e+07  -3.617546e+07  -3.378016e+07;
   4.317944e+06  -7.576946e+07  -2.575438e+08]
intgraE=[ ...  
   1.237195e-02  -1.542403e-03   1.408827e-02;
  -1.542403e-03   8.314441e-03  -1.508224e-02;
   1.408827e-02  -1.508224e-02   5.033325e-03]
E=[ ...        
   9.218837e-03  -2.038909e-03   1.542265e-02;
  -2.038909e-03   5.739442e-03  -2.476349e-03;
   1.542265e-02  -2.476349e-03  -4.458435e-02]
e=[ ...        
   8.276667e-03  -1.793976e-03   1.712061e-02;
  -1.793976e-03   5.618205e-03  -2.832386e-03;
   1.712061e-02  -2.832386e-03  -4.922711e-02]
intgraF=[ ...  
   1.011849e+00  -6.701737e-03  -1.705887e-03;
   4.197956e-03   1.008098e+00  -1.201955e-02;
   2.980564e-02  -1.797013e-02   1.004947e+00]
F=[ ...        
   1.008892e+00  -5.035992e-03   7.929529e-03;
   1.164396e-03   1.005686e+00   1.777831e-03;
   2.393610e-02  -7.021295e-03   9.543402e-01]
R=[ ...        
   9.999621e-01  -3.034816e-03  -8.159267e-03;
   3.071146e-03   9.999854e-01   4.443761e-03;
   8.145662e-03  -4.468651e-03   9.999568e-01]
U=[ ...        
   1.009052e+00  -2.004385e-03   1.570842e-02;
  -2.004385e-03   1.005718e+00  -2.510874e-03;
   1.570842e-02  -2.510874e-03   9.542422e-01]
l=[ ...        
   2.190920e-01  -3.134786e-01  -3.284581e-01;
   5.594614e-01   4.278339e-01  -6.368010e-01;
   1.120678e+00  -1.676001e+00  -1.454602e+00]
d=[ ...        
   2.190920e-01   1.229914e-01   3.961099e-01;
   1.229914e-01   4.278339e-01  -1.156401e+00;
   3.961099e-01  -1.156401e+00  -1.454602e+00]
     iteration=           4999       process=              6       (i,j,k)=              1              1              0       (x,y,z)=   1.499374e-02   1.499449e-02   4.737022e-03     particles=             55
fabric=[ ...   
   2.505891e-01   6.976590e-02  -1.808688e-02;
   6.976590e-02   4.010382e-01  -4.496162e-02;
  -1.808688e-02  -4.496162e-02   3.483727e-01]
sigma=[ ...    
  -7.687724e+02  -3.731632e+01   1.316796e+02;
  -1.616425e+02  -1.576227e+03   1.688249e+02;
   4.553922e+02   3.241147e+02  -1.205904e+03]
sigmaDot=[ ... 
  -5.734573e+06  -1.520347e+07  -2.344842e+06;
   7.294774e+06   2.670571e+06   3.208844e+06;
   1.585286e+07  -6.225968e+06  -1.173612e+07]
intgraE=[ ...  
  -4.507692e-03  -5.942117e-03   1.733674e-03;
  -5.942117e-03  -8.929865e-03   5.759426e-03;
   1.733674e-03   5.759426e-03  -8.249901e-03]
E=[ ...        
  -2.216290e-03  -4.885606e-03   8.511706e-04;
  -4.885606e-03  -6.530299e-03   3.963962e-03;
   8.511706e-04   3.963962e-03  -6.607224e-03]
e=[ ...        
  -2.292925e-03  -5.001780e-03   9.053945e-04;
  -5.001780e-03  -6.721070e-03   4.061983e-03;
   9.053945e-04   4.061983e-03  -6.691426e-03]
intgraF=[ ...  
   9.954265e-01  -3.686851e-03  -2.873539e-03;
  -8.354890e-03   9.909706e-01   1.405299e-03;
   6.392476e-03   1.020020e-02   9.917106e-01]
F=[ ...        
   9.977549e-01  -3.900171e-03  -2.424610e-03;
  -5.952044e-03   9.934087e-01   1.410362e-05;
   4.149109e-03   7.957230e-03   9.933678e-01]
R=[ ...        
   9.999940e-01   1.028736e-03  -3.315524e-03;
  -1.042009e-03   9.999914e-01  -4.003991e-03;
   3.311377e-03   4.007422e-03   9.999865e-01]
U=[ ...        
   9.977688e-01  -4.908939e-03   8.648048e-04;
  -4.908939e-03   9.934281e-01   3.992453e-03;
   8.648048e-04   3.992453e-03   9.933624e-01]
l=[ ...        
  -4.901515e-01   1.274047e-02  -2.909230e-01;
  -6.513477e-01  -4.043837e-01   2.806588e-01;
   3.993431e-01   5.186185e-01  -8.128019e-01]
d=[ ...        
  -4.901515e-01  -3.193036e-01   5.421003e-02;
  -3.193036e-01  -4.043837e-01   3.996386e-01;
   5.421003e-02   3.996386e-01  -8.128019e-01]
     iteration=           4999       process=              7       (i,j,k)=              1              1              1       (x,y,z)=   1.499374e-02   1.499449e-02   1.418738e-02     particles=             52
fabric=[ ...   
   3.515398e-01   2.936083e-02  -5.350723e-02;
   2.936083e-02   5.339740e-01   3.289769e-02;
  -5.350723e-02   3.289769e-02   1.144861e-01]
sigma=[ ...    
  -9.379628e+02   2.973459e+02   2.741228e+01;
   4.512825e+02  -1.241114e+03  -3.825050e+01;
   2.972349e+01   1.137319e+02  -1.465886e+02]
sigmaDot=[ ... 
   4.284977e+06  -1.007919e+07  -4.666678e+06;
  -1.515550e+07   7.897385e+05  -6.568031e+06;
  -1.273568e+07   8.441097e+06   1.682110e+07]
intgraE=[ ...  
   3.392088e-03   4.116737e-04   4.440835e-04;
   4.116737e-04  -4.942549e-03  -3.119793e-03;
   4.440835e-04  -3.119793e-03  -1.084703e-02]
E=[ ...        
   3.557889e-03  -1.142223e-03  -7.996814e-04;
  -1.142223e-03   2.290953e-03  -3.776329e-03;
  -7.996814e-04  -3.776329e-03  -1.612915e-02]
e=[ ...        
   3.530082e-03  -1.129486e-03  -7.880934e-04;
  -1.129486e-03   2.238010e-03  -3.919519e-03;
  -7.880934e-04  -3.919519e-03  -1.668902e-02]
intgraF=[ ...  
   1.003380e+00   3.413368e-03  -1.532530e-03;
  -2.613523e-03   9.950392e-01  -5.857626e-03;
   2.437194e-03  -4.102682e-04   9.890750e-01]
F=[ ...        
   1.003548e+00  -1.413058e-04  -2.913707e-03;
  -2.130462e-03   1.002273e+00  -2.172429e-03;
   1.341885e-03  -5.464601e-03   9.837319e-01]
R=[ ...        
   9.999972e-01   9.887382e-04  -2.137746e-03;
  -9.851966e-04   9.999981e-01   1.657120e-03;
   2.139380e-03  -1.655009e-03   9.999963e-01]
U=[ ...        
   1.003551e+00  -1.140433e-03  -8.069819e-04;
  -1.140433e-03   1.002280e+00  -3.803391e-03;
  -8.069819e-04  -3.803391e-03   9.837310e-01]
l=[ ...        
   1.536069e-01  -7.583519e-02  -1.159469e-02;
  -1.640048e-01  -9.967506e-02  -2.814953e-01;
   4.769704e-01   4.955068e-02   5.257879e-01]
d=[ ...        
   1.536069e-01  -1.199200e-01   2.326879e-01;
  -1.199200e-01  -9.967506e-02  -1.159723e-01;
   2.326879e-01  -1.159723e-01   5.257879e-01]
