     iteration=           1999       process=              0       (i,j,k)=              0              0              0       (x,y,z)=   5.002525e-03   5.002306e-03   4.856485e-03     particles=             76
fabric=[ ...   
   5.231263e-01   6.878533e-02  -4.827081e-02;
   6.878533e-02   2.546204e-01  -3.301100e-02;
  -4.827081e-02  -3.301100e-02   2.222533e-01]
sigma=[ ...    
  -2.824867e+02  -1.309319e+02  -1.291652e+02;
  -1.398414e+02  -1.127381e+02  -3.282412e+00;
  -5.520266e+01   2.076392e+01  -5.052250e+01]
sigmaDot=[ ... 
  -5.568965e+06  -5.686738e+06  -2.239403e+05;
  -9.148808e+06  -7.558592e+06   1.307735e+06;
   7.387072e+05  -2.232920e+06   5.985463e+05]
intgraE=[ ...  
  -1.645257e-03  -4.951877e-05  -9.535748e-04;
  -4.951877e-05  -7.092072e-04   2.893294e-04;
  -9.535748e-04   2.893294e-04  -1.356874e-03]
E=[ ...        
  -7.416278e-04   1.187962e-04  -2.510575e-04;
   1.187962e-04  -3.253592e-04  -1.113500e-05;
  -2.510575e-04  -1.113500e-05  -6.751176e-04]
e=[ ...        
  -7.428102e-04   1.189572e-04  -2.518111e-04;
   1.189572e-04  -3.255940e-04  -1.118522e-05;
  -2.518111e-04  -1.118522e-05  -6.762371e-04]
intgraF=[ ...  
   9.983532e-01  -3.007203e-05  -1.323625e-03;
  -6.928002e-05   9.992905e-01   9.468271e-04;
  -5.864353e-04  -3.680366e-04   9.986409e-01]
F=[ ...        
   9.992581e-01   6.969164e-05  -4.218138e-04;
   1.679842e-04   9.996745e-01   2.615853e-04;
  -8.071263e-05  -2.839325e-04   9.993245e-01]
R=[ ...        
   1.000000e+00  -4.918450e-05  -1.706948e-04;
   4.923108e-05   1.000000e+00   2.729076e-04;
   1.706813e-04  -2.729160e-04   9.999999e-01]
U=[ ...        
   9.992581e-01   1.188582e-04  -2.512349e-04;
   1.188582e-04   9.996746e-01  -1.112564e-05;
  -2.512349e-04  -1.112564e-05   9.993246e-01]
l=[ ...        
  -2.727251e-01  -1.820871e-02  -2.577223e-01;
  -1.364134e-02  -9.704553e-02   1.833903e-01;
  -1.257192e-01  -5.243006e-02  -2.403875e-01]
d=[ ...        
  -2.727251e-01  -1.592502e-02  -1.917208e-01;
  -1.592502e-02  -9.704553e-02   6.548012e-02;
  -1.917208e-01   6.548012e-02  -2.403875e-01]
     iteration=           1999       process=              1       (i,j,k)=              0              0              1       (x,y,z)=   5.002525e-03   5.002306e-03   1.455951e-02     particles=             50
fabric=[ ...   
   4.301177e-01  -1.494908e-01   1.771170e-02;
  -1.494908e-01   4.149153e-01  -1.537412e-01;
   1.771170e-02  -1.537412e-01   1.549670e-01]
sigma=[ ...    
  -5.960658e+02   9.393199e+01   1.519895e+02;
   2.185658e+02  -6.296613e+02   5.163234e+02;
   3.762954e+01   7.530486e+02  -8.337438e+02]
sigmaDot=[ ... 
  -1.772662e+06   1.443323e+06   6.839264e+06;
   5.715354e+05   1.577955e+06  -1.789376e+06;
   4.214456e+06  -1.113162e+06   5.676596e+06]
intgraE=[ ...  
  -4.776669e-03  -8.090772e-04  -2.366429e-03;
  -8.090772e-04   1.698115e-03  -2.783417e-03;
  -2.366429e-03  -2.783417e-03   4.643399e-03]
E=[ ...        
  -3.025317e-03  -4.749799e-04  -1.329071e-03;
  -4.749799e-04  -3.743750e-04  -1.123917e-03;
  -1.329071e-03  -1.123917e-03   2.094312e-03]
e=[ ...        
  -3.049551e-03  -4.805343e-04  -1.330623e-03;
  -4.805343e-04  -3.771847e-04  -1.120473e-03;
  -1.330623e-03  -1.120473e-03   2.080881e-03]
intgraF=[ ...  
   9.951992e-01  -1.638886e-03   3.047726e-04;
  -1.255352e-06   1.001691e+00  -2.731686e-03;
  -5.012966e-03  -2.816989e-03   1.004629e+00]
F=[ ...        
   9.969680e-01  -4.606422e-06  -8.266545e-04;
  -9.477826e-04   9.996249e-01  -1.121096e-03;
  -1.831228e-03  -1.124810e-03   1.002091e+00]
R=[ ...        
   9.999998e-01   4.726740e-04   5.027893e-04;
  -4.726748e-04   9.999999e-01   1.542529e-06;
  -5.027886e-04  -1.780184e-06   9.999999e-01]
U=[ ...        
   9.969691e-01  -4.765384e-04  -1.329964e-03;
  -4.765384e-04   9.996248e-01  -1.123270e-03;
  -1.329964e-03  -1.123270e-03   1.002091e+00]
l=[ ...        
  -8.380481e-01  -2.856287e-01   1.284994e-01;
   7.608829e-02   4.171316e-01  -4.498375e-01;
  -9.764801e-01  -5.596148e-01   9.465649e-01]
d=[ ...        
  -8.380481e-01  -1.047702e-01  -4.239904e-01;
  -1.047702e-01   4.171316e-01  -5.047261e-01;
  -4.239904e-01  -5.047261e-01   9.465649e-01]
     iteration=           1999       process=              2       (i,j,k)=              0              1              0       (x,y,z)=   5.002525e-03   1.499749e-02   4.856485e-03     particles=             75
fabric=[ ...   
   3.186292e-01  -8.986178e-02  -2.530758e-02;
  -8.986178e-02   3.661863e-01   4.220754e-02;
  -2.530758e-02   4.220754e-02   3.151845e-01]
sigma=[ ...    
  -1.238496e+02   2.071109e+02  -4.695283e+00;
   1.386157e+02  -5.351922e+02  -1.731479e+02;
   3.937311e+01  -1.025746e+02  -5.582970e+01]
sigmaDot=[ ... 
  -2.686330e+06   6.620577e+06   4.645140e+06;
   1.247797e+06  -1.039148e+07  -3.305066e+06;
   9.970028e+05  -3.595861e+06  -1.131260e+06]
intgraE=[ ...  
  -2.212703e-04   1.333748e-04  -1.244415e-04;
   1.333748e-04  -9.111549e-04   5.733546e-05;
  -1.244415e-04   5.733546e-05  -4.125011e-04]
E=[ ...        
  -1.694005e-04   1.520577e-04  -1.041920e-04;
   1.520577e-04  -8.150362e-04  -4.938643e-06;
  -1.041920e-04  -4.938643e-06  -3.252605e-04]
e=[ ...        
  -1.694834e-04   1.522331e-04  -1.043078e-04;
   1.522331e-04  -8.164708e-04  -4.901408e-06;
  -1.043078e-04  -4.901408e-06  -3.254794e-04]
intgraF=[ ...  
   9.997787e-01   3.097096e-04  -1.879340e-05;
  -4.292518e-05   9.990884e-01   9.148045e-05;
  -2.301848e-04   2.328930e-05   9.995874e-01]
F=[ ...        
   9.998306e-01   3.396795e-04  -3.478394e-05;
  -3.553919e-05   9.991846e-01   1.086101e-05;
  -1.736621e-04  -2.072436e-05   9.996747e-01]
R=[ ...        
   1.000000e+00   1.877006e-04   6.945700e-05;
  -1.877017e-04   1.000000e+00   1.578011e-05;
  -6.945404e-05  -1.579315e-05   1.000000e+00]
U=[ ...        
   9.998306e-01   1.521323e-04  -1.042174e-04;
   1.521323e-04   9.991846e-01  -4.933530e-06;
  -1.042174e-04  -4.933530e-06   9.996747e-01]
l=[ ...        
  -1.780098e-02   3.418689e-02  -1.028135e-02;
   3.308110e-03  -9.642030e-02   1.028073e-02;
  -2.210010e-02   1.343627e-02  -5.160643e-02]
d=[ ...        
  -1.780098e-02   1.874750e-02  -1.619072e-02;
   1.874750e-02  -9.642030e-02   1.185850e-02;
  -1.619072e-02   1.185850e-02  -5.160643e-02]
     iteration=           1999       process=              3       (i,j,k)=              0              1              1       (x,y,z)=   5.002525e-03   1.499749e-02   1.455951e-02     particles=             42
fabric=[ ...   
   3.870122e-01   1.667381e-01  -1.665237e-01;
   1.667381e-01   5.019518e-01  -9.176730e-02;
  -1.665237e-01  -9.176730e-02   1.110360e-01]
sigma=[ ...    
  -1.933022e+01  -5.716415e+00   2.058108e+01;
  -2.571818e+00  -5.324726e+01   2.746127e+01;
   1.064428e+01   2.757118e+01  -1.087191e+01]
sigmaDot=[ ... 
   5.094558e+05   2.115444e+05  -3.329177e+05;
   2.053914e+05  -5.543266e+05  -2.172868e+04;
  -2.309166e+05  -3.739146e+04   1.115644e+05]
intgraE=[ ...  
  -1.667283e-03   7.379428e-04  -1.972581e-04;
   7.379428e-04  -3.879715e-04   2.367526e-06;
  -1.972581e-04   2.367526e-06   3.864098e-04]
E=[ ...        
  -1.136641e-03   4.376292e-04  -1.024757e-05;
   4.376292e-04  -3.629804e-04  -1.992593e-05;
  -1.024757e-05  -1.992593e-05   1.222025e-04]
e=[ ...        
  -1.139851e-03   4.387400e-04  -9.799185e-06;
   4.387400e-04  -3.633867e-04  -2.019125e-05;
  -9.799185e-06  -2.019125e-05   1.221636e-04]
intgraF=[ ...  
   9.983306e-01   4.143203e-04   2.142093e-04;
   1.063066e-03   9.996117e-01  -6.481001e-04;
  -6.074443e-04   6.522429e-04   1.000386e+00]
F=[ ...        
   9.988624e-01   1.762402e-04   2.321423e-04;
   6.995484e-04   9.996369e-01  -3.405905e-04;
  -2.521044e-04   3.005374e-04   1.000122e+00]
R=[ ...        
   9.999999e-01  -2.618077e-04   2.423559e-04;
   2.618854e-04   9.999999e-01  -3.206226e-04;
  -2.422720e-04   3.206861e-04   9.999999e-01]
U=[ ...        
   9.988626e-01   4.379577e-04  -1.024841e-05;
   4.379577e-04   9.996369e-01  -1.992608e-05;
  -1.024841e-05  -1.992608e-05   1.000122e+00]
l=[ ...        
  -2.829537e-01   8.160151e-02   2.706191e-02;
   2.032317e-01  -6.377147e-02  -1.305927e-01;
  -1.013006e-01   1.120510e-01   8.013200e-02]
d=[ ...        
  -2.829537e-01   1.424166e-01  -3.711932e-02;
   1.424166e-01  -6.377147e-02  -9.270843e-03;
  -3.711932e-02  -9.270843e-03   8.013200e-02]
     iteration=           1999       process=              4       (i,j,k)=              1              0              0       (x,y,z)=   1.499763e-02   5.002306e-03   4.856485e-03     particles=             72
fabric=[ ...   
   3.071207e-01  -5.761435e-02   3.397488e-02;
  -5.761435e-02   3.950951e-01  -2.496973e-02;
   3.397488e-02  -2.496973e-02   2.977842e-01]
sigma=[ ...    
  -3.380455e+02  -2.490005e+02  -3.662854e+02;
   2.681314e+02  -1.925064e+03  -1.970583e+02;
  -7.517103e+00  -3.726163e+02  -1.024889e+03]
sigmaDot=[ ... 
  -2.397061e+06  -2.835558e+07   4.866389e+06;
  -7.408252e+06  -2.067221e+07  -2.417490e+07;
  -2.562103e+06  -2.529192e+07  -3.708194e+07]
intgraE=[ ...  
   7.834819e-04  -1.432035e-04   1.003435e-03;
  -1.432035e-04   4.633335e-04   2.340377e-04;
   1.003435e-03   2.340377e-04  -5.501300e-03]
E=[ ...        
  -1.795182e-04  -9.538835e-06   1.872429e-04;
  -9.538835e-06  -2.675733e-04  -6.509369e-07;
   1.872429e-04  -6.509369e-07  -1.299773e-03]
e=[ ...        
  -1.797369e-04  -9.501930e-06   1.880363e-04;
  -9.501930e-06  -2.677122e-04  -1.084244e-06;
   1.880363e-04  -1.084244e-06  -1.303152e-03]
intgraF=[ ...  
   1.000780e+00   3.095568e-04  -5.012982e-04;
  -5.921756e-04   1.000462e+00   1.947401e-03;
   2.523640e-03  -1.488284e-03   9.944815e-01]
F=[ ...        
   9.998203e-01   2.650502e-04  -2.118169e-05;
  -2.840102e-04   9.997323e-01   3.670344e-04;
   3.962834e-04  -3.687120e-04   9.986993e-01]
R=[ ...        
   9.999999e-01   2.746645e-04  -2.088347e-04;
  -2.745876e-04   9.999999e-01   3.682154e-04;
   2.089358e-04  -3.681580e-04   9.999999e-01]
U=[ ...        
   9.998204e-01  -9.540907e-06   1.873816e-04;
  -9.540907e-06   9.997324e-01  -6.505531e-07;
   1.873816e-04  -6.505531e-07   9.986994e-01]
l=[ ...        
   1.994974e-01   3.165613e-02  -9.772702e-02;
  -9.625395e-02   1.455940e-01   3.665386e-01;
   4.852855e-01  -2.825286e-01  -1.047744e+00]
d=[ ...        
   1.994974e-01  -3.229891e-02   1.937792e-01;
  -3.229891e-02   1.455940e-01   4.200501e-02;
   1.937792e-01   4.200501e-02  -1.047744e+00]
     iteration=           1999       process=              5       (i,j,k)=              1              0              1       (x,y,z)=   1.499763e-02   5.002306e-03   1.455951e-02     particles=             43
fabric=[ ...   
   3.181550e-01  -7.558257e-02   5.181896e-02;
  -7.558257e-02   3.542793e-01  -1.463956e-01;
   5.181896e-02  -1.463956e-01   3.275658e-01]
sigma=[ ...    
  -5.916116e+02   6.724712e+01  -4.149248e+02;
   1.972178e+02  -3.687881e+02   7.402606e+02;
  -3.817555e+02   6.939658e+02  -2.265540e+03]
sigmaDot=[ ... 
  -5.307614e+06   8.198791e+06  -2.034668e+07;
   7.989841e+06  -1.669702e+07   5.886324e+07;
  -4.069712e+07   6.468886e+07  -2.287025e+08]
intgraE=[ ...  
   1.167224e-03  -3.864985e-04   4.867373e-03;
  -3.864985e-04   8.352863e-04  -1.316586e-03;
   4.867373e-03  -1.316586e-03   2.938483e-03]
E=[ ...        
   4.583552e-04   4.704849e-04   1.822648e-03;
   4.704849e-04   1.054061e-03  -6.859044e-04;
   1.822648e-03  -6.859044e-04  -4.285918e-03]
e=[ ...        
   4.450274e-04   4.690785e-04   1.845222e-03;
   4.690785e-04   1.053414e-03  -6.813440e-04;
   1.845222e-03  -6.813440e-04  -4.327875e-03]
intgraF=[ ...  
   1.001131e+00  -1.652223e-03   1.297455e-03;
   8.852110e-04   1.000833e+00  -2.050671e-03;
   8.412979e-03  -5.769581e-04   1.002931e+00]
F=[ ...        
   1.000452e+00  -3.274442e-04   4.693701e-04;
   1.264281e-03   1.001053e+00  -2.289235e-03;
   3.192327e-03   9.239612e-04   9.957021e-01]
R=[ ...        
   9.999988e-01  -7.982975e-04  -1.363351e-03;
   7.961019e-04   9.999984e-01  -1.610159e-03;
   1.364635e-03   1.609072e-03   9.999978e-01]
U=[ ...        
   1.000456e+00   4.707573e-04   1.826317e-03;
   4.707573e-04   1.001053e+00  -6.874493e-04;
   1.826317e-03  -6.874493e-04   9.957029e-01]
l=[ ...        
   2.998168e-01  -3.224570e-01   2.434831e-01;
   1.275878e-01   2.051447e-01  -3.233977e-01;
   1.705481e+00  -1.052803e-01   6.857346e-01]
d=[ ...        
   2.998168e-01  -9.743459e-02   9.744821e-01;
  -9.743459e-02   2.051447e-01  -2.143390e-01;
   9.744821e-01  -2.143390e-01   6.857346e-01]
     iteration=           1999       process=              6       (i,j,k)=              1              1              0       (x,y,z)=   1.499763e-02   1.499749e-02   4.856485e-03     particles=             57
fabric=[ ...   
   3.056418e-01  -1.117995e-01  -8.218568e-02;
  -1.117995e-01   4.967486e-01  -5.069185e-02;
  -8.218568e-02  -5.069185e-02   1.976096e-01]
sigma=[ ...    
  -3.357028e+02   4.747512e+02  -2.353307e+02;
   5.829382e+02  -1.677433e+03  -8.114856e+01;
   1.459315e+02  -2.842330e+02  -2.568880e+02]
sigmaDot=[ ... 
  -3.590545e+06  -2.047303e+05  -2.812676e+06;
   1.224475e+07  -5.645494e+06  -6.138643e+06;
  -2.220293e+06  -3.455733e+06  -1.861016e+05]
intgraE=[ ...  
  -3.663529e-04  -8.596336e-04   2.765191e-04;
  -8.596336e-04  -2.465207e-03   1.279623e-03;
   2.765191e-04   1.279623e-03  -1.094613e-03]
E=[ ...        
  -6.455554e-04  -1.604367e-04   1.073097e-04;
  -1.604367e-04  -4.815100e-04   1.837972e-04;
   1.073097e-04   1.837972e-04  -7.084923e-04]
e=[ ...        
  -6.464703e-04  -1.609068e-04   1.076308e-04;
  -1.609068e-04  -4.821775e-04   1.842804e-04;
   1.076308e-04   1.842804e-04  -7.094991e-04]
intgraF=[ ...  
   9.996331e-01  -9.744992e-04  -6.568733e-05;
  -7.483521e-04   9.975288e-01   3.399098e-04;
   6.196345e-04   2.222546e-03   9.989047e-01]
F=[ ...        
   9.993542e-01  -2.732222e-04  -8.642643e-05;
  -4.794505e-05   9.995183e-01   5.456180e-05;
   3.012062e-04   3.132573e-04   9.992913e-01]
R=[ ...        
   1.000000e+00  -1.127038e-04  -1.939404e-04;
   1.126787e-04   1.000000e+00  -1.294574e-04;
   1.939550e-04   1.294355e-04   1.000000e+00]
U=[ ...        
   9.993542e-01  -1.605371e-04   1.073972e-04;
  -1.605371e-04   9.995183e-01   1.839153e-04;
   1.073972e-04   1.839153e-04   9.992912e-01]
l=[ ...        
  -2.050016e-03  -1.986741e-01  -5.344879e-03;
  -1.360469e-01  -4.658604e-01   7.096021e-02;
   1.046891e-01   4.407030e-01  -1.649100e-01]
d=[ ...        
  -2.050016e-03  -1.673605e-01   4.967213e-02;
  -1.673605e-01  -4.658604e-01   2.558316e-01;
   4.967213e-02   2.558316e-01  -1.649100e-01]
     iteration=           1999       process=              7       (i,j,k)=              1              1              1       (x,y,z)=   1.499763e-02   1.499749e-02   1.455951e-02     particles=             50
fabric=[ ...   
   2.624925e-01   4.639029e-02  -7.897870e-02;
   4.639029e-02   4.414667e-01   1.085119e-01;
  -7.897870e-02   1.085119e-01   2.960408e-01]
sigma=[ ...    
  -7.109794e+01  -1.216474e+02   3.915747e+01;
  -2.067170e+02  -4.943711e+02  -1.581870e+02;
   1.832027e+02  -5.567454e+01  -8.470031e+02]
sigmaDot=[ ... 
   1.412824e+06   4.350115e+05   1.185652e+06;
  -8.020524e+06   7.002158e+06  -2.642806e+06;
   4.661021e+06  -2.586157e+06  -8.023093e+06]
intgraE=[ ...  
   1.108252e-03   4.938690e-04  -3.147127e-04;
   4.938690e-04  -1.610645e-03  -5.184063e-04;
  -3.147127e-04  -5.184063e-04  -1.636426e-02]
E=[ ...        
   2.766876e-05   2.711431e-04  -8.823360e-04;
   2.711431e-04   4.764995e-04   4.411674e-04;
  -8.823360e-04   4.411674e-04  -1.607303e-02]
e=[ ...        
   2.556330e-05   2.710218e-04  -9.135565e-04;
   2.710218e-04   4.762141e-04   4.456232e-04;
  -9.135565e-04   4.456232e-04  -1.660932e-02]
intgraF=[ ...  
   1.001107e+00   4.763131e-04  -1.336340e-04;
   5.122055e-04   9.983875e-01  -1.982907e-03;
  -5.029272e-04   9.587833e-04   9.834976e-01]
F=[ ...        
   1.000027e+00  -8.723259e-05  -8.073251e-04;
   6.290895e-04   1.000476e+00   1.015069e-03;
  -9.737433e-04  -1.354840e-04   9.837948e-01]
R=[ ...        
   9.999999e-01  -3.583718e-04   8.378398e-05;
   3.583231e-04   9.999998e-01   5.800009e-04;
  -8.399182e-05  -5.799709e-04   9.999998e-01]
U=[ ...        
   1.000027e+00   2.712726e-04  -8.895920e-04;
   2.712726e-04   1.000476e+00   4.447860e-04;
  -8.895920e-04   4.447860e-04   9.837952e-01]
l=[ ...        
   2.017070e-01   8.227599e-02   1.764580e-03;
   4.274972e-02  -4.168668e-01  -5.484180e-01;
  -6.686967e-02   2.568148e-01  -6.363300e-01]
d=[ ...        
   2.017070e-01   6.251286e-02  -3.255254e-02;
   6.251286e-02  -4.168668e-01  -1.458016e-01;
  -3.255254e-02  -1.458016e-01  -6.363300e-01]
