     iteration=           9999       process=              0       (i,j,k)=              0              0              0       (x,y,z)=   9.960694e-03   9.993070e-03   9.143198e-03     particles=            465
fabric=[ ...   
   3.499942e-01  -4.196185e-03   2.594368e-03;
  -4.196185e-03   3.351082e-01   9.519744e-03;
   2.594368e-03   9.519744e-03   3.148976e-01]
sigma=[ ...    
  -6.923257e+04   7.355892e+03   4.601988e+03;
   7.348016e+03  -6.654822e+04  -7.022840e+03;
   4.631781e+03  -6.998016e+03  -6.171357e+04]
sigmaDot=[ ... 
  -6.495881e+05  -3.984402e+06  -5.314669e+06;
  -4.486776e+03   3.430556e+05   2.901246e+06;
   3.271332e+05  -9.253344e+05   2.949987e+06]
intgraE=[ ...  
  -8.142498e-06  -1.192339e-05  -9.138921e-05;
  -1.192339e-05   2.085707e-05  -2.128502e-05;
  -9.138921e-05  -2.128502e-05  -4.462243e-05]
E=[ ...        
   4.343774e-05   8.853393e-05   2.326760e-04;
   8.853393e-05   2.622743e-05  -1.880385e-04;
   2.326760e-04  -1.880385e-04   1.558501e-04]
e=[ ...        
   4.350148e-05   8.848734e-05   2.327075e-04;
   8.848734e-05   2.622328e-05  -1.880420e-04;
   2.327075e-04  -1.880420e-04   1.553476e-04]
intgraF=[ ...  
   9.999918e-01   3.483869e-05   1.466975e-04;
  -5.867108e-05   1.000021e+00  -8.164336e-05;
  -3.294942e-04   3.907165e-05   9.999554e-01]
F=[ ...        
   1.000043e+00  -4.431733e-05   6.947399e-04;
   2.213748e-04   1.000026e+00  -3.477937e-04;
  -2.293054e-04  -2.823904e-05   1.000156e+00]
R=[ ...        
   9.999999e-01  -1.327797e-04   4.619818e-04;
   1.328535e-04   1.000000e+00  -1.597680e-04;
  -4.619606e-04   1.598294e-04   9.999999e-01]
U=[ ...        
   1.000043e+00   8.855272e-05   2.326611e-04;
   8.855272e-05   1.000026e+00  -1.880317e-04;
   2.326611e-04  -1.880317e-04   1.000156e+00]
l=[ ...        
  -1.639707e-03   6.967738e-03   2.933949e-02;
  -1.173422e-02   4.171095e-03  -1.632867e-02;
  -6.589884e-02   7.814329e-03  -8.927504e-03]
d=[ ...        
  -1.639707e-03  -2.383239e-03  -1.827967e-02;
  -2.383239e-03   4.171095e-03  -4.257171e-03;
  -1.827967e-02  -4.257171e-03  -8.927504e-03]
