     iteration=         350000       process=              0       (i,j,k)=              0              0              0       (x,y,z)=   5.000000e-03   5.000000e-03   5.013896e-03     particles=             78
fabric=[ ...   
   3.426759e-01   1.931109e-02   4.138725e-02;
   1.931109e-02   1.418270e-01   2.983499e-02;
   4.138725e-02   2.983499e-02   2.354971e-01]
sigma=[ ...    
  -5.280756e-05  -9.535651e-05   2.358030e-04;
   3.224460e-05   3.777379e-05  -6.682455e-05;
  -3.187896e-04  -1.592376e-05  -2.103937e-04]
sigmaDot=[ ... 
  -9.095743e+01  -7.962580e+01   4.339914e+00;
  -9.226510e+01  -4.033724e+01   1.204194e+01;
   1.904103e+01   8.574376e+00  -3.141387e+00]
intgraE=[ ...  
   1.637598e-03   9.478544e-05   2.825819e-03;
   9.478544e-05   1.941013e-03   3.641281e-03;
   2.825819e-03   3.641281e-03   1.007874e-02]
E=[ ...        
   1.765130e-03   1.514837e-04   2.802420e-03;
   1.514837e-04   2.170806e-03   3.936319e-03;
   2.802420e-03   3.936319e-03   1.064311e-02]
e=[ ...        
   1.749214e-03   1.299784e-04   2.746897e-03;
   1.299784e-04   2.122374e-03   3.824170e-03;
   2.746897e-03   3.824170e-03   1.038004e-02]
intgraF=[ ...  
   1.001634e+00   1.474032e-03   3.832702e-03;
  -1.292875e-03   1.001927e+00   2.498908e-03;
   1.797893e-03   4.725845e-03   1.010018e+00]
F=[ ...        
   1.001761e+00   1.463161e-03   3.759266e-03;
  -1.169428e-03   1.002155e+00   2.773538e-03;
   1.822917e-03   5.034378e-03   1.010576e+00]
R=[ ...        
   9.999987e-01   1.310826e-03   9.590419e-04;
  -1.309750e-03   9.999985e-01  -1.122150e-03;
  -9.605114e-04   1.120892e-03   9.999989e-01]
U=[ ...        
   1.001760e+00   1.457517e-04   2.784959e-03;
   1.457517e-04   1.002161e+00   3.911208e-03;
   2.784959e-03   3.911208e-03   1.010576e+00]
l=[ ...        
   7.179081e-03   3.999170e-03   1.916592e-02;
  -9.082725e-03   9.018349e-03   1.284141e-02;
   1.331046e-02   2.330699e-02   5.668777e-02]
d=[ ...        
   7.179081e-03  -2.541777e-03   1.623819e-02;
  -2.541777e-03   9.018349e-03   1.807420e-02;
   1.623819e-02   1.807420e-02   5.668777e-02]
     iteration=         350000       process=              1       (i,j,k)=              0              0              1       (x,y,z)=   5.000000e-03   5.000000e-03   1.504169e-02     particles=             46
fabric=[ ...   
   1.406733e-01  -1.732559e-02   4.294795e-02;
  -1.732559e-02   1.597242e-01   1.978021e-02;
   4.294795e-02   1.978021e-02   7.460246e-02]
sigma=[ ...    
   8.526731e-06   3.481863e-04   2.501768e-04;
   5.788584e-05  -1.966104e-04  -5.224264e-05;
  -1.666087e-04  -1.632521e-04  -3.448302e-04]
sigmaDot=[ ... 
   2.141529e+00  -6.357714e+00  -3.141238e+00;
   1.662909e+00   2.939360e+00   1.350566e+00;
  -3.108030e-01   4.731786e+00   2.325007e+00]
intgraE=[ ...  
   1.792754e-03  -9.957306e-04   4.333635e-03;
  -9.957306e-04   3.860188e-03   2.245796e-04;
   4.333635e-03   2.245796e-04   1.567504e-03]
E=[ ...        
   2.238890e-03  -8.117255e-04   4.489408e-03;
  -8.117255e-04   3.852927e-03   2.511127e-04;
   4.489408e-03   2.511127e-04   2.057308e-03]
e=[ ...        
   2.140281e-03  -8.325926e-04   4.447608e-03;
  -8.325926e-04   3.818316e-03   2.632777e-04;
   4.447608e-03   2.632777e-04   2.060201e-03]
intgraF=[ ...  
   1.001745e+00  -1.450911e-03  -9.136413e-04;
  -5.977563e-04   1.003831e+00  -6.024678e-03;
   9.564102e-03   6.485552e-03   1.001548e+00]
F=[ ...        
   1.002187e+00  -1.230680e-03  -9.452317e-04;
  -4.495824e-04   1.003826e+00  -5.671893e-03;
   9.903375e-03   6.182051e-03   1.002039e+00]
R=[ ...        
   9.999853e-01  -4.178876e-04  -5.413931e-03;
   3.858695e-04   9.999824e-01  -5.913707e-03;
   5.416307e-03   5.911530e-03   9.999679e-01]
U=[ ...        
   1.002226e+00  -8.098320e-04   4.479943e-03;
  -8.098320e-04   1.003845e+00   2.521840e-04;
   4.479943e-03   2.521840e-04   1.002045e+00]
l=[ ...        
   1.265543e-02  -3.415553e-03  -5.722358e-03;
  -1.020285e-02   2.545602e-02  -3.867769e-02;
   5.053264e-02   3.870080e-02   2.053395e-02]
d=[ ...        
   1.265543e-02  -6.809202e-03   2.240514e-02;
  -6.809202e-03   2.545602e-02   1.155558e-05;
   2.240514e-02   1.155558e-05   2.053395e-02]
     iteration=         350000       process=              2       (i,j,k)=              0              1              0       (x,y,z)=   5.000000e-03   1.500000e-02   5.013896e-03     particles=             80
fabric=[ ...   
   1.760014e-01   2.676982e-02   1.707865e-02;
   2.676982e-02   2.320162e-01   3.342133e-02;
   1.707865e-02   3.342133e-02   2.978647e-01]
sigma=[ ...    
   1.957256e-05   3.555788e-05  -1.145064e-05;
   4.197435e-06   2.611537e-05  -1.263081e-05;
  -1.175284e-05  -3.289626e-06   3.969423e-05]
sigmaDot=[ ... 
   2.874452e-01   5.642166e-02  -5.365404e-02;
  -6.257432e-02  -3.204323e-03  -1.435845e-02;
  -5.473259e-02   4.152564e-02  -2.214628e-02]
intgraE=[ ...  
   8.068408e-04  -1.122603e-04   2.389410e-03;
  -1.122603e-04   6.534765e-04  -1.972600e-03;
   2.389410e-03  -1.972600e-03   6.972729e-03]
E=[ ...        
   1.017057e-03   9.035788e-05   2.321209e-03;
   9.035788e-05   1.093822e-03  -1.658014e-03;
   2.321209e-03  -1.658014e-03   7.833495e-03]
e=[ ...        
   9.990335e-04   1.038855e-04   2.273247e-03;
   1.038855e-04   1.079690e-03  -1.615991e-03;
   2.273247e-03  -1.615991e-03   7.708622e-03]
intgraF=[ ...  
   1.000801e+00  -3.335685e-04   1.412321e-03;
   1.254833e-04   1.000641e+00   9.503640e-04;
   3.342030e-03  -4.861925e-03   1.006947e+00]
F=[ ...        
   1.001010e+00  -1.865173e-05   1.127365e-03;
   2.117501e-04   1.001087e+00   3.238658e-04;
   3.486641e-03  -3.612041e-03   1.007802e+00]
R=[ ...        
   9.999993e-01  -1.126364e-04  -1.174759e-03;
   1.149377e-04   9.999981e-01   1.959099e-03;
   1.174536e-03  -1.959233e-03   9.999974e-01]
U=[ ...        
   1.001014e+00   9.216840e-05   2.311102e-03;
   9.216840e-05   1.001092e+00  -1.650782e-03;
   2.311102e-03  -1.650782e-03   1.007799e+00]
l=[ ...        
   5.249240e-03  -1.418606e-03   8.023345e-03;
   1.033648e-03   3.416557e-03   1.934428e-03;
   1.902819e-02  -2.830365e-02   3.828469e-02]
d=[ ...        
   5.249240e-03  -1.924790e-04   1.352577e-02;
  -1.924790e-04   3.416557e-03  -1.318461e-02;
   1.352577e-02  -1.318461e-02   3.828469e-02]
     iteration=         350000       process=              3       (i,j,k)=              0              1              1       (x,y,z)=   5.000000e-03   1.500000e-02   1.504169e-02     particles=             38
fabric=[ ...   
   4.105728e-01   2.105417e-02   7.206189e-02;
   2.105417e-02   2.072252e-01  -1.624216e-02;
   7.206189e-02  -1.624216e-02   4.886859e-02]
sigma=[ ...    
   6.150494e-05   2.766336e-05  -1.134683e-05;
   1.900947e-05   1.072578e-04  -2.787044e-04;
  -6.382505e-05   9.742308e-06   1.421605e-04]
sigmaDot=[ ... 
  -8.578799e-04  -2.854566e-03   1.225802e-02;
  -3.888193e-03   1.783907e-03  -2.216776e-04;
  -8.175012e-03  -4.038054e-03   5.324579e-03]
intgraE=[ ...  
   1.473626e-03   8.590964e-04   3.310073e-03;
   8.590964e-04  -2.001920e-03  -4.559388e-03;
   3.310073e-03  -4.559388e-03   1.088343e-02]
E=[ ...        
   1.658959e-03  -5.113355e-04   2.726112e-03;
  -5.113355e-04  -2.275227e-03  -7.795824e-03;
   2.726112e-03  -7.795824e-03   9.004419e-03]
e=[ ...        
   1.603162e-03  -3.809158e-04   2.630161e-03;
  -3.809158e-04  -2.573891e-03  -7.567642e-03;
   2.630161e-03  -7.567642e-03   8.915722e-03]
intgraF=[ ...  
   1.001426e+00   4.145311e-04  -3.073340e-03;
   1.430744e-03   9.979113e-01   4.035214e-03;
   9.588422e-03  -1.300369e-02   1.010812e+00]
F=[ ...        
   1.001610e+00  -2.212383e-03  -4.321334e-03;
   1.377021e-03   9.975461e-01   3.188245e-03;
   9.689404e-03  -1.861502e-02   1.008950e+00]
R=[ ...        
   9.999741e-01  -1.769759e-03  -6.982480e-03;
   1.845496e-03   9.999394e-01   1.085525e-02;
   6.962846e-03  -1.086785e-02   9.999167e-01]
U=[ ...        
   1.001654e+00  -5.009726e-04   2.709825e-03;
  -5.009726e-04   9.976918e-01  -7.769418e-03;
   2.709825e-03  -7.769418e-03   1.008931e+00]
l=[ ...        
   9.371195e-03  -1.212247e-03  -1.787459e-02;
   1.068244e-02  -1.511689e-02   1.261197e-02;
   5.414511e-02  -7.666438e-02   5.796043e-02]
d=[ ...        
   9.371195e-03   4.735094e-03   1.813526e-02;
   4.735094e-03  -1.511689e-02  -3.202620e-02;
   1.813526e-02  -3.202620e-02   5.796043e-02]
     iteration=         350000       process=              4       (i,j,k)=              1              0              0       (x,y,z)=   1.500000e-02   5.000000e-03   5.013896e-03     particles=             73
fabric=[ ...   
   2.143546e-01   7.934663e-03   4.486940e-02;
   7.934663e-03   2.776554e-01  -4.827496e-02;
   4.486940e-02  -4.827496e-02   2.222756e-01]
sigma=[ ...    
  -1.319666e-04  -5.963835e-07   5.793856e-05;
   2.395546e-05  -2.401443e-05   9.211416e-05;
  -1.144155e-04   2.737840e-05   2.335582e-05]
sigmaDot=[ ... 
   6.787214e+00  -3.601851e+01   5.511883e+01;
  -1.012396e+02   1.561449e+02   8.820333e+01;
  -1.502890e+00   6.779610e+00   2.843019e+01]
intgraE=[ ...  
   2.688377e-04   1.048031e-04  -2.670972e-03;
   1.048031e-04  -1.296279e-03   1.261893e-03;
  -2.670972e-03   1.261893e-03   1.014048e-02]
E=[ ...        
  -7.043043e-03   4.151483e-04  -1.532258e-03;
   4.151483e-04  -1.447069e-03   1.232911e-03;
  -1.532258e-03   1.232911e-03   1.033992e-02]
e=[ ...        
  -7.155685e-03   4.278956e-04  -1.487479e-03;
   4.278956e-04  -1.459575e-03   1.183748e-03;
  -1.487479e-03   1.183748e-03   1.013479e-02]
intgraF=[ ...  
   1.000251e+00  -6.919831e-04   6.779121e-04;
   9.246224e-04   9.986960e-01  -1.147816e-03;
  -5.958847e-03   3.633913e-03   1.010089e+00]
F=[ ...        
   9.929248e-01  -3.115058e-04   5.812142e-04;
   1.154079e-03   9.985455e-01  -1.124966e-03;
  -3.603257e-03   3.552789e-03   1.010286e+00]
R=[ ...        
   9.999975e-01  -7.330011e-04   2.090663e-03;
   7.378672e-04   9.999970e-01  -2.327699e-03;
  -2.088950e-03   2.329236e-03   9.999951e-01]
U=[ ...        
   9.929307e-01   4.178673e-04  -1.530055e-03;
   4.178673e-04   9.985510e-01   1.227807e-03;
  -1.530055e-03   1.227807e-03   1.010285e+00]
l=[ ...        
   2.032030e-03  -3.353331e-03   4.023547e-03;
   5.643718e-03  -9.722768e-03  -6.634874e-03;
  -3.262534e-02   2.083137e-02   5.899924e-02]
d=[ ...        
   2.032030e-03   1.145194e-03  -1.430090e-02;
   1.145194e-03  -9.722768e-03   7.098247e-03;
  -1.430090e-02   7.098247e-03   5.899924e-02]
     iteration=         350000       process=              5       (i,j,k)=              1              0              1       (x,y,z)=   1.500000e-02   5.000000e-03   1.504169e-02     particles=             39
fabric=[ ...   
   4.521516e-01   1.033298e-01   6.366468e-03;
   1.033298e-01   2.005280e-01   1.052554e-02;
   6.366468e-03   1.052554e-02   1.398707e-02]
sigma=[ ...    
   1.172119e-04  -1.067147e-04  -1.876226e-05;
  -1.644317e-05   5.313964e-05   1.344125e-04;
   3.259549e-04  -4.078546e-05   1.583339e-04]
sigmaDot=[ ... 
  -8.762821e-02   1.820180e-02  -9.434450e-01;
  -2.593338e+00  -9.698937e-04  -3.046256e-01;
   1.865631e-02   2.256859e-01   9.232853e-03]
intgraE=[ ...  
  -9.353348e-06  -1.672490e-03  -3.736801e-03;
  -1.672490e-03   6.776630e-04   4.224406e-03;
  -3.736801e-03   4.224406e-03   5.303948e-03]
E=[ ...        
   8.642039e-05  -1.726906e-03  -3.449966e-03;
  -1.726906e-03   8.555172e-04   4.317802e-03;
  -3.449966e-03   4.317802e-03   5.904013e-03]
e=[ ...        
  -1.915901e-05  -1.640144e-03  -3.331241e-03;
  -1.640144e-03   7.961446e-04   4.259381e-03;
  -3.331241e-03   4.259381e-03   5.867429e-03]
intgraF=[ ...  
   9.998805e-01  -4.415023e-04   7.183216e-03;
  -2.806814e-03   1.000656e+00   1.906652e-03;
  -1.457391e-02   6.509823e-03   1.005262e+00]
F=[ ...        
   9.999813e-01  -5.267360e-04   7.411738e-03;
  -2.831245e-03   1.000833e+00   2.026479e-03;
  -1.422249e-02   6.572839e-03   1.005857e+00]
R=[ ...        
   9.999412e-01   1.144565e-03   1.077937e-02;
  -1.120218e-03   9.999968e-01  -2.264468e-03;
  -1.078193e-02   2.252259e-03   9.999393e-01]
U=[ ...        
   1.000079e+00  -1.718725e-03  -3.436047e-03;
  -1.718725e-03   1.000844e+00   4.300408e-03;
  -3.436047e-03   4.300408e-03   1.005872e+00]
l=[ ...        
  -1.906650e-03  -1.744030e-03   3.590833e-02;
  -1.289597e-02   3.645475e-03   1.321331e-02;
  -8.165377e-02   3.560294e-02   3.244059e-02]
d=[ ...        
  -1.906650e-03  -7.320000e-03  -2.287272e-02;
  -7.320000e-03   3.645475e-03   2.440813e-02;
  -2.287272e-02   2.440813e-02   3.244059e-02]
     iteration=         350000       process=              6       (i,j,k)=              1              1              0       (x,y,z)=   1.500000e-02   1.500000e-02   5.013896e-03     particles=             65
fabric=[ ...   
   3.291766e-01  -5.671882e-02   5.639925e-02;
  -5.671882e-02   2.420453e-01   1.670209e-02;
   5.639925e-02   1.670209e-02   3.111310e-01]
sigma=[ ...    
  -3.488878e-04  -1.405246e-05   1.221414e-04;
   1.564769e-04  -1.352240e-04  -3.962879e-06;
   4.650548e-05  -9.537370e-05  -2.373826e-04]
sigmaDot=[ ... 
  -5.422022e-01  -6.152020e-01  -1.647732e+00;
  -6.880932e-01  -7.737478e-01  -4.360453e-02;
   2.623540e-01   3.105260e+00  -5.136383e-01]
intgraE=[ ...  
  -3.942779e-04   1.048873e-03  -9.381721e-04;
   1.048873e-03   7.696639e-04  -2.624637e-03;
  -9.381721e-04  -2.624637e-03   9.774934e-03]
E=[ ...        
  -2.782813e-04   1.414228e-03  -6.389823e-04;
   1.414228e-03   5.716862e-04  -2.713344e-03;
  -6.389823e-04  -2.713344e-03   1.018306e-02]
e=[ ...        
  -2.850295e-04   1.406213e-03  -6.110382e-04;
   1.406213e-03   5.438939e-04  -2.639283e-03;
  -6.110382e-04  -2.639283e-03   9.975491e-03]
intgraF=[ ...  
   9.996025e-01   1.011578e-03   3.914948e-04;
   1.076021e-03   1.000759e+00  -8.722502e-04;
  -2.244908e-03  -4.334594e-03   1.009727e+00]
F=[ ...        
   9.997191e-01   1.190815e-03   3.478373e-04;
   1.629868e-03   1.000561e+00  -9.080461e-04;
  -1.607934e-03  -4.473227e-03   1.010131e+00]
R=[ ...        
   9.999995e-01  -2.196077e-04   9.713604e-04;
   2.178856e-04   9.999984e-01   1.772601e-03;
  -9.717481e-04  -1.772388e-03   9.999980e-01]
U=[ ...        
   9.997205e-01   1.413169e-03  -6.339539e-04;
   1.413169e-03   1.000567e+00  -2.698466e-03;
  -6.339539e-04  -2.698466e-03   1.010128e+00]
l=[ ...        
  -4.342464e-03   8.379848e-03   4.576850e-04;
   7.105554e-03   2.055806e-03  -4.957024e-03;
  -1.025554e-02  -2.275305e-02   5.392481e-02]
d=[ ...        
  -4.342464e-03   7.742701e-03  -4.898929e-03;
   7.742701e-03   2.055806e-03  -1.385504e-02;
  -4.898929e-03  -1.385504e-02   5.392481e-02]
     iteration=         350000       process=              7       (i,j,k)=              1              1              1       (x,y,z)=   1.500000e-02   1.500000e-02   1.504169e-02     particles=             46
fabric=[ ...   
   1.961788e-01  -1.253284e-02  -4.881583e-02;
  -1.253284e-02   2.014358e-01   2.014556e-02;
  -4.881583e-02   2.014556e-02   1.023853e-01]
sigma=[ ...    
  -2.971534e-05   2.238655e-04   2.836824e-05;
   7.951111e-05  -1.007010e-04  -7.251610e-05;
  -4.211501e-05  -3.160034e-04  -2.159072e-04]
sigmaDot=[ ... 
  -6.289590e-01   1.144925e+00   4.157751e-01;
   2.258351e-01  -8.148847e-01  -1.554269e+00;
   4.245795e-01  -1.605664e+00  -2.972346e-01]
intgraE=[ ...  
  -6.154684e-04   1.105308e-03  -2.433919e-03;
   1.105308e-03  -1.897277e-03   5.431138e-04;
  -2.433919e-03   5.431138e-04   9.052844e-03]
E=[ ...        
   2.233863e-05   1.055119e-03  -2.219175e-03;
   1.055119e-03  -1.381912e-03   5.208106e-04;
  -2.219175e-03   5.208106e-04   9.027250e-03]
e=[ ...        
  -8.370697e-06   1.054163e-03  -2.145429e-03;
   1.054163e-03  -1.384866e-03   5.523948e-04;
  -2.145429e-03   5.523948e-04   8.872253e-03]
intgraF=[ ...  
   9.993592e-01   1.273144e-03   2.218813e-03;
   9.167004e-04   9.980946e-01   4.442735e-03;
  -7.026068e-03  -3.320978e-03   1.009000e+00]
F=[ ...        
   9.999999e-01   1.246513e-03   2.270538e-03;
   8.430181e-04   9.986109e-01   4.363019e-03;
  -6.652858e-03  -3.288652e-03   1.008975e+00]
R=[ ...        
   9.999901e-01   1.880603e-04   4.440031e-03;
  -2.049702e-04   9.999927e-01   3.808353e-03;
  -4.439283e-03  -3.809225e-03   9.999829e-01]
U=[ ...        
   1.000019e+00   1.056414e-03  -2.209503e-03;
   1.056414e-03   9.986164e-01   5.200015e-04;
  -2.209503e-03   5.200015e-04   1.008984e+00]
l=[ ...        
  -2.099776e-03   9.017492e-03   1.046409e-02;
   3.014901e-03  -1.269349e-02   2.823492e-02;
  -3.980883e-02  -1.858637e-02   5.214548e-02]
d=[ ...        
  -2.099776e-03   6.016197e-03  -1.467237e-02;
   6.016197e-03  -1.269349e-02   4.824276e-03;
  -1.467237e-02   4.824276e-03   5.214548e-02]
