     iteration=         300000       process=              0       (i,j,k)=              0              0              0       (x,y,z)=   5.000000e-03   5.000000e-03   5.010144e-03     particles=             78
fabric=[ ...   
   3.179041e-01   5.646650e-03   2.930831e-02;
   5.646650e-03   1.105491e-01  -1.453812e-03;
   2.930831e-02  -1.453812e-03   1.965467e-01]
sigma=[ ...    
  -3.043493e-05   6.833900e-05  -4.480948e-05;
   9.710362e-05  -7.695390e-05   2.762391e-05;
  -5.527733e-05   1.643517e-04   3.764177e-05]
sigmaDot=[ ... 
   7.293079e+01   2.606795e+01  -5.141596e+02;
   3.531045e+02   6.498708e+01  -2.755733e+01;
   6.655748e+00  -3.519075e+01  -3.532982e+00]
intgraE=[ ...  
   1.456174e-03   1.560912e-04   2.413464e-03;
   1.560912e-04   1.710984e-03   3.177526e-03;
   2.413464e-03   3.177526e-03   8.631184e-03]
E=[ ...        
   1.555991e-03   2.145137e-04   2.407174e-03;
   2.145137e-04   1.898754e-03   3.429377e-03;
   2.407174e-03   3.429377e-03   9.099460e-03]
e=[ ...        
   1.544337e-03   1.978500e-04   2.366048e-03;
   1.978500e-04   1.861334e-03   3.344522e-03;
   2.366048e-03   3.344522e-03   8.905753e-03]
intgraF=[ ...  
   1.001453e+00   1.371655e-03   3.348621e-03;
  -1.065706e-03   1.001700e+00   2.175386e-03;
   1.463195e-03   4.135862e-03   1.008586e+00]
F=[ ...        
   1.001553e+00   1.382997e-03   3.274088e-03;
  -9.610430e-04   1.001886e+00   2.387438e-03;
   1.523680e-03   4.422262e-03   1.009050e+00]
R=[ ...        
   9.999989e-01   1.167759e-03   8.681265e-04;
  -1.166881e-03   9.999988e-01  -1.011083e-03;
  -8.693062e-04   1.010069e-03   9.999991e-01]
U=[ ...        
   1.001552e+00   2.100695e-04   2.394125e-03;
   2.100695e-04   1.001891e+00   3.410468e-03;
   2.394125e-03   3.410468e-03   1.009050e+00]
l=[ ...        
   7.473132e-03   3.536395e-03   1.908643e-02;
  -7.663492e-03   9.001358e-03   1.287965e-02;
   1.022031e-02   2.351161e-02   5.747267e-02]
d=[ ...        
   7.473132e-03  -2.063549e-03   1.465337e-02;
  -2.063549e-03   9.001358e-03   1.819563e-02;
   1.465337e-02   1.819563e-02   5.747267e-02]
     iteration=         300000       process=              1       (i,j,k)=              0              0              1       (x,y,z)=   5.000000e-03   5.000000e-03   1.503043e-02     particles=             46
fabric=[ ...   
   1.694888e-01  -8.591552e-03  -5.383972e-03;
  -8.591552e-03   1.343142e-01  -1.836200e-02;
  -5.383972e-03  -1.836200e-02   2.953038e-02]
sigma=[ ...    
   2.369476e-05   3.684610e-05   1.122771e-05;
   6.912272e-05   1.635168e-05   2.075498e-04;
  -1.859593e-04   4.999811e-05   1.454302e-04]
sigmaDot=[ ... 
   6.647875e-01   6.607424e-02   3.520602e-01;
  -9.353319e-01  -5.378322e-02   2.230419e-02;
  -3.740341e-01  -4.435759e-01  -5.708819e-02]
intgraE=[ ...  
   1.465118e-03  -8.276983e-04   3.766817e-03;
  -8.276983e-04   3.218558e-03   2.253734e-04;
   3.766817e-03   2.253734e-04   1.053329e-03]
E=[ ...        
   1.837837e-03  -6.087643e-04   3.866938e-03;
  -6.087643e-04   3.325182e-03   3.535505e-04;
   3.866938e-03   3.535505e-04   1.354572e-03]
e=[ ...        
   1.765547e-03  -6.272067e-04   3.841781e-03;
  -6.272067e-04   3.297940e-03   3.640138e-04;
   3.841781e-03   3.640138e-04   1.360526e-03]
intgraF=[ ...  
   1.001430e+00  -1.364029e-03  -7.706213e-04;
  -3.340870e-04   1.003197e+00  -5.053710e-03;
   8.295045e-03   5.513832e-03   1.001040e+00]
F=[ ...        
   1.001800e+00  -1.151393e-03  -8.109655e-04;
  -1.100585e-04   1.003304e+00  -4.717547e-03;
   8.534327e-03   5.432012e-03   1.001342e+00]
R=[ ...        
   9.999890e-01  -5.400728e-04  -4.665369e-03;
   5.164339e-04   9.999870e-01  -5.066614e-03;
   4.668045e-03   5.064149e-03   9.999763e-01]
U=[ ...        
   1.001829e+00  -6.078828e-04   3.860917e-03;
  -6.078828e-04   1.003319e+00   3.538984e-04;
   3.860917e-03   3.538984e-04   1.001346e+00]
l=[ ...        
   1.288930e-02  -4.022686e-03  -6.406555e-03;
  -1.031907e-02   2.312316e-02  -3.911971e-02;
   5.213244e-02   3.558189e-02   2.069803e-02]
d=[ ...        
   1.288930e-02  -7.170877e-03   2.286294e-02;
  -7.170877e-03   2.312316e-02  -1.768910e-03;
   2.286294e-02  -1.768910e-03   2.069803e-02]
     iteration=         300000       process=              2       (i,j,k)=              0              1              0       (x,y,z)=   5.000000e-03   1.500000e-02   5.010144e-03     particles=             81
fabric=[ ...   
   1.726811e-01   3.027598e-02  -1.355216e-03;
   3.027598e-02   1.817673e-01   2.123200e-02;
  -1.355216e-03   2.123200e-02   2.364607e-01]
sigma=[ ...    
   3.231852e-05   2.975520e-05  -5.684105e-06;
   3.936550e-06   2.645641e-05   1.383594e-05;
  -2.305552e-05  -7.759348e-06   4.180886e-05]
sigmaDot=[ ... 
  -4.215056e-06   1.970710e-02  -3.029786e-01;
   1.711743e-02   2.239269e-03  -6.242294e-03;
   1.215331e-02   4.091535e-02  -9.194442e-03]
intgraE=[ ...  
   6.733661e-04  -1.048801e-04   2.045891e-03;
  -1.048801e-04   5.649523e-04  -1.636457e-03;
   2.045891e-03  -1.636457e-03   6.003411e-03]
E=[ ...        
   8.293273e-04   5.314197e-05   2.088435e-03;
   5.314197e-05   8.806288e-04  -1.243427e-03;
   2.088435e-03  -1.243427e-03   6.768898e-03]
e=[ ...        
   8.155807e-04   6.320736e-05   2.051969e-03;
   6.320736e-05   8.712710e-04  -1.213227e-03;
   2.051969e-03  -1.213227e-03   6.675553e-03]
intgraF=[ ...  
   1.000669e+00  -2.972122e-04   1.210410e-03;
   9.947788e-05   1.000556e+00   9.016056e-04;
   2.863337e-03  -4.149827e-03   1.005984e+00]
F=[ ...        
   1.000824e+00  -7.191876e-05   1.156350e-03;
   1.876958e-04   1.000875e+00   7.343858e-04;
   2.999199e-03  -3.200213e-03   1.006745e+00]
R=[ ...        
   9.999996e-01  -1.273285e-04  -9.182090e-04;
   1.291276e-04   9.999981e-01   1.959662e-03;
   9.179577e-04  -1.959780e-03   9.999977e-01]
U=[ ...        
   1.000827e+00   5.438425e-05   2.080594e-03;
   5.438425e-05   1.000879e+00  -1.238762e-03;
   2.080594e-03  -1.238762e-03   1.006743e+00]
l=[ ...        
   5.135004e-03  -1.462849e-03   9.244111e-03;
   6.418856e-04   3.444346e-03   6.116388e-03;
   1.862534e-02  -2.830240e-02   3.918269e-02]
d=[ ...        
   5.135004e-03  -4.104817e-04   1.393472e-02;
  -4.104817e-04   3.444346e-03  -1.109301e-02;
   1.393472e-02  -1.109301e-02   3.918269e-02]
     iteration=         300000       process=              3       (i,j,k)=              0              1              1       (x,y,z)=   5.000000e-03   1.500000e-02   1.503043e-02     particles=             37
fabric=[ ...   
   5.260563e-01   2.870308e-02   9.604830e-02;
   2.870308e-02   2.660361e-01  -2.095281e-02;
   9.604830e-02  -2.095281e-02   6.505039e-02]
sigma=[ ...    
   5.791814e-05   3.095714e-05  -1.067878e-05;
   1.400984e-05   1.040024e-04  -3.025473e-04;
  -6.055891e-05   1.128677e-05   1.355909e-04]
sigmaDot=[ ... 
  -7.803687e-04  -3.042769e-03   1.829727e-02;
  -9.820145e-03   9.141502e-04  -1.221111e-03;
  -8.094201e-03  -2.447351e-03   5.983311e-03]
intgraE=[ ...  
   1.229969e-03   7.542056e-04   2.840041e-03;
   7.542056e-04  -1.645202e-03  -3.733501e-03;
   2.840041e-03  -3.733501e-03   9.414376e-03]
E=[ ...        
   1.279699e-03   7.602095e-04   2.827660e-03;
   7.602095e-04  -1.544329e-03  -3.519289e-03;
   2.827660e-03  -3.519289e-03   1.001326e-02]
e=[ ...        
   1.229497e-03   8.199667e-04   2.719642e-03;
   8.199667e-04  -1.624926e-03  -3.375479e-03;
   2.719642e-03  -3.375479e-03   9.857666e-03]
intgraF=[ ...  
   1.001195e+00   4.397335e-04  -2.621566e-03;
   1.161210e-03   9.982919e-01   3.719069e-03;
   8.223487e-03  -1.107490e-02   1.009360e+00]
F=[ ...        
   1.001245e+00   4.554054e-04  -2.625201e-03;
   1.155687e-03   9.983948e-01   3.981312e-03;
   8.197601e-03  -1.090379e-02   1.009952e+00]
R=[ ...        
   9.999854e-01  -3.292221e-04  -5.385912e-03;
   3.691390e-04   9.999725e-01   7.412040e-03;
   5.383324e-03  -7.413920e-03   9.999580e-01]
U=[ ...        
   1.001275e+00   7.652467e-04   2.813207e-03;
   7.652467e-04   9.984480e-01  -3.505639e-03;
   2.813207e-03  -3.505639e-03   1.009954e+00]
l=[ ...        
   9.931517e-03   7.575716e-04  -1.579591e-02;
   9.210003e-03  -1.096033e-02   2.325332e-02;
   5.447301e-02  -7.443355e-02   6.285144e-02]
d=[ ...        
   9.931517e-03   4.983787e-03   1.933855e-02;
   4.983787e-03  -1.096033e-02  -2.559011e-02;
   1.933855e-02  -2.559011e-02   6.285144e-02]
     iteration=         300000       process=              4       (i,j,k)=              1              0              0       (x,y,z)=   1.500000e-02   5.000000e-03   5.010144e-03     particles=             73
fabric=[ ...   
   1.774308e-01   2.103590e-02   3.060625e-02;
   2.103590e-02   2.409527e-01  -8.215978e-03;
   3.060625e-02  -8.215978e-03   2.244737e-01]
sigma=[ ...    
   1.742608e-05  -4.222009e-05  -9.198851e-05;
  -8.850858e-06  -5.013590e-05   1.944825e-05;
   1.928873e-05  -5.257356e-05   6.456829e-06]
sigmaDot=[ ... 
   1.563889e-01   4.047731e-02   1.149933e+00;
  -4.857378e-01   8.236483e-02  -1.026322e-01;
  -6.343693e-02  -5.126394e-02   1.963601e-02]
intgraE=[ ...  
   2.139113e-04   7.870073e-05  -2.302183e-03;
   7.870073e-05  -1.054979e-03   1.077596e-03;
  -2.302183e-03   1.077596e-03   8.639652e-03]
E=[ ...        
  -4.987553e-03   3.959016e-04  -1.439405e-03;
   3.959016e-04  -1.260922e-03   1.051142e-03;
  -1.439405e-03   1.051142e-03   8.799426e-03]
e=[ ...        
  -5.048227e-03   4.059760e-04  -1.403626e-03;
   4.059760e-04  -1.270112e-03   1.015252e-03;
  -1.403626e-03   1.015252e-03   8.650496e-03]
intgraF=[ ...  
   1.000200e+00  -6.085205e-04   5.763467e-04;
   7.828396e-04   9.989394e-01  -9.808373e-04;
  -5.135882e-03   3.108599e-03   1.008602e+00]
F=[ ...        
   9.949938e-01  -3.116617e-04   4.723724e-04;
   1.113374e-03   9.987336e-01  -9.564966e-04;
  -3.318680e-03   3.031162e-03   1.008760e+00]
R=[ ...        
   9.999980e-01  -7.124439e-04   1.893444e-03;
   7.162034e-04   9.999978e-01  -1.985574e-03;
  -1.892025e-03   1.986926e-03   9.999962e-01]
U=[ ...        
   9.949988e-01   3.979003e-04  -1.436913e-03;
   3.979003e-04   9.987377e-01   1.047501e-03;
  -1.436913e-03   1.047501e-03   1.008759e+00]
l=[ ...        
   2.268861e-04  -2.829440e-03   5.260517e-03;
   6.551597e-03  -9.734997e-03  -7.064267e-03;
  -3.171194e-02   2.096875e-02   5.808466e-02]
d=[ ...        
   2.268861e-04   1.861079e-03  -1.322571e-02;
   1.861079e-03  -9.734997e-03   6.952239e-03;
  -1.322571e-02   6.952239e-03   5.808466e-02]
     iteration=         300000       process=              5       (i,j,k)=              1              0              1       (x,y,z)=   1.500000e-02   5.000000e-03   1.503043e-02     particles=             39
fabric=[ ...   
   2.619738e-01   4.898030e-02   6.211158e-02;
   4.898030e-02   2.890516e-01  -7.016640e-02;
   6.211158e-02  -7.016640e-02   8.533829e-02]
sigma=[ ...    
   6.630654e-06  -6.810623e-05   1.535825e-06;
   1.651594e-05  -9.495562e-05   2.546900e-04;
   2.552143e-04   8.946970e-06   6.251583e-05]
sigmaDot=[ ... 
   1.817853e-01   1.124172e+01   1.005100e+02;
   1.511489e+02  -1.039291e+02   9.368362e+01;
   1.157039e+01   1.562136e+02  -1.382307e+02]
intgraE=[ ...  
   2.075234e-05  -1.477334e-03  -3.149291e-03;
  -1.477334e-03   5.789863e-04   3.606996e-03;
  -3.149291e-03   3.606996e-03   4.490189e-03]
E=[ ...        
   7.551422e-05  -1.515645e-03  -2.909283e-03;
  -1.515645e-03   7.065335e-04   3.673892e-03;
  -2.909283e-03   3.673892e-03   4.945076e-03]
e=[ ...        
  -1.684694e-06  -1.452131e-03  -2.823680e-03;
  -1.452131e-03   6.627912e-04   3.632486e-03;
  -2.823680e-03   3.632486e-03   4.921348e-03]
intgraF=[ ...  
   9.999393e-01  -4.029358e-04   6.281872e-03;
  -2.480073e-03   1.000563e+00   1.576728e-03;
  -1.252033e-02   5.613873e-03   1.004459e+00]
F=[ ...        
   9.999977e-01  -4.765970e-04   6.468300e-03;
  -2.483598e-03   1.000690e+00   1.645338e-03;
  -1.222274e-02   5.676518e-03   1.004911e+00]
R=[ ...        
   9.999561e-01   9.982796e-04   9.317936e-03;
  -9.796003e-04   9.999975e-01  -2.009019e-03;
  -9.319919e-03   1.999802e-03   9.999546e-01]
U=[ ...        
   1.000070e+00  -1.509757e-03  -2.899282e-03;
  -1.509757e-03   1.000698e+00   3.661414e-03;
  -2.899282e-03   3.661414e-03   1.004922e+00]
l=[ ...        
  -1.337659e-03  -6.177170e-04   3.820221e-02;
  -1.660436e-02   1.479986e-03   1.198662e-02;
  -8.214692e-02   3.593836e-02   2.882348e-02]
d=[ ...        
  -1.337659e-03  -8.611037e-03  -2.197236e-02;
  -8.611037e-03   1.479986e-03   2.396249e-02;
  -2.197236e-02   2.396249e-02   2.882348e-02]
     iteration=         300000       process=              6       (i,j,k)=              1              1              0       (x,y,z)=   1.500000e-02   1.500000e-02   5.010144e-03     particles=             65
fabric=[ ...   
   1.690730e-01  -1.493293e-02   1.957403e-02;
  -1.493293e-02   2.571161e-01   2.601209e-02;
   1.957403e-02   2.601209e-02   2.101745e-01]
sigma=[ ...    
  -4.974493e-05  -5.370301e-05   4.801189e-05;
  -7.623252e-05  -4.564624e-04  -1.136812e-04;
   5.946353e-05  -6.758933e-05   2.126008e-05]
sigmaDot=[ ... 
   1.414899e-01  -3.499142e-01  -1.703682e-03;
  -7.608005e-01  -6.628829e-01  -4.867136e-01;
   4.371964e-02  -5.476155e-01  -5.892162e-02]
intgraE=[ ...  
  -2.866747e-04   8.540369e-04  -8.113228e-04;
   8.540369e-04   7.150705e-04  -2.269547e-03;
  -8.113228e-04  -2.269547e-03   8.402798e-03]
E=[ ...        
  -2.361837e-04   1.233135e-03  -5.170334e-04;
   1.233135e-03   4.805531e-04  -2.341791e-03;
  -5.170334e-04  -2.341791e-03   8.719044e-03]
e=[ ...        
  -2.413263e-04   1.227259e-03  -4.965260e-04;
   1.227259e-03   4.597489e-04  -2.286768e-03;
  -4.965260e-04  -2.286768e-03   8.566549e-03]
intgraF=[ ...  
   9.997109e-01   8.020639e-04   3.801548e-04;
   8.981412e-04   1.000707e+00  -7.473168e-04;
  -1.985406e-03  -3.760091e-03   1.008367e+00]
F=[ ...        
   9.997617e-01   9.790882e-04   3.548924e-04;
   1.481354e-03   1.000472e+00  -7.526783e-04;
  -1.375816e-03  -3.897065e-03   1.008681e+00]
R=[ ...        
   9.999996e-01  -2.511753e-04   8.602709e-04;
   2.498290e-04   9.999987e-01   1.564673e-03;
  -8.606628e-04  -1.564457e-03   9.999984e-01]
U=[ ...        
   9.997629e-01   1.232389e-03  -5.134301e-04;
   1.232389e-03   1.000477e+00  -2.330805e-03;
  -5.134301e-04  -2.330805e-03   1.008679e+00]
l=[ ...        
  -4.524079e-03   8.457475e-03   7.325163e-04;
   7.354324e-03   1.963153e-03  -4.652089e-03;
  -9.704581e-03  -2.315605e-02   5.402880e-02]
d=[ ...        
  -4.524079e-03   7.905900e-03  -4.486032e-03;
   7.905900e-03   1.963153e-03  -1.390407e-02;
  -4.486032e-03  -1.390407e-02   5.402880e-02]
     iteration=         300000       process=              7       (i,j,k)=              1              1              1       (x,y,z)=   1.500000e-02   1.500000e-02   1.503043e-02     particles=             46
fabric=[ ...   
   1.739702e-01  -1.628676e-03  -2.229482e-02;
  -1.628676e-03   2.083416e-01   1.876951e-02;
  -2.229482e-02   1.876951e-02   2.945288e-02]
sigma=[ ...    
   6.343810e-05   4.771165e-05   1.238500e-04;
   4.070976e-05  -2.604697e-04  -1.324010e-04;
  -7.238696e-05  -1.211632e-04   7.462595e-05]
sigmaDot=[ ... 
   1.438934e-01  -2.221923e-01   1.639608e-01;
  -4.840599e-01  -4.930119e-01  -2.566062e-01;
   2.004892e-01  -3.173646e-01   5.016375e-02]
intgraE=[ ...  
  -5.682587e-04   9.549899e-04  -2.056517e-03;
   9.549899e-04  -1.580772e-03   4.271853e-04;
  -2.056517e-03   4.271853e-04   7.728475e-03]
E=[ ...        
  -8.572679e-05   9.197601e-04  -1.896632e-03;
   9.197601e-04  -1.202727e-03   4.274086e-04;
  -1.896632e-03   4.274086e-04   7.756377e-03]
e=[ ...        
  -1.085994e-04   9.192748e-04  -1.841876e-03;
   9.192748e-04  -1.205096e-03   4.507385e-04;
  -1.841876e-03   4.507385e-04   7.642023e-03]
intgraF=[ ...  
   9.994131e-01   1.048866e-03   1.954461e-03;
   8.458922e-04   9.984134e-01   3.732471e-03;
  -6.023186e-03  -2.852294e-03   1.007690e+00]
F=[ ...        
   9.998974e-01   1.048702e-03   1.997673e-03;
   7.756578e-04   9.987920e-01   3.697544e-03;
  -5.749229e-03  -2.818602e-03   1.007718e+00]
R=[ ...        
   9.999926e-01   1.264563e-04   3.857421e-03;
  -1.389753e-04   9.999947e-01   3.245328e-03;
  -3.856991e-03  -3.245840e-03   9.999873e-01]
U=[ ...        
   9.999121e-01   9.207582e-04  -1.889613e-03;
   9.207582e-04   9.987960e-01   4.268868e-04;
  -1.889613e-03   4.268868e-04   1.007725e+00]
l=[ ...        
  -4.121902e-03   6.575028e-03   1.178601e-02;
   5.317694e-03  -1.081146e-02   2.622325e-02;
  -4.040508e-02  -1.884614e-02   5.101037e-02]
d=[ ...        
  -4.121902e-03   5.946361e-03  -1.430954e-02;
   5.946361e-03  -1.081146e-02   3.688557e-03;
  -1.430954e-02   3.688557e-03   5.101037e-02]
