     iteration=         850000       process=              0       (i,j,k)=              0              0              0       (x,y,z)=   5.000000e-03   5.000000e-03   5.049986e-03     particles=             78
fabric=[ ...   
   2.631522e-01   1.472894e-02  -3.561034e-03;
   1.472894e-02   1.316227e-01   1.841885e-02;
  -3.561034e-03   1.841885e-02   2.052252e-01]
sigma=[ ...    
  -6.107360e-04  -1.957826e-04   2.518803e-04;
  -3.501789e-04  -2.195650e-05   2.470170e-04;
   2.502707e-04   3.427887e-04  -5.350324e-04]
sigmaDot=[ ... 
   2.753512e+00   6.965980e-01  -9.583142e-01;
   8.556849e-01   1.916848e-01  -6.279278e-01;
  -7.733855e-01  -1.187241e+00   1.611043e+00]
intgraE=[ ...  
   2.874894e-03  -3.866837e-05   6.787410e-03;
  -3.866837e-05   4.268189e-03   8.391442e-03;
   6.787410e-03   8.391442e-03   2.399202e-02]
E=[ ...        
   3.399272e-03  -3.660140e-04   7.155516e-03;
  -3.660140e-04   5.191563e-03   8.543664e-03;
   7.155516e-03   8.543664e-03   2.513843e-02]
e=[ ...        
   3.296263e-03  -4.728293e-04   6.823119e-03;
  -4.728293e-04   4.971538e-03   8.006102e-03;
   6.823119e-03   8.006102e-03   2.372501e-02]
intgraF=[ ...  
   1.002852e+00   2.756313e-03   8.071771e-03;
  -2.886797e-03   1.004198e+00   5.792635e-03;
   5.369687e-03   1.069071e-02   1.023663e+00]
F=[ ...        
   1.003373e+00   2.075937e-03   8.501763e-03;
  -2.859405e-03   1.005122e+00   6.337240e-03;
   5.658517e-03   1.044129e-02   1.024775e+00]
R=[ ...        
   9.999960e-01   2.445712e-03   1.388924e-03;
  -2.442911e-03   9.999950e-01  -2.014699e-03;
  -1.393845e-03   2.011298e-03   9.999970e-01]
U=[ ...        
   1.003369e+00  -3.940476e-04   7.057871e-03;
  -3.940476e-04   1.005143e+00   8.419129e-03;
   7.057871e-03   8.419129e-03   1.024771e+00]
l=[ ...        
   3.767265e-03   4.976583e-03   1.439722e-02;
  -4.878657e-03   9.426421e-03   1.154250e-02;
   1.391247e-02   2.056043e-02   5.394050e-02]
d=[ ...        
   3.767265e-03   4.896299e-05   1.415485e-02;
   4.896299e-05   9.426421e-03   1.605146e-02;
   1.415485e-02   1.605146e-02   5.394050e-02]
     iteration=         850000       process=              1       (i,j,k)=              0              0              1       (x,y,z)=   5.000000e-03   5.000000e-03   1.514996e-02     particles=             46
fabric=[ ...   
   1.677851e-01  -1.643189e-03   1.443598e-02;
  -1.643189e-03   3.867243e-01  -1.872046e-02;
   1.443598e-02  -1.872046e-02   7.049061e-02]
sigma=[ ...    
   1.706061e-04  -3.420114e-05   6.267606e-05;
   6.291228e-05   2.316070e-05   2.429872e-04;
  -1.458454e-04   1.521830e-04   1.784451e-04]
sigmaDot=[ ... 
  -5.289687e-01  -7.848247e-01  -1.450108e+00;
   2.811451e+00   4.763909e-01   9.064072e-02;
   5.795519e-01  -5.244523e+00  -6.798409e-01]
intgraE=[ ...  
   4.147692e-03  -2.721330e-03   1.118490e-02;
  -2.721330e-03   8.454999e-03   3.002427e-04;
   1.118490e-02   3.002427e-04   8.103783e-03]
E=[ ...        
   6.001727e-03  -3.538917e-03   1.236674e-02;
  -3.538917e-03   5.880950e-03  -1.216610e-03;
   1.236674e-02  -1.216610e-03   1.201841e-02]
e=[ ...        
   5.287453e-03  -3.585713e-03   1.179866e-02;
  -3.585713e-03   5.835850e-03  -1.248254e-03;
   1.179866e-02  -1.248254e-03   1.172308e-02]
intgraF=[ ...  
   1.003856e+00  -2.358441e-03  -1.440744e-03;
  -3.435186e-03   1.008282e+00  -1.588271e-02;
   2.357425e-02   1.648041e-02   1.007945e+00]
F=[ ...        
   1.005645e+00  -1.301751e-03  -1.044459e-03;
  -6.073094e-03   1.005774e+00  -1.587088e-02;
   2.538733e-02   1.336988e-02   1.011822e+00]
R=[ ...        
   9.999113e-01   2.180613e-03  -1.314052e-02;
  -2.370934e-03   9.998923e-01  -1.448538e-02;
   1.310752e-02   1.451525e-02   9.998087e-01]
U=[ ...        
   1.005903e+00  -3.511013e-03   1.225574e-02;
  -3.511013e-03   1.005857e+00  -1.184594e-03;
   1.225574e-02  -1.184594e-03   1.011872e+00]
l=[ ...        
   9.677767e-03   3.839341e-04   1.472869e-04;
  -1.174518e-02   1.540040e-02  -3.764504e-02;
   6.285561e-02   3.727923e-02   2.759494e-02]
d=[ ...        
   9.677767e-03  -5.680621e-03   3.150145e-02;
  -5.680621e-03   1.540040e-02  -1.829067e-04;
   3.150145e-02  -1.829067e-04   2.759494e-02]
     iteration=         850000       process=              2       (i,j,k)=              0              1              0       (x,y,z)=   5.000000e-03   1.500000e-02   5.049986e-03     particles=             80
fabric=[ ...   
   2.041777e-01   3.939505e-02   2.458339e-02;
   3.939505e-02   1.471757e-01   3.543455e-02;
   2.458339e-02   3.543455e-02   2.200751e-01]
sigma=[ ...    
   2.613844e-05   1.636062e-05  -5.149500e-06;
   7.292887e-06   2.233846e-05  -2.879582e-05;
   1.390187e-06  -1.261901e-05   3.477347e-05]
sigmaDot=[ ... 
  -2.042409e-03   2.033308e-02  -2.889539e-02;
   3.528509e-02   2.308139e-03   4.905149e-04;
  -2.305079e-03   1.013831e-02   2.114939e-02]
intgraE=[ ...  
   2.182833e-03  -4.650188e-04   5.942510e-03;
  -4.650188e-04   1.759261e-03  -5.378022e-03;
   5.942510e-03  -5.378022e-03   1.604431e-02]
E=[ ...        
   3.253126e-03  -2.334089e-04   6.143095e-03;
  -2.334089e-04   2.457777e-03  -5.594250e-03;
   6.143095e-03  -5.594250e-03   1.871735e-02]
e=[ ...        
   3.136259e-03  -1.206547e-04   5.854419e-03;
  -1.206547e-04   2.325132e-03  -5.274034e-03;
   5.854419e-03  -5.274034e-03   1.799921e-02]
intgraF=[ ...  
   1.002151e+00  -7.256209e-04   4.048032e-03;
  -1.117762e-04   1.001688e+00   1.227570e-03;
   7.705827e-03  -1.179510e-02   1.015909e+00]
F=[ ...        
   1.003215e+00  -5.248064e-04   3.990125e-03;
   1.508687e-04   1.002391e+00   2.794618e-04;
   8.132440e-03  -1.125784e-02   1.018538e+00]
R=[ ...        
   9.999978e-01  -3.193980e-04  -2.050119e-03;
   3.310941e-04   9.999837e-01   5.707309e-03;
   2.048263e-03  -5.707975e-03   9.999816e-01]
U=[ ...        
   1.003229e+00  -2.159784e-04   6.076441e-03;
  -2.159784e-04   1.002439e+00  -5.535604e-03;
   6.076441e-03  -5.535604e-03   1.018512e+00]
l=[ ...        
   5.076594e-03  -2.095604e-03   1.283715e-02;
  -2.248313e-03   5.118229e-03   1.314675e-03;
   1.610079e-02  -2.546364e-02   3.361809e-02]
d=[ ...        
   5.076594e-03  -2.171959e-03   1.446897e-02;
  -2.171959e-03   5.118229e-03  -1.207448e-02;
   1.446897e-02  -1.207448e-02   3.361809e-02]
     iteration=         850000       process=              3       (i,j,k)=              0              1              1       (x,y,z)=   5.000000e-03   1.500000e-02   1.514996e-02     particles=             38
fabric=[ ...   
   1.871394e-01  -1.685617e-02  -3.342779e-02;
  -1.685617e-02   1.902077e-01  -5.309346e-02;
  -3.342779e-02  -5.309346e-02   2.265297e-02]
sigma=[ ...    
   7.518980e-05  -2.220739e-05  -2.644567e-05;
   9.789251e-06   1.363340e-04  -3.732657e-04;
  -6.147632e-06   1.664150e-05   1.700985e-04]
sigmaDot=[ ... 
  -1.856406e-03  -4.098768e-03   3.769212e-03;
  -2.454585e-02   5.020341e-03   1.160086e-03;
   6.689149e-03  -1.427260e-02   2.525297e-03]
intgraE=[ ...  
   4.167352e-03   1.634076e-03   7.659007e-03;
   1.634076e-03  -5.011991e-03  -1.358721e-02;
   7.659007e-03  -1.358721e-02   2.669371e-02]
E=[ ...        
   5.070856e-03  -3.512379e-03   6.339811e-03;
  -3.512379e-03  -1.210137e-03  -2.406358e-02;
   6.339811e-03  -2.406358e-02   2.340188e-02]
e=[ ...        
   4.761277e-03  -2.555949e-03   5.810535e-03;
  -2.555949e-03  -3.794734e-03  -2.228648e-02;
   5.810535e-03  -2.228648e-02   2.283437e-02]
intgraF=[ ...  
   1.003868e+00  -9.946739e-04  -8.943833e-03;
   5.059862e-03   9.944486e-01   6.059991e-03;
   2.364418e-02  -3.235895e-02   1.026290e+00]
F=[ ...        
   1.004756e+00  -1.062076e-02  -1.200283e-02;
   4.982285e-03   9.972307e-01   7.780506e-03;
   2.414462e-02  -5.475241e-02   1.023034e+00]
R=[ ...        
   9.998092e-01  -7.628491e-03  -1.798484e-02;
   8.180339e-03   9.994917e-01   3.081287e-02;
   1.774064e-02  -3.095411e-02   9.993634e-01]
U=[ ...        
   1.005033e+00  -3.432392e-03   6.212393e-03;
  -3.432392e-03   9.984997e-01  -2.379900e-02;
   6.212393e-03  -2.379900e-02   1.022839e+00]
l=[ ...        
   9.986145e-03  -1.205279e-02  -2.811018e-02;
   1.806313e-02  -1.365453e-02   5.443208e-03;
   5.664428e-02  -7.295310e-02   6.694271e-02]
d=[ ...        
   9.986145e-03   3.005171e-03   1.426705e-02;
   3.005171e-03  -1.365453e-02  -3.375495e-02;
   1.426705e-02  -3.375495e-02   6.694271e-02]
     iteration=         850000       process=              4       (i,j,k)=              1              0              0       (x,y,z)=   1.500000e-02   5.000000e-03   5.049986e-03     particles=             72
fabric=[ ...   
   1.617177e-01  -3.140808e-03   3.340855e-02;
  -3.140808e-03   3.366186e-01  -2.452985e-02;
   3.340855e-02  -2.452985e-02   2.016637e-01]
sigma=[ ...    
  -9.900967e-04   2.692153e-04  -1.306970e-04;
  -5.816202e-05  -4.831216e-03   3.066653e-04;
  -3.202544e-04  -1.685478e-05  -1.365136e-03]
sigmaDot=[ ... 
   5.239726e+00  -1.423965e+00   4.699865e+00;
   6.145396e+00  -6.571410e+00   5.727309e+00;
   4.876499e+00   7.125419e+00   1.793740e+00]
intgraE=[ ...  
   2.909913e-04  -1.515187e-04  -6.710825e-03;
  -1.515187e-04  -3.366498e-03   3.764627e-03;
  -6.710825e-03   3.764627e-03   2.504651e-02]
E=[ ...        
  -3.922679e-02   8.493237e-04  -1.009942e-03;
   8.493237e-04  -2.541624e-03   4.236650e-03;
  -1.009942e-03   4.236650e-03   2.423987e-02]
e=[ ...        
  -4.257471e-02   9.058746e-04  -9.679741e-04;
   9.058746e-04  -2.624568e-03   3.947202e-03;
  -9.679741e-04   3.947202e-03   2.312236e-02]
intgraF=[ ...  
   1.000191e+00  -1.700869e-03   9.824020e-04;
   1.530556e-03   9.965853e-01  -1.747877e-03;
  -1.405389e-02   9.048975e-03   1.024738e+00]
F=[ ...        
   9.599677e-01  -9.722516e-05   2.982572e-04;
   1.816076e-03   9.974179e-01  -3.528346e-04;
  -2.251628e-03   8.618807e-03   1.023953e+00]
R=[ ...        
   9.999987e-01  -9.751133e-04   1.291392e-03;
   9.808354e-04   9.999897e-01  -4.437790e-03;
  -1.287051e-03   4.439051e-03   9.999893e-01]
U=[ ...        
   9.599712e-01   8.699849e-04  -1.019969e-03;
   8.699849e-04   9.974459e-01   4.192258e-03;
  -1.019969e-03   4.192258e-03   1.023944e+00]
l=[ ...        
  -1.961401e-03  -4.155343e-03   3.112835e-03;
   1.492021e-03  -7.601855e-03  -1.034997e-03;
  -2.892538e-02   2.071416e-02   5.237029e-02]
d=[ ...        
  -1.961401e-03  -1.331661e-03  -1.290627e-02;
  -1.331661e-03  -7.601855e-03   9.839580e-03;
  -1.290627e-02   9.839580e-03   5.237029e-02]
     iteration=         850000       process=              5       (i,j,k)=              1              0              1       (x,y,z)=   1.500000e-02   5.000000e-03   1.514996e-02     particles=             40
fabric=[ ...   
   2.323022e-01   7.378365e-02  -1.139147e-02;
   7.378365e-02   1.716369e-01  -5.453753e-02;
  -1.139147e-02  -5.453753e-02   6.272753e-02]
sigma=[ ...    
   2.949689e-04   2.287980e-03  -9.661239e-04;
   2.669756e-03  -3.819189e-03   4.058371e-03;
   6.094308e-04   4.282225e-03  -3.373096e-03]
sigmaDot=[ ... 
  -5.912754e+00   4.650465e+01  -4.129786e+01;
   2.985046e+01  -7.210794e+01   7.209543e+01;
   8.189936e+00   4.314260e+01  -6.085657e+01]
intgraE=[ ...  
  -4.478048e-04  -3.362448e-03  -1.041543e-02;
  -3.362448e-03   1.421901e-03   1.086253e-02;
  -1.041543e-02   1.086253e-02   1.602604e-02]
E=[ ...        
   9.785684e-04  -3.239988e-03  -1.215526e-02;
  -3.239988e-03   2.109095e-03   1.329694e-02;
  -1.215526e-02   1.329694e-02   1.755312e-02]
e=[ ...        
   1.799261e-04  -2.609831e-03  -1.129071e-02;
  -2.609831e-03   1.684582e-03   1.277419e-02;
  -1.129071e-02   1.277419e-02   1.691183e-02]
intgraF=[ ...  
   9.989423e-01  -6.017902e-04   1.422116e-02;
  -5.564174e-03   1.001292e+00   5.445281e-03;
  -3.446266e-02   1.602828e-02   1.015786e+00]
F=[ ...        
   1.000417e+00  -6.321576e-04   9.411276e-03;
  -5.306984e-03   1.001979e+00   1.028730e-02;
  -3.309831e-02   1.601501e-02   1.017306e+00]
R=[ ...        
   9.997761e-01   2.242202e-03   2.104161e-02;
  -2.182894e-03   9.999936e-01  -2.841175e-03;
  -2.104785e-02   2.794607e-03   9.997746e-01]
U=[ ...        
   1.000901e+00  -3.156311e-03  -1.202539e-02;
  -3.156311e-03   1.002016e+00   1.315131e-02;
  -1.202539e-02   1.315131e-02   1.017246e+00]
l=[ ...        
  -4.729414e-03   1.791799e-03   2.219575e-02;
  -1.040891e-02  -9.541940e-04   2.134121e-02;
  -7.703698e-02   3.764978e-02   4.406338e-02]
d=[ ...        
  -4.729414e-03  -4.308555e-03  -2.742061e-02;
  -4.308555e-03  -9.541940e-04   2.949550e-02;
  -2.742061e-02   2.949550e-02   4.406338e-02]
     iteration=         850000       process=              6       (i,j,k)=              1              1              0       (x,y,z)=   1.500000e-02   1.500000e-02   5.049986e-03     particles=             64
fabric=[ ...   
   2.261527e-01  -3.511364e-03   3.685906e-02;
  -3.511364e-03   7.023044e-02   1.821735e-02;
   3.685906e-02   1.821735e-02   2.036169e-01]
sigma=[ ...    
  -1.046772e-05  -1.581420e-04  -5.366221e-05;
  -2.553766e-04  -2.222978e-04  -1.275723e-04;
   1.062002e-04  -4.200275e-05  -1.832660e-05]
sigmaDot=[ ... 
   9.836377e+00  -1.011579e+01   9.539843e+01;
  -3.986939e+00  -2.848313e+00  -2.689615e+00;
  -1.360952e+00  -1.487795e+01   5.508816e-01]
intgraE=[ ...  
  -1.761738e-03   2.876127e-03  -2.267689e-03;
   2.876127e-03   1.252515e-03  -5.705065e-03;
  -2.267689e-03  -5.705065e-03   2.272121e-02]
E=[ ...        
  -8.503966e-04   2.887813e-03  -1.066924e-03;
   2.887813e-03   1.461594e-03  -4.732862e-03;
  -1.066924e-03  -4.732862e-03   1.935926e-02]
e=[ ...        
  -8.772691e-04   2.858406e-03  -9.572832e-04;
   2.858406e-03   1.367421e-03  -4.485533e-03;
  -9.572832e-04  -4.485533e-03   1.863140e-02]
intgraF=[ ...  
   9.982195e-01   2.742382e-03   6.479451e-04;
   2.962840e-03   1.001202e+00  -1.646404e-03;
  -5.063527e-03  -9.548984e-03   1.022467e+00]
F=[ ...        
   9.991370e-01   2.664907e-03   1.806563e-03;
   3.076949e-03   1.001423e+00  -1.104583e-03;
  -3.861418e-03  -8.207028e-03   1.019173e+00]
R=[ ...        
   9.999961e-01  -2.061620e-04   2.802440e-03;
   1.963210e-04   9.999938e-01   3.511391e-03;
  -2.803147e-03  -3.510827e-03   9.999899e-01]
U=[ ...        
   9.991445e-01   2.884503e-03  -1.050553e-03;
   2.884503e-03   1.001445e+00  -4.683089e-03;
  -1.050553e-03  -4.683089e-03   1.019164e+00]
l=[ ...        
  -6.182987e-03   4.706379e-03   3.941209e-03;
   6.351094e-03   6.932798e-04  -3.966356e-04;
  -1.134156e-02  -1.758373e-02   4.268278e-02]
d=[ ...        
  -6.182987e-03   5.528737e-03  -3.700177e-03;
   5.528737e-03   6.932798e-04  -8.990183e-03;
  -3.700177e-03  -8.990183e-03   4.268278e-02]
     iteration=         850000       process=              7       (i,j,k)=              1              1              1       (x,y,z)=   1.500000e-02   1.500000e-02   1.514996e-02     particles=             47
fabric=[ ...   
   2.482964e-01   2.499682e-02  -7.425635e-02;
   2.499682e-02   2.264190e-01   5.751359e-02;
  -7.425635e-02   5.751359e-02   1.086180e-01]
sigma=[ ...    
  -9.701438e-04  -2.824816e-04   1.370760e-03;
  -3.659967e-04  -9.149377e-04   5.335551e-04;
   6.320767e-04  -2.410945e-05  -1.041992e-03]
sigmaDot=[ ... 
   5.999158e+00  -1.171258e+00  -1.737713e+01;
   9.663761e+00   1.750705e+00  -3.031950e+00;
  -1.640620e+00   6.936298e+00  -1.700981e+00]
intgraE=[ ...  
  -1.657836e-03   1.679122e-03  -7.174725e-03;
   1.679122e-03  -4.804846e-03   2.471894e-03;
  -7.174725e-03   2.471894e-03   2.191715e-02]
E=[ ...        
   2.358549e-04   2.150940e-03  -5.801885e-03;
   2.150940e-03  -3.342569e-03   1.751122e-03;
  -5.801885e-03   1.751122e-03   2.104275e-02]
e=[ ...        
   5.330646e-05   2.148028e-03  -5.395494e-03;
   2.148028e-03  -3.344976e-03   1.927192e-03;
  -5.395494e-03   1.927192e-03   2.019790e-02]
intgraF=[ ...  
   9.981972e-01   1.883059e-03   2.878442e-03;
   1.363248e-03   9.951555e-01   1.238024e-02;
  -1.687503e-02  -7.225798e-03   1.021603e+00]
F=[ ...        
   1.000111e+00   2.208205e-03   4.378206e-03;
   1.972875e-03   9.966163e-01   1.181495e-02;
  -1.568043e-02  -8.114041e-03   1.020748e+00]
R=[ ...        
   9.999508e-01   3.181666e-05   9.914944e-03;
  -1.296508e-04   9.999513e-01   9.866857e-03;
  -9.914147e-03  -9.867658e-03   9.999022e-01]
U=[ ...        
   1.000217e+00   2.159328e-03  -5.743388e-03;
   2.159328e-03   9.966480e-01   1.742118e-03;
  -5.743388e-03   1.742118e-03   1.020808e+00]
l=[ ...        
  -4.218517e-03   1.076295e-03   3.648284e-03;
   1.217499e-03  -1.088631e-02   3.039277e-02;
  -3.796142e-02  -1.291084e-02   4.585991e-02]
d=[ ...        
  -4.218517e-03   1.146897e-03  -1.715657e-02;
   1.146897e-03  -1.088631e-02   8.740963e-03;
  -1.715657e-02   8.740963e-03   4.585991e-02]
