     iteration=         800000       process=              0       (i,j,k)=              0              0              0       (x,y,z)=   5.000000e-03   5.000000e-03   5.046355e-03     particles=             78
fabric=[ ...   
   2.682957e-01   4.713499e-03   2.631658e-02;
   4.713499e-03   1.430368e-01   1.221172e-02;
   2.631658e-02   1.221172e-02   1.600961e-01]
sigma=[ ...    
   2.813289e-05  -2.212847e-05   6.842803e-06;
   8.559425e-06   4.924322e-05  -1.895641e-05;
  -3.581937e-05   5.707950e-06   7.197437e-05]
sigmaDot=[ ... 
   6.077380e+01   5.920964e+00   1.384648e+01;
  -2.161396e-01   1.652517e-01  -6.177932e+00;
  -3.824168e+01   7.558842e+00   2.794625e+01]
intgraE=[ ...  
   2.776541e-03  -4.526818e-05   6.417878e-03;
  -4.526818e-05   4.022129e-03   7.962846e-03;
   6.417878e-03   7.962846e-03   2.257159e-02]
E=[ ...        
   3.266601e-03  -3.347810e-04   6.760024e-03;
  -3.347810e-04   4.876170e-03   8.077614e-03;
   6.760024e-03   8.077614e-03   2.361797e-02]
e=[ ...        
   3.174389e-03  -4.306051e-04   6.464217e-03;
  -4.306051e-04   4.679165e-03   7.597726e-03;
   6.464217e-03   7.597726e-03   2.236358e-02]
intgraF=[ ...  
   1.002756e+00   2.627502e-03   7.702412e-03;
  -2.765290e-03   1.003959e+00   5.497288e-03;
   5.015575e-03   1.016005e-02   1.022279e+00]
F=[ ...        
   1.003244e+00   2.012670e-03   8.083415e-03;
  -2.728119e-03   1.004814e+00   5.981452e-03;
   5.303189e-03   9.898127e-03   1.023296e+00]
R=[ ...        
   9.999963e-01   2.350383e-03   1.360099e-03;
  -2.347763e-03   9.999954e-01  -1.924791e-03;
  -1.364617e-03   1.921591e-03   9.999972e-01]
U=[ ...        
   1.003239e+00  -3.599093e-04   6.672936e-03;
  -3.599093e-04   1.004833e+00   7.966780e-03;
   6.672936e-03   7.966780e-03   1.023293e+00]
l=[ ...        
   3.590567e-03   5.936218e-03   1.382636e-02;
  -4.917962e-03   9.660574e-03   1.218647e-02;
   1.324285e-02   2.127075e-02   5.332421e-02]
d=[ ...        
   3.590567e-03   5.091277e-04   1.353460e-02;
   5.091277e-04   9.660574e-03   1.672861e-02;
   1.353460e-02   1.672861e-02   5.332421e-02]
     iteration=         800000       process=              1       (i,j,k)=              0              0              1       (x,y,z)=   5.000000e-03   5.000000e-03   1.513907e-02     particles=             46
fabric=[ ...   
   1.818300e-01  -2.909487e-02  -1.860037e-02;
  -2.909487e-02   2.205305e-01   2.919519e-02;
  -1.860037e-02   2.919519e-02   9.763954e-02]
sigma=[ ...    
   1.504846e-04   4.919921e-06   1.288096e-04;
   1.380926e-04   6.152891e-05   1.836937e-04;
  -1.058475e-04   8.097591e-05   4.783791e-05]
sigmaDot=[ ... 
   3.360030e-01   1.788678e-01  -5.054573e+00;
  -9.139396e-01   9.306237e-01  -1.974572e+00;
  -5.367055e-01  -2.092191e+00  -5.146686e-01]
intgraE=[ ...  
   3.866674e-03  -2.588953e-03   1.037102e-02;
  -2.588953e-03   8.062713e-03   3.014334e-04;
   1.037102e-02   3.014334e-04   7.405235e-03]
E=[ ...        
   5.527677e-03  -3.236376e-03   1.133207e-02;
  -3.236376e-03   7.038558e-03  -7.316798e-04;
   1.133207e-02  -7.316798e-04   1.079505e-02]
e=[ ...        
   4.922869e-03  -3.283776e-03   1.086063e-02;
  -3.283776e-03   6.951458e-03  -7.457521e-04;
   1.086063e-02  -7.457521e-04   1.056927e-02]
intgraF=[ ...  
   1.003614e+00  -2.367600e-03  -1.443960e-03;
  -3.118605e-03   1.007908e+00  -1.492943e-02;
   2.198492e-02   1.553406e-02   1.007266e+00]
F=[ ...        
   1.005225e+00  -1.381315e-03  -1.091672e-03;
  -5.361266e-03   1.006924e+00  -1.491136e-02;
   2.343256e-02   1.340726e-02   1.010627e+00]
R=[ ...        
   9.999239e-01   1.809527e-03  -1.219965e-02;
  -1.980682e-03   9.998996e-01  -1.403201e-02;
   1.217303e-02   1.405510e-02   9.998271e-01]
U=[ ...        
   1.005445e+00  -3.212399e-03   1.124034e-02;
  -3.212399e-03   1.007009e+00  -7.073712e-04;
   1.124034e-02  -7.073712e-04   1.010675e+00]
l=[ ...        
   8.890780e-03  -4.560818e-03  -3.749345e-05;
  -1.229049e-02   1.502857e-02  -3.726231e-02;
   6.064090e-02   3.753879e-02   2.842456e-02]
d=[ ...        
   8.890780e-03  -8.425654e-03   3.030170e-02;
  -8.425654e-03   1.502857e-02   1.382368e-04;
   3.030170e-02   1.382368e-04   2.842456e-02]
     iteration=         800000       process=              2       (i,j,k)=              0              1              0       (x,y,z)=   5.000000e-03   1.500000e-02   5.046355e-03     particles=             80
fabric=[ ...   
   2.238209e-01   4.349682e-02   1.434706e-02;
   4.349682e-02   1.585946e-01   3.387156e-02;
   1.434706e-02   3.387156e-02   2.714306e-01]
sigma=[ ...    
   2.622469e-05   1.428175e-05  -5.179881e-06;
   8.600961e-06   2.085606e-05  -2.547162e-05;
  -3.600712e-06  -1.250718e-05   3.427406e-05]
sigmaDot=[ ... 
   9.011798e+01   5.079401e+01  -8.543969e+01;
   8.779999e+01   4.308376e+01  -5.505137e+01;
  -5.616385e+01  -4.584434e+01   4.705475e+01]
intgraE=[ ...  
   2.049971e-03  -4.039763e-04   5.567745e-03;
  -4.039763e-04   1.623764e-03  -5.061037e-03;
   5.567745e-03  -5.061037e-03   1.517594e-02]
E=[ ...        
   3.000853e-03  -1.871016e-04   5.733636e-03;
  -1.871016e-04   2.257758e-03  -5.300387e-03;
   5.733636e-03  -5.300387e-03   1.764301e-02]
e=[ ...        
   2.898155e-03  -8.706016e-05   5.478497e-03;
  -8.706016e-05   2.139166e-03  -5.014484e-03;
   5.478497e-03  -5.014484e-03   1.700514e-02]
intgraF=[ ...  
   1.002021e+00  -6.694864e-04   3.721862e-03;
  -5.568746e-05   1.001560e+00   1.194265e-03;
   7.296326e-03  -1.114788e-02   1.015055e+00]
F=[ ...        
   1.002967e+00  -4.727566e-04   3.631469e-03;
   1.815093e-04   1.002198e+00   2.429781e-04;
   7.690526e-03  -1.065626e-02   1.017484e+00]
R=[ ...        
   9.999979e-01  -3.108494e-04  -2.010232e-03;
   3.216909e-04   9.999854e-01   5.395073e-03;
   2.008526e-03  -5.395708e-03   9.999834e-01]
U=[ ...        
   1.002980e+00  -1.717609e-04   5.675182e-03;
  -1.717609e-04   1.002241e+00  -5.248199e-03;
   5.675182e-03  -5.248199e-03   1.017461e+00]
l=[ ...        
   5.353890e-03  -1.824902e-03   1.262752e-02;
  -2.475285e-03   5.049141e-03   1.026261e-03;
   1.594064e-02  -2.625189e-02   3.399925e-02]
d=[ ...        
   5.353890e-03  -2.150093e-03   1.428408e-02;
  -2.150093e-03   5.049141e-03  -1.261281e-02;
   1.428408e-02  -1.261281e-02   3.399925e-02]
     iteration=         800000       process=              3       (i,j,k)=              0              1              1       (x,y,z)=   5.000000e-03   1.500000e-02   1.513907e-02     particles=             38
fabric=[ ...   
   3.140413e-01  -4.777896e-02   1.244681e-02;
  -4.777896e-02   1.126800e-01  -3.507175e-02;
   1.244681e-02  -3.507175e-02   1.772311e-02]
sigma=[ ...    
   6.322437e-05  -2.663139e-05  -2.527741e-05;
   1.795413e-05   1.459424e-04  -3.778664e-04;
  -1.898393e-05   1.692313e-05   1.739100e-04]
sigmaDot=[ ... 
  -1.832786e-06  -5.190784e-03   9.177061e-03;
  -4.803896e-03  -1.979003e-03   7.955708e-04;
  -2.925034e-03  -8.178119e-03   3.310239e-03]
intgraE=[ ...  
   3.897469e-03   1.592840e-03   7.258783e-03;
   1.592840e-03  -4.728674e-03  -1.267064e-02;
   7.258783e-03  -1.267064e-02   2.495135e-02]
E=[ ...        
   4.693762e-03  -3.224504e-03   6.001519e-03;
  -3.224504e-03  -1.494897e-03  -2.237921e-02;
   6.001519e-03  -2.237921e-02   2.173202e-02]
e=[ ...        
   4.417624e-03  -2.384623e-03   5.533939e-03;
  -2.384623e-03  -3.745050e-03  -2.084170e-02;
   5.533939e-03  -2.084170e-02   2.124747e-02]
intgraF=[ ...  
   1.003634e+00  -7.161732e-04  -8.219954e-03;
   4.605195e-03   9.947926e-01   5.926298e-03;
   2.219418e-02  -3.049257e-02   1.024597e+00]
F=[ ...        
   1.004417e+00  -9.763824e-03  -1.114834e-02;
   4.528351e-03   9.971512e-01   7.278641e-03;
   2.268194e-02  -5.103236e-02   1.021414e+00]
R=[ ...        
   9.998338e-01  -6.994866e-03  -1.683497e-02;
   7.477321e-03   9.995582e-01   2.876763e-02;
   1.662631e-02  -2.888873e-02   9.994443e-01]
U=[ ...        
   1.004661e+00  -3.154662e-03   5.890283e-03;
  -3.154662e-03   9.982532e-01  -2.215395e-02;
   5.890283e-03  -2.215395e-02   1.021244e+00]
l=[ ...        
   1.120229e-02  -1.065107e-02  -2.644802e-02;
   1.737406e-02  -1.410002e-02   5.779803e-03;
   5.611677e-02  -7.622645e-02   6.392234e-02]
d=[ ...        
   1.120229e-02   3.361491e-03   1.483438e-02;
   3.361491e-03  -1.410002e-02  -3.522332e-02;
   1.483438e-02  -3.522332e-02   6.392234e-02]
     iteration=         800000       process=              4       (i,j,k)=              1              0              0       (x,y,z)=   1.500000e-02   5.000000e-03   5.046355e-03     particles=             73
fabric=[ ...   
   2.139517e-01  -7.425620e-03   4.235791e-02;
  -7.425620e-03   2.789314e-01  -5.140426e-02;
   4.235791e-02  -5.140426e-02   2.378862e-01]
sigma=[ ...    
  -2.115730e-04   1.510076e-04  -2.824423e-04;
   2.921870e-04  -1.061677e-04   2.061704e-04;
  -2.862195e-04   9.503788e-05  -1.326523e-04]
sigmaDot=[ ... 
   3.848807e+01   9.444738e+00  -4.338029e+01;
  -1.451179e+01   3.117408e+00  -6.917525e+00;
  -2.776982e+01   1.545968e+01   1.120898e+01]
intgraE=[ ...  
   3.310580e-04  -1.117590e-04  -6.362600e-03;
  -1.117590e-04  -3.182227e-03   3.501106e-03;
  -6.362600e-03   3.501106e-03   2.367582e-02]
E=[ ...        
  -3.488989e-02   9.322559e-04  -1.329201e-03;
   9.322559e-04  -2.671074e-03   3.374066e-03;
  -1.329201e-03   3.374066e-03   2.470023e-02]
e=[ ...        
  -3.752068e-02   9.925906e-04  -1.239160e-03;
   9.925906e-04  -2.738757e-03   3.100607e-03;
  -1.239160e-03   3.100607e-03   2.355029e-02]
intgraF=[ ...  
   1.000241e+00  -1.598062e-03   9.026255e-04;
   1.493186e-03   9.967750e-01  -1.721757e-03;
  -1.331392e-02   8.520480e-03   1.023400e+00]
F=[ ...        
   9.644714e-01  -1.071009e-04   7.991230e-04;
   2.001045e-03   9.972907e-01  -1.777784e-03;
  -3.343981e-03   8.318216e-03   1.024401e+00]
R=[ ...        
   9.999972e-01  -1.069630e-03   2.089940e-03;
   1.080054e-03   9.999870e-01  -4.992942e-03;
  -2.084572e-03   4.995186e-03   9.999854e-01]
U=[ ...        
   9.644778e-01   9.526874e-04  -1.338236e-03;
   9.526874e-04   9.973193e-01   3.338456e-03;
  -1.338236e-03   3.338456e-03   1.024396e+00]
l=[ ...        
  -8.202942e-04  -4.576480e-03  -3.924349e-04;
   1.430456e-03  -7.734778e-03  -1.968149e-03;
  -3.165260e-02   2.178827e-02   5.642859e-02]
d=[ ...        
  -8.202942e-04  -1.573012e-03  -1.602252e-02;
  -1.573012e-03  -7.734778e-03   9.910060e-03;
  -1.602252e-02   9.910060e-03   5.642859e-02]
     iteration=         800000       process=              5       (i,j,k)=              1              0              1       (x,y,z)=   1.500000e-02   5.000000e-03   1.513907e-02     particles=             39
fabric=[ ...   
   4.317710e-01   1.435698e-01   2.827577e-02;
   1.435698e-01   1.806231e-01  -3.136044e-03;
   2.827577e-02  -3.136044e-03   7.991359e-02]
sigma=[ ...    
  -5.829983e-02  -2.985384e-02   6.230823e-04;
  -2.995530e-02  -1.801875e-02   4.928319e-04;
   2.527578e-03   2.135603e-03  -4.614762e-03]
sigmaDot=[ ... 
   4.904777e+02   2.738238e+02  -1.000692e+00;
   2.363590e+02   2.026443e+02  -2.788640e+01;
  -1.014435e+02  -1.676785e+01   1.006475e+02]
intgraE=[ ...  
  -3.788338e-04  -3.219024e-03  -9.677065e-03;
  -3.219024e-03   1.422700e-03   1.009717e-02;
  -9.677065e-03   1.009717e-02   1.490265e-02]
E=[ ...        
   2.112168e-04  -3.188357e-03  -8.103722e-03;
  -3.188357e-03   2.111705e-03   1.083332e-02;
  -8.103722e-03   1.083332e-02   1.808735e-02]
e=[ ...        
  -2.979992e-04  -2.727566e-03  -7.341140e-03;
  -2.727566e-03   1.779961e-03   1.038263e-02;
  -7.341140e-03   1.038263e-02   1.756208e-02]
intgraF=[ ...  
   9.990787e-01  -6.550824e-04   1.365951e-02;
  -5.286979e-03   1.001308e+00   4.907585e-03;
  -3.249774e-02   1.506794e-02   1.014689e+00]
F=[ ...        
   9.997049e-01  -9.263166e-04   1.581758e-02;
  -4.964429e-03   1.001994e+00   6.243904e-03;
  -3.143038e-02   1.515540e-02   1.017785e+00]
R=[ ...        
   9.997245e-01   1.960112e-03   2.339180e-02;
  -1.857526e-03   9.999886e-01  -4.406450e-03;
  -2.340017e-02   4.361785e-03   9.997167e-01]
U=[ ...        
   1.000174e+00  -3.141931e-03  -8.014706e-03;
  -3.141931e-03   1.002047e+00   1.071419e-02;
  -8.014706e-03   1.071419e-02   1.017839e+00]
l=[ ...        
  -4.715031e-03   7.375597e-04   2.373681e-02;
  -1.074404e-02   2.823922e-04   1.369201e-02;
  -7.846297e-02   3.776632e-02   5.141793e-02]
d=[ ...        
  -4.715031e-03  -5.003239e-03  -2.736308e-02;
  -5.003239e-03   2.823922e-04   2.572916e-02;
  -2.736308e-02   2.572916e-02   5.141793e-02]
     iteration=         800000       process=              6       (i,j,k)=              1              1              0       (x,y,z)=   1.500000e-02   1.500000e-02   5.046355e-03     particles=             64
fabric=[ ...   
   2.143212e-01   5.176849e-04   2.635449e-02;
   5.176849e-04   6.237906e-02   2.864165e-02;
   2.635449e-02   2.864165e-02   2.015606e-01]
sigma=[ ...    
  -8.535628e-04   1.324901e-03   3.723803e-03;
   3.046794e-03  -1.106115e-03  -1.893505e-03;
   1.582406e-03  -2.374194e-03  -7.584715e-03]
sigmaDot=[ ... 
  -1.523307e+01   7.804075e+00   4.024465e+01;
   4.443390e+01  -7.603483e+00  -1.093033e+01;
   2.437230e+01  -2.499242e+01  -3.943357e+01]
intgraE=[ ...  
  -1.609418e-03   2.736300e-03  -2.167035e-03;
   2.736300e-03   1.230121e-03  -5.464874e-03;
  -2.167035e-03  -5.464874e-03   2.160679e-02]
E=[ ...        
  -7.747292e-04   2.757345e-03  -9.817286e-04;
   2.757345e-03   1.340296e-03  -4.431687e-03;
  -9.817286e-04  -4.431687e-03   1.818583e-02]
e=[ ...        
  -7.986944e-04   2.731673e-03  -8.861743e-04;
   2.731673e-03   1.256253e-03  -4.212062e-03;
  -8.861743e-04  -4.212062e-03   1.754289e-02]
intgraF=[ ...  
   9.983739e-01   2.625886e-03   5.475858e-04;
   2.804225e-03   1.001185e+00  -1.636335e-03;
  -4.774122e-03  -9.098417e-03   1.021377e+00]
F=[ ...        
   9.992143e-01   2.542949e-03   1.677355e-03;
   2.942050e-03   1.001306e+00  -9.309160e-04;
  -3.572376e-03  -7.795030e-03   1.018022e+00]
R=[ ...        
   9.999966e-01  -1.998506e-04   2.597043e-03;
   1.910305e-04   9.999942e-01   3.395995e-03;
  -2.597706e-03  -3.395487e-03   9.999909e-01]
U=[ ...        
   9.992207e-01   2.754470e-03  -9.673497e-04;
   2.754470e-03   1.001326e+00  -4.387925e-03;
  -9.673497e-04  -4.387925e-03   1.018013e+00]
l=[ ...        
  -5.966929e-03   5.002292e-03   3.559848e-03;
   6.469374e-03   1.188942e-03  -4.687324e-04;
  -1.138815e-02  -1.791349e-02   4.289548e-02]
d=[ ...        
  -5.966929e-03   5.735833e-03  -3.914151e-03;
   5.735833e-03   1.188942e-03  -9.191109e-03;
  -3.914151e-03  -9.191109e-03   4.289548e-02]
     iteration=         800000       process=              7       (i,j,k)=              1              1              1       (x,y,z)=   1.500000e-02   1.500000e-02   1.513907e-02     particles=             47
fabric=[ ...   
   1.874498e-01   2.411130e-02  -3.475128e-02;
   2.411130e-02   2.287333e-01   8.720597e-02;
  -3.475128e-02   8.720597e-02   8.381689e-02]
sigma=[ ...    
   1.543440e-04   2.810751e-03   7.573259e-04;
  -6.857898e-03  -1.353640e-03  -3.182616e-03;
  -1.528588e-03  -5.932096e-03  -7.311539e-03]
sigmaDot=[ ... 
   2.651771e+00   1.535561e+01   1.449204e+01;
   3.085762e+00  -1.087301e+01  -8.331230e+00;
  -6.925185e+00  -4.509867e+01  -3.890809e+01]
intgraE=[ ...  
  -1.567185e-03   1.651405e-03  -6.718927e-03;
   1.651405e-03  -4.532434e-03   2.262174e-03;
  -6.718927e-03   2.262174e-03   2.071963e-02]
E=[ ...        
   2.162458e-04   2.070273e-03  -5.513389e-03;
   2.070273e-03  -3.183478e-03   1.650281e-03;
  -5.513389e-03   1.650281e-03   1.977313e-02]
e=[ ...        
   5.125996e-05   2.067475e-03  -5.150773e-03;
   2.067475e-03  -3.186454e-03   1.808147e-03;
  -5.150773e-03   1.808147e-03   1.902560e-02]
intgraF=[ ...  
   9.983039e-01   1.857100e-03   2.785352e-03;
   1.345316e-03   9.954316e-01   1.160797e-02;
  -1.590893e-02  -6.894835e-03   1.020439e+00]
F=[ ...        
   1.000104e+00   2.153869e-03   4.103806e-03;
   1.878356e-03   9.967795e-01   1.115787e-02;
  -1.486198e-02  -7.680355e-03   1.019512e+00]
R=[ ...        
   9.999560e-01   6.087933e-05   9.381048e-03;
  -1.484275e-04   9.999564e-01   9.332039e-03;
  -9.380071e-03  -9.333020e-03   9.999125e-01]
U=[ ...        
   1.000199e+00   2.077867e-03  -5.461127e-03;
   2.077867e-03   9.968079e-01   1.642509e-03;
  -5.461127e-03   1.642509e-03   1.019565e+00]
l=[ ...        
  -4.582545e-03   1.257505e-03   4.513886e-03;
   3.670976e-04  -1.241883e-02   3.017140e-02;
  -3.892644e-02  -1.597827e-02   4.591657e-02]
d=[ ...        
  -4.582545e-03   8.123014e-04  -1.720628e-02;
   8.123014e-04  -1.241883e-02   7.096565e-03;
  -1.720628e-02   7.096565e-03   4.591657e-02]
