     iteration=        1250000       process=              0       (i,j,k)=              0              0              0       (x,y,z)=   5.000000e-03   5.000000e-03   5.194422e-03     particles=             81
fabric=[ ...   
   3.776844e-01  -1.331885e-02   4.368794e-02;
  -1.331885e-02   4.097763e-01  -1.567598e-02;
   4.368794e-02  -1.567598e-02   2.125392e-01]
sigma=[ ...    
  -1.061336e+00  -1.226064e-01   8.361140e-02;
  -4.972549e-01  -2.871602e-01   7.296967e-02;
  -4.718601e-02   2.996414e-01  -5.934046e-02]
sigmaDot=[ ... 
   5.627761e+00   7.125565e+02  -4.859765e+03;
  -1.119001e+03  -3.784806e+03  -7.747590e+02;
  -3.435903e+02  -6.557211e+03  -2.994532e+02]
intgraE=[ ...  
  -3.388168e-03  -1.264542e-02   1.113163e-02;
  -1.264542e-02  -8.668129e-03   6.872391e-03;
   1.113163e-02   6.872391e-03   4.151465e-02]
E=[ ...        
  -1.482023e-03  -9.398453e-03   1.437513e-02;
  -9.398453e-03  -6.194788e-03   8.341868e-03;
   1.437513e-02   8.341868e-03   4.364162e-02]
e=[ ...        
  -2.048416e-03  -9.859742e-03   1.344197e-02;
  -9.859742e-03  -6.659376e-03   7.742384e-03;
   1.344197e-02   7.742384e-03   3.971540e-02]
intgraF=[ ...  
   9.964798e-01  -1.312310e-02   1.207932e-02;
  -1.246680e-02   9.911016e-01  -1.156023e-03;
   9.813475e-03   1.446166e-02   1.040616e+00]
F=[ ...        
   9.983756e-01  -7.886493e-03   1.572480e-02;
  -1.117405e-02   9.936510e-01   1.860588e-03;
   1.253759e-02   1.434764e-02   1.042609e+00]
R=[ ...        
   9.999976e-01   1.605409e-03   1.521776e-03;
  -1.596075e-03   9.999800e-01  -6.115188e-03;
  -1.531563e-03   6.112744e-03   9.999801e-01]
U=[ ...        
   9.983718e-01  -9.494390e-03   1.412497e-02;
  -9.494390e-03   9.937062e-01   8.258994e-03;
   1.412497e-02   8.258994e-03   1.042600e+00]
l=[ ...        
  -4.830771e-02  -8.510493e-02   1.887556e-02;
  -6.924326e-02  -1.012971e-01  -8.757103e-02;
   4.203930e-02  -4.309088e-03   7.853757e-02]
d=[ ...        
  -4.830771e-02  -7.717409e-02   3.045743e-02;
  -7.717409e-02  -1.012971e-01  -4.594006e-02;
   3.045743e-02  -4.594006e-02   7.853757e-02]
     iteration=        1250000       process=              1       (i,j,k)=              0              0              1       (x,y,z)=   5.000000e-03   5.000000e-03   1.558327e-02     particles=             45
fabric=[ ...   
   4.603813e-01   2.402628e-01  -1.005487e-01;
   2.402628e-01   4.281741e-01  -2.235758e-02;
  -1.005487e-01  -2.235758e-02   1.114446e-01]
sigma=[ ...    
  -5.398089e-03  -6.910735e-03  -9.893260e-04;
  -1.067533e-02  -5.956636e-03   1.658173e-03;
  -4.721790e-04   3.338356e-03   2.173692e-03]
sigmaDot=[ ... 
  -4.002645e+00  -5.700985e+00   9.888225e+00;
   2.483220e+01   4.708407e+01  -1.965647e+01;
  -9.696806e+00  -1.014432e+01   6.661399e+00]
intgraE=[ ...  
   6.971511e-03  -8.426016e-03   2.723345e-02;
  -8.426016e-03   1.250912e-03   7.309492e-03;
   2.723345e-02   7.309492e-03   1.783979e-02]
E=[ ...        
   1.137142e-02  -1.292264e-02   3.165342e-02;
  -1.292264e-02  -4.650145e-03   6.850765e-03;
   3.165342e-02   6.850765e-03   3.639606e-02]
e=[ ...        
   7.440853e-03  -1.383627e-02   2.846415e-02;
  -1.383627e-02  -5.088006e-03   6.211264e-03;
   2.846415e-02   6.211264e-03   3.360357e-02]
intgraF=[ ...  
   1.005566e+00  -5.999627e-03   2.090520e-03;
  -1.218875e-02   1.000871e+00  -1.273499e-02;
   5.130644e-02   2.690405e-02   1.017602e+00]
F=[ ...        
   1.009636e+00  -5.227885e-03   7.256052e-03;
  -2.170912e-02   9.951396e-01  -6.201589e-03;
   5.392059e-02   1.922435e-02   1.035713e+00]
R=[ ...        
   9.997046e-01   7.957170e-03  -2.296565e-02;
  -8.244693e-03   9.998885e-01  -1.245227e-02;
   2.286400e-02   1.263793e-02   9.996587e-01]
U=[ ...        
   1.010749e+00  -1.299142e-02   3.098558e-02;
  -1.299142e-02   9.952300e-01   6.946110e-03;
   3.098558e-02   6.946110e-03   1.035270e+00]
l=[ ...        
  -1.278388e-02  -5.693439e-02   6.226754e-02;
  -1.173687e-01  -8.284299e-02   2.144271e-02;
   2.303280e-01   6.028038e-02   1.296935e-01]
d=[ ...        
  -1.278388e-02  -8.715155e-02   1.462978e-01;
  -8.715155e-02  -8.284299e-02   4.086155e-02;
   1.462978e-01   4.086155e-02   1.296935e-01]
     iteration=        1250000       process=              2       (i,j,k)=              0              1              0       (x,y,z)=   5.000000e-03   1.500000e-02   5.194422e-03     particles=             80
fabric=[ ...   
   2.889387e-01   3.329807e-02  -5.911039e-03;
   3.329807e-02   3.208752e-01  -9.662668e-03;
  -5.911039e-03  -9.662668e-03   3.032296e-01]
sigma=[ ...    
  -4.422007e-03  -1.684005e-02   1.134350e-01;
   2.711651e-02  -7.171886e-03   1.620696e-02;
  -2.515307e-02   3.684455e-03  -8.001798e-02]
sigmaDot=[ ... 
  -3.488952e+02  -4.238238e+02   1.408415e+03;
  -6.914026e+02  -7.920233e+02  -5.192275e+02;
   1.801947e+03   2.514529e+03   7.133751e+03]
intgraE=[ ...  
  -1.702258e-02  -8.725169e-03   1.352340e-02;
  -8.725169e-03   1.268905e-02  -1.174233e-02;
   1.352340e-02  -1.174233e-02   2.898923e-02]
E=[ ...        
  -2.067289e-02  -7.271670e-03   8.971957e-03;
  -7.271670e-03   2.320418e-02  -6.357682e-03;
   8.971957e-03  -6.357682e-03   3.802644e-02]
e=[ ...        
  -2.213435e-02  -6.901525e-03   7.714832e-03;
  -6.901525e-03   2.198650e-02  -5.593881e-03;
   7.714832e-03  -5.593881e-03   3.545196e-02]
intgraF=[ ...  
   9.825033e-01  -3.577405e-03   4.934461e-03;
  -1.336932e-02   1.012433e+00  -4.301478e-03;
   2.152638e-02  -1.858137e-02   1.028560e+00]
F=[ ...        
   9.787486e-01  -4.449726e-03  -7.884941e-03;
  -9.679902e-03   1.022866e+00  -6.998112e-04;
   2.473202e-02  -1.160189e-02   1.037299e+00]
R=[ ...        
   9.998662e-01   2.627410e-03  -1.614322e-02;
  -2.542677e-03   9.999829e-01   5.267141e-03;
   1.615678e-02  -5.225390e-03   9.998558e-01]
U=[ ...        
   9.790419e-01  -7.237396e-03   8.877316e-03;
  -7.237396e-03   1.022897e+00  -6.140810e-03;
   8.877316e-03  -6.140810e-03   1.037274e+00]
l=[ ...        
  -2.985583e-01  -2.285979e-03  -9.934809e-02;
  -1.187224e-02   7.813303e-02  -3.952235e-02;
   1.292035e-01  -4.385874e-02   4.835195e-02]
d=[ ...        
  -2.985583e-01  -7.079111e-03   1.492770e-02;
  -7.079111e-03   7.813303e-02  -4.169054e-02;
   1.492770e-02  -4.169054e-02   4.835195e-02]
     iteration=        1250000       process=              3       (i,j,k)=              0              1              1       (x,y,z)=   5.000000e-03   1.500000e-02   1.558327e-02     particles=             37
fabric=[ ...   
   5.054958e-01  -6.240291e-03  -9.286347e-03;
  -6.240291e-03   1.246835e-01   1.667937e-02;
  -9.286347e-03   1.667937e-02   1.198207e-01]
sigma=[ ...    
  -2.748496e-01   2.671921e-01  -3.647173e-01;
   2.039636e-01  -1.680551e+00   7.692458e-01;
  -2.004977e-02  -1.870537e-01  -1.740802e-01]
sigmaDot=[ ... 
   1.204115e+03  -2.478124e+03   3.038195e+03;
  -1.275645e+03   1.429850e+04  -6.780354e+03;
   4.206212e+02   1.605913e+03   1.328897e+03]
intgraE=[ ...  
  -6.695371e-03  -2.520595e-03   2.155562e-02;
  -2.520595e-03   3.609016e-03  -1.731617e-02;
   2.155562e-02  -1.731617e-02   4.344626e-02]
E=[ ...        
  -1.051970e-03   1.781511e-03   2.121816e-02;
   1.781511e-03   1.827343e-03  -1.707086e-02;
   2.121816e-02  -1.707086e-02   5.312849e-02]
e=[ ...        
  -2.761230e-03   3.509196e-03   1.811291e-02;
   3.509196e-03   1.463770e-04  -1.346576e-02;
   1.811291e-02  -1.346576e-02   4.882143e-02]
intgraF=[ ...  
   9.921956e-01  -6.926492e-03  -5.222421e-03;
   4.174233e-03   1.002289e+00   1.830275e-02;
   4.625671e-02  -5.085841e-02   1.042368e+00]
F=[ ...        
   9.979839e-01  -6.852226e-04  -3.323443e-03;
   6.703382e-03   1.000220e+00   2.546888e-02;
   4.335089e-02  -5.669991e-02   1.051474e+00]
R=[ ...        
   9.997331e-01  -3.014490e-03  -2.290430e-02;
   3.928511e-03   9.991933e-01   3.996649e-02;
   2.276534e-02  -4.004580e-02   9.989385e-01]
U=[ ...        
   9.987308e-01   1.953541e-03   2.071466e-02;
   1.953541e-03   1.001685e+00  -1.664876e-02;
   2.071466e-02  -1.664876e-02   1.051452e+00]
l=[ ...        
  -7.398991e-02   1.412510e-02  -5.708886e-03;
  -6.117162e-02   7.399825e-02   1.082094e-01;
   2.010017e-01  -8.414388e-02   1.412566e-01]
d=[ ...        
  -7.398991e-02  -2.352326e-02   9.764641e-02;
  -2.352326e-02   7.399825e-02   1.203276e-02;
   9.764641e-02   1.203276e-02   1.412566e-01]
     iteration=        1250000       process=              4       (i,j,k)=              1              0              0       (x,y,z)=   1.500000e-02   5.000000e-03   5.194422e-03     particles=             75
fabric=[ ...   
   2.245046e-01  -1.283367e-03   4.497203e-02;
  -1.283367e-03   3.453752e-01  -1.592018e-02;
   4.497203e-02  -1.592018e-02   3.229774e-01]
sigma=[ ...    
  -9.801367e-02  -9.033761e-02  -7.585818e-03;
  -9.632403e-02  -1.299448e-01   6.229732e-03;
  -1.565505e-02   2.290993e-02  -2.109053e-02]
sigmaDot=[ ... 
   1.021628e+03   3.501215e+02   3.768387e+02;
   9.989769e+02   8.761020e+02   7.084198e+01;
   5.369829e+02  -8.131332e+02   7.225625e+01]
intgraE=[ ...  
   6.562857e-03  -6.413714e-03  -1.040403e-02;
  -6.413714e-03  -2.659431e-02   1.205552e-02;
  -1.040403e-02   1.205552e-02   3.799347e-02]
E=[ ...        
  -7.517996e-02   1.042331e-02  -1.594678e-02;
   1.042331e-02  -3.051902e-02   1.935100e-02;
  -1.594678e-02   1.935100e-02   4.232387e-02]
e=[ ...        
  -9.083560e-02   1.257411e-02  -1.642139e-02;
   1.257411e-02  -3.361296e-02   1.692376e-02;
  -1.642139e-02   1.692376e-02   3.914714e-02]
intgraF=[ ...  
   1.006348e+00  -2.156465e-02  -2.848015e-03;
   9.716719e-03   9.722329e-01  -1.079997e-02;
  -1.719666e-02   3.330934e-02   1.037238e+00]
F=[ ...        
   9.203433e-01  -2.107379e-02  -2.857173e-03;
   4.282237e-02   9.678079e-01  -6.553188e-03;
  -2.783009e-02   4.319407e-02   1.041440e+00]
R=[ ...        
   9.993439e-01  -3.357439e-02   1.358282e-02;
   3.389783e-02   9.991292e-01  -2.432738e-02;
  -1.275422e-02   2.477184e-02   9.996118e-01]
U=[ ...        
   9.215460e-01   1.119571e-02  -1.636018e-02;
   1.119571e-02   9.687426e-01   1.934683e-02;
  -1.636018e-02   1.934683e-02   1.041156e+00]
l=[ ...        
   4.846253e-02  -1.046412e-01  -3.392427e-02;
   3.397020e-02  -8.962592e-02   2.030357e-03;
   2.483390e-02   2.325007e-01   8.984308e-02]
d=[ ...        
   4.846253e-02  -3.533553e-02  -4.545185e-03;
  -3.533553e-02  -8.962592e-02   1.172655e-01;
  -4.545185e-03   1.172655e-01   8.984308e-02]
     iteration=        1250000       process=              5       (i,j,k)=              1              0              1       (x,y,z)=   1.500000e-02   5.000000e-03   1.558327e-02     particles=             40
fabric=[ ...   
   6.620805e-01   2.161972e-01  -2.370891e-02;
   2.161972e-01   1.072399e-01  -9.730023e-02;
  -2.370891e-02  -9.730023e-02   2.306796e-01]
sigma=[ ...    
   2.683689e-03   3.539869e-05  -4.687341e-04;
  -1.459928e-04   2.841655e-03   8.829101e-04;
   2.799294e-04   2.129890e-04   3.448794e-03]
sigmaDot=[ ... 
   2.785067e+00  -1.172585e+00  -1.769209e+01;
  -2.204643e+01  -2.640175e+00   5.130006e+00;
  -2.989973e+00  -5.220301e+01   7.028237e+00]
intgraE=[ ...  
   3.431371e-03  -8.356336e-03  -1.629999e-02;
  -8.356336e-03  -1.234265e-02   2.531741e-02;
  -1.629999e-02   2.531741e-02   3.593931e-02]
E=[ ...        
   5.580448e-03  -6.634248e-03  -1.484716e-02;
  -6.634248e-03  -6.262887e-03   2.662552e-02;
  -1.484716e-02   2.662552e-02   4.000506e-02]
e=[ ...        
   4.096047e-03  -4.951918e-03  -1.215102e-02;
  -4.951918e-03  -8.232062e-03   2.466090e-02;
  -1.215102e-02   2.466090e-02   3.687153e-02]
intgraF=[ ...  
   1.002041e+00  -5.433559e-03   2.112255e-02;
  -9.442164e-03   9.868485e-01   1.197039e-02;
  -5.183674e-02   3.761881e-02   1.035031e+00]
F=[ ...        
   1.004240e+00  -2.035796e-03   2.305029e-02;
  -9.441806e-03   9.930473e-01   1.555980e-02;
  -5.072413e-02   3.643053e-02   1.038863e+00]
R=[ ...        
   9.993458e-01   3.490832e-03   3.599596e-02;
  -3.123911e-03   9.999426e-01  -1.024461e-02;
  -3.602965e-02   1.012546e-02   9.992994e-01]
U=[ ...        
   1.005441e+00  -6.449235e-03  -1.444328e-02;
  -6.449235e-03   9.933521e-01   2.615835e-02;
  -1.444328e-02   2.615835e-02   1.038806e+00]
l=[ ...        
   4.370640e-02  -5.774237e-02  -1.040021e-02;
   2.005105e-02  -1.536293e-01   2.279682e-02;
  -7.764197e-02   2.011515e-01   2.152872e-01]
d=[ ...        
   4.370640e-02  -1.884566e-02  -4.402109e-02;
  -1.884566e-02  -1.536293e-01   1.119742e-01;
  -4.402109e-02   1.119742e-01   2.152872e-01]
     iteration=        1250000       process=              6       (i,j,k)=              1              1              0       (x,y,z)=   1.500000e-02   1.500000e-02   5.194422e-03     particles=             61
fabric=[ ...   
   4.063187e-01  -4.382607e-02   7.320569e-02;
  -4.382607e-02   3.362714e-01  -1.238660e-02;
   7.320569e-02  -1.238660e-02   2.574099e-01]
sigma=[ ...    
  -4.552505e-04   1.597776e-03   2.571932e-03;
   3.238815e-03   1.332050e-02   1.144435e-03;
   2.804390e-03  -3.239945e-03   1.355829e-02]
sigmaDot=[ ... 
   3.274132e+01  -3.421644e+01  -1.084206e+02;
  -1.310015e+01   3.604552e+01  -4.388060e+00;
   4.378950e+00   4.249229e+01   7.637955e+00]
intgraE=[ ...  
   1.487273e-02   3.554584e-03  -5.655377e-03;
   3.554584e-03   3.229673e-02  -1.246099e-02;
  -5.655377e-03  -1.246099e-02   6.174887e-02]
E=[ ...        
   2.838084e-02  -2.135756e-02  -3.195549e-02;
  -2.135756e-02  -1.781437e-02   1.320484e-01;
  -3.195549e-02   1.320484e-01  -9.711085e-02]
e=[ ...        
   1.370240e-02   1.916228e-02  -6.349757e-02;
   1.916228e-02  -1.071163e-01   1.897354e-01;
  -6.349757e-02   1.897354e-01  -1.362608e-01]
intgraF=[ ...  
   1.014740e+00   9.268074e-03  -4.335576e-03;
  -2.309507e-03   1.031664e+00  -1.044009e-02;
  -6.543484e-03  -1.331375e-02   1.059891e+00]
F=[ ...        
   1.017634e+00  -5.654274e-02   5.456323e-02;
   5.033380e-02   9.501492e-01   5.374194e-02;
  -1.365657e-01   2.416416e-01   8.943785e-01]
R=[ ...        
   9.928749e-01  -5.417785e-02   1.061328e-01;
   6.447039e-02   9.932837e-01  -9.607834e-02;
  -1.002147e-01   1.022362e-01   9.896993e-01]
U=[ ...        
   1.027314e+00  -1.909941e-02  -3.199062e-02;
  -1.909941e-02   9.715356e-01   1.418627e-01;
  -3.199062e-02   1.418627e-01   8.857934e-01]
l=[ ...        
   1.312438e-01   1.880716e-02  -5.729487e-02;
   1.091090e-01  -3.416687e-02  -1.077339e-01;
  -2.519884e-02  -3.662241e-02   2.119697e-01]
d=[ ...        
   1.312438e-01   6.395807e-02  -4.124685e-02;
   6.395807e-02  -3.416687e-02  -7.217817e-02;
  -4.124685e-02  -7.217817e-02   2.119697e-01]
     iteration=        1250000       process=              7       (i,j,k)=              1              1              1       (x,y,z)=   1.500000e-02   1.500000e-02   1.558327e-02     particles=             46
fabric=[ ...   
   3.602695e-01  -2.406842e-02   1.212437e-01;
  -2.406842e-02   3.521361e-01  -2.574938e-02;
   1.212437e-01  -2.574938e-02   2.161658e-01]
sigma=[ ...    
  -2.854790e-03   7.439422e-03  -9.378367e-03;
   6.303395e-03  -4.028395e-05   2.862687e-03;
  -6.528583e-03   1.164096e-02   3.458284e-03]
sigmaDot=[ ... 
   1.660362e+01  -9.962039e+00   7.682845e+00;
   6.291884e-01   7.863219e+00   1.445267e+01;
   3.644869e-01   1.719923e+01   4.029835e-01]
intgraE=[ ...  
   4.519145e-03   4.418868e-03   3.015100e-02;
   4.418868e-03   7.968259e-03   4.020807e-02;
   3.015100e-02   4.020807e-02   4.934930e-02]
E=[ ...        
   6.073846e-03   1.254314e-02   1.970624e-02;
   1.254314e-02   2.987160e-05   6.197716e-02;
   1.970624e-02   6.197716e-02   3.248072e-02]
e=[ ...        
   4.454016e-03   9.156911e-03   1.666702e-02;
   9.156911e-03  -9.676210e-03   5.828944e-02;
   1.666702e-02   5.828944e-02   2.583372e-02]
intgraF=[ ...  
   1.003852e+00  -5.911489e-03   2.429768e-02;
   1.264149e-02   1.006116e+00   1.730216e-02;
   3.406494e-02   6.027294e-02   1.047764e+00]
F=[ ...        
   1.005315e+00   5.006342e-03   3.121548e-03;
   1.732811e-02   9.967606e-01   4.091838e-02;
   3.449079e-02   8.064063e-02   1.031153e+00]
R=[ ...        
   9.998685e-01  -6.025100e-03  -1.505871e-02;
   5.729491e-03   9.997915e-01  -1.959708e-02;
   1.517365e-02   1.950822e-02   9.996945e-01]
U=[ ...        
   1.005805e+00   1.194023e-02   1.900194e-02;
   1.194023e-02   9.980958e-01   6.100701e-02;
   1.900194e-02   6.100701e-02   1.029990e+00]
l=[ ...        
   1.549833e-02  -1.502379e-02   4.116799e-03;
   1.094574e-01   2.260418e-01   7.921784e-02;
   4.024136e-01   5.730252e-01   6.103441e-02]
d=[ ...        
   1.549833e-02   4.721681e-02   2.032652e-01;
   4.721681e-02   2.260418e-01   3.261215e-01;
   2.032652e-01   3.261215e-01   6.103441e-02]
