     iteration=         500000       process=              0       (i,j,k)=              0              0              0       (x,y,z)=   5.000000e-03   5.000000e-03   5.024874e-03     particles=             78
fabric=[ ...   
   3.074424e-01   7.387993e-03   2.624944e-02;
   7.387993e-03   1.657559e-01   4.828093e-02;
   2.624944e-02   4.828093e-02   2.540744e-01]
sigma=[ ...    
   1.974576e-05   1.221060e-06   1.130589e-05;
   1.338567e-05  -2.051118e-05  -9.065443e-05;
  -3.601041e-05  -3.548398e-05   2.242311e-05]
sigmaDot=[ ... 
  -4.208158e-02   3.802443e-01   2.652953e+00;
  -1.367844e+00  -7.173412e-02   1.575924e-01;
   2.111400e-01   7.191488e-01   1.536589e-02]
intgraE=[ ...  
   2.024454e-03  -3.637977e-05   4.086348e-03;
  -3.637977e-05   2.622359e-03   5.140350e-03;
   4.086348e-03   5.140350e-03   1.421600e-02]
E=[ ...        
   2.265351e-03  -7.012156e-05   4.089365e-03;
  -7.012156e-05   2.992863e-03   5.485621e-03;
   4.089365e-03   5.485621e-03   1.509415e-02]
e=[ ...        
   2.231171e-03  -1.112167e-04   3.974944e-03;
  -1.112167e-04   2.902842e-03   5.271998e-03;
   3.974944e-03   5.271998e-03   1.457028e-02]
intgraF=[ ...  
   1.002017e+00   1.704999e-03   5.231370e-03;
  -1.795815e-03   1.002595e+00   3.512557e-03;
   2.896257e-03   6.656276e-03   1.014097e+00]
F=[ ...        
   1.002257e+00   1.563362e-03   5.163901e-03;
  -1.722323e-03   1.002964e+00   4.006113e-03;
   2.965705e-03   6.842808e-03   1.014961e+00]
R=[ ...        
   9.999981e-01   1.633543e-03   1.084122e-03;
  -1.632021e-03   9.999977e-01  -1.403299e-03;
  -1.086412e-03   1.401527e-03   9.999984e-01]
U=[ ...        
   1.002255e+00  -8.093272e-05   4.054687e-03;
  -8.093272e-05   1.002974e+00   5.437034e-03;
   4.054687e-03   5.437034e-03   1.014959e+00]
l=[ ...        
   5.017668e-03   5.054024e-03   1.734436e-02;
  -6.733491e-03   8.557945e-03   1.368224e-02;
   1.469891e-02   2.540561e-02   5.458279e-02]
d=[ ...        
   5.017668e-03  -8.397337e-04   1.602163e-02;
  -8.397337e-04   8.557945e-03   1.954392e-02;
   1.602163e-02   1.954392e-02   5.458279e-02]
     iteration=         500000       process=              1       (i,j,k)=              0              0              1       (x,y,z)=   5.000000e-03   5.000000e-03   1.507462e-02     particles=             46
fabric=[ ...   
   3.944666e-03  -2.158105e-02   3.432351e-03;
  -2.158105e-02   1.180688e-01  -1.877820e-02;
   3.432351e-03  -1.877820e-02   2.986573e-03]
sigma=[ ...    
   1.540685e-04  -3.886225e-05   2.945499e-05;
   4.102278e-06   1.355312e-04   1.467665e-04;
  -1.433613e-04   1.711457e-05   1.762163e-04]
sigmaDot=[ ... 
   2.884605e-04  -9.018637e-05   7.966346e-05;
   9.495164e-06   6.107722e-04  -1.502316e-04;
  -1.153812e-04   1.621394e-05   1.607998e-04]
intgraE=[ ...  
   2.549265e-03  -1.433397e-03   6.089893e-03;
  -1.433397e-03   5.561849e-03   2.354272e-04;
   6.089893e-03   2.354272e-04   3.282764e-03]
E=[ ...        
   3.319810e-03  -1.440275e-03   6.446299e-03;
  -1.440275e-03   5.399645e-03  -4.850770e-05;
   6.446299e-03  -4.850770e-05   4.516607e-03]
e=[ ...        
   3.116236e-03  -1.470049e-03   6.325133e-03;
  -1.470049e-03   5.338391e-03  -3.252156e-05;
   6.325133e-03  -3.252156e-05   4.490930e-03]
intgraF=[ ...  
   1.002456e+00  -1.773590e-03  -1.259317e-03;
  -1.212359e-03   1.005498e+00  -9.235586e-03;
   1.338770e-02   9.723537e-03   1.003234e+00]
F=[ ...        
   1.003215e+00  -1.489906e-03  -1.219509e-03;
  -1.499835e-03   1.005346e+00  -8.780137e-03;
   1.404014e-02   8.689429e-03   1.004467e+00]
R=[ ...        
   9.999711e-01  -5.606450e-05  -7.606497e-03;
  -1.009443e-05   9.999622e-01  -8.697370e-03;
   7.606697e-03   8.697195e-03   9.999332e-01]
U=[ ...        
   1.003293e+00  -1.433914e-03   6.421293e-03;
  -1.433914e-03   1.005384e+00  -4.368831e-05;
   6.421293e-03  -4.368831e-05   1.004486e+00]
l=[ ...        
   9.204726e-03  -4.003379e-03  -3.431812e-03;
  -7.473589e-03   2.247896e-02  -4.025010e-02;
   5.140500e-02   4.379950e-02   2.119957e-02]
d=[ ...        
   9.204726e-03  -5.738484e-03   2.398659e-02;
  -5.738484e-03   2.247896e-02   1.774701e-03;
   2.398659e-02   1.774701e-03   2.119957e-02]
     iteration=         500000       process=              2       (i,j,k)=              0              1              0       (x,y,z)=   5.000000e-03   1.500000e-02   5.024874e-03     particles=             80
fabric=[ ...   
   1.702293e-01   3.438340e-02   1.696406e-02;
   3.438340e-02   1.397130e-01   2.242486e-02;
   1.696406e-02   2.242486e-02   2.117968e-01]
sigma=[ ...    
   3.098574e-05   2.936766e-05  -8.084397e-07;
  -9.015118e-07   2.633548e-05  -5.031525e-06;
  -1.466986e-05  -4.650632e-06   3.773149e-05]
sigmaDot=[ ... 
   1.491011e-03   1.905937e-02  -3.179527e-01;
   1.441272e-02   4.029182e-04  -9.994603e-03;
   2.029436e-02   1.177724e-01  -2.034432e-02]
intgraE=[ ...  
   1.219557e-03  -1.404573e-04   3.391921e-03;
  -1.404573e-04   9.130739e-04  -3.014081e-03;
   3.391921e-03  -3.014081e-03   9.854256e-03]
E=[ ...        
   1.648378e-03  -7.126381e-05   3.294447e-03;
  -7.126381e-05   1.176778e-03  -3.324911e-03;
   3.294447e-03  -3.324911e-03   1.092420e-02]
e=[ ...        
   1.611423e-03  -3.302656e-05   3.199623e-03;
  -3.302656e-05   1.130071e-03  -3.212071e-03;
   3.199623e-03  -3.212071e-03   1.068161e-02]
intgraF=[ ...  
   1.001208e+00  -4.156124e-04   2.010085e-03;
   1.682516e-04   1.000888e+00   1.067623e-03;
   4.724830e-03  -7.027006e-03   1.009804e+00]
F=[ ...        
   1.001635e+00  -3.692213e-04   1.626363e-03;
   2.602347e-04   1.001153e+00   1.982935e-04;
   4.906516e-03  -6.774151e-03   1.010864e+00]
R=[ ...        
   9.999986e-01  -3.084887e-04  -1.630833e-03;
   3.141374e-04   9.999939e-01   3.464572e-03;
   1.629754e-03  -3.465079e-03   9.999927e-01]
U=[ ...        
   1.001642e+00  -6.576136e-05   3.273882e-03;
  -6.576136e-05   1.001171e+00  -3.304933e-03;
   3.273882e-03  -3.304933e-03   1.010854e+00]
l=[ ...        
   5.478490e-03  -1.072298e-03   7.892736e-03;
   1.851873e-04   3.521468e-03   1.337545e-03;
   1.811883e-02  -2.888559e-02   3.777292e-02]
d=[ ...        
   5.478490e-03  -4.435551e-04   1.300578e-02;
  -4.435551e-04   3.521468e-03  -1.377402e-02;
   1.300578e-02  -1.377402e-02   3.777292e-02]
     iteration=         500000       process=              3       (i,j,k)=              0              1              1       (x,y,z)=   5.000000e-03   1.500000e-02   1.507462e-02     particles=             38
fabric=[ ...   
   2.778913e-01   9.102295e-02   3.132228e-02;
   9.102295e-02   2.474173e-01  -6.329425e-03;
   3.132228e-02  -6.329425e-03   4.611992e-02]
sigma=[ ...    
   7.189791e-05   3.288491e-05  -1.181640e-05;
   1.797425e-05   1.114629e-04  -2.601606e-04;
  -7.282097e-05   1.245900e-05   1.474586e-04]
sigmaDot=[ ... 
  -4.835410e-05  -4.140276e-03   1.449628e-02;
  -3.781810e-03   1.918746e-03   3.665898e-04;
  -8.657418e-03  -5.729443e-03   4.976288e-03]
intgraE=[ ...  
   2.233561e-03   1.224072e-03   4.732616e-03;
   1.224072e-03  -3.120927e-03  -7.145420e-03;
   4.732616e-03  -7.145420e-03   1.528505e-02]
E=[ ...        
   2.628703e-03  -1.505706e-03   3.833962e-03;
  -1.505706e-03  -2.809881e-03  -1.291285e-02;
   3.833962e-03  -1.291285e-02   1.254101e-02]
e=[ ...        
   2.517638e-03  -1.199813e-03   3.655508e-03;
  -1.199813e-03  -3.595720e-03  -1.240143e-02;
   3.655508e-03  -1.240143e-02   1.238920e-02]
intgraF=[ ...  
   1.002134e+00   4.002053e-04  -4.473049e-03;
   2.312563e-03   9.966972e-01   4.792339e-03;
   1.372877e-02  -1.878105e-02   1.015149e+00]
F=[ ...        
   1.002526e+00  -4.851360e-03  -6.443409e-03;
   2.276233e-03   9.967267e-01   4.403807e-03;
   1.394421e-02  -2.987490e-02   1.012433e+00]
R=[ ...        
   9.999422e-01  -3.510620e-03  -1.015858e-02;
   3.683264e-03   9.998483e-01   1.702633e-02;
   1.009726e-02  -1.706276e-02   9.998034e-01]
U=[ ...        
   1.002617e+00  -1.481527e-03   3.795990e-03;
  -1.481527e-03   9.971023e-01  -1.284915e-02;
   3.795990e-03  -1.284915e-02   1.012375e+00]
l=[ ...        
   9.624487e-03  -5.226940e-04  -1.892148e-02;
   1.193454e-02  -1.516887e-02   7.446232e-03;
   5.482616e-02  -7.669810e-02   5.793204e-02]
d=[ ...        
   9.624487e-03   5.705922e-03   1.795234e-02;
   5.705922e-03  -1.516887e-02  -3.462593e-02;
   1.795234e-02  -3.462593e-02   5.793204e-02]
     iteration=         500000       process=              4       (i,j,k)=              1              0              0       (x,y,z)=   1.500000e-02   5.000000e-03   5.024874e-03     particles=             73
fabric=[ ...   
   2.069068e-01   2.583493e-02   3.862397e-02;
   2.583493e-02   2.542829e-01  -3.145952e-02;
   3.862397e-02  -3.145952e-02   2.471436e-01]
sigma=[ ...    
   1.252255e-05   4.907665e-06  -1.851848e-05;
  -3.022481e-05   3.214532e-05   6.847667e-05;
   1.015067e-05   1.915812e-05   4.386803e-05]
sigmaDot=[ ... 
  -1.481564e-02   1.962751e-03   1.088665e-01;
   5.074028e-01   2.827090e-03  -6.429102e-02;
  -5.465462e-02  -1.985560e-01   1.030876e-02]
intgraE=[ ...  
   3.994038e-04   1.014298e-04  -3.804015e-03;
   1.014298e-04  -1.985070e-03   1.895061e-03;
  -3.804015e-03   1.895061e-03   1.464997e-02]
E=[ ...        
  -1.500482e-02   5.427169e-04  -1.524731e-03;
   5.427169e-04  -1.959164e-03   1.808926e-03;
  -1.524731e-03   1.808926e-03   1.506535e-02]
e=[ ...        
  -1.548253e-02   5.653340e-04  -1.455643e-03;
   5.653340e-04  -1.984479e-03   1.707037e-03;
  -1.455643e-03   1.707037e-03   1.463260e-02]
intgraF=[ ...  
   1.000363e+00  -9.644916e-04   9.223823e-04;
   1.214059e-03   9.979988e-01  -1.513322e-03;
  -8.406656e-03   5.225315e-03   1.014543e+00]
F=[ ...        
   9.848723e-01  -2.574280e-04   8.964857e-04;
   1.361423e-03   9.980258e-01  -1.566191e-03;
  -3.872354e-03   5.104855e-03   1.014952e+00]
R=[ ...        
   9.999968e-01  -8.120877e-04   2.387597e-03;
   8.199959e-04   9.999942e-01  -3.313068e-03;
  -2.384893e-03   3.315015e-03   9.999917e-01]
U=[ ...        
   9.848795e-01   5.487754e-04  -1.525353e-03;
   5.487754e-04   9.980371e-01   1.797671e-03;
  -1.525353e-03   1.797671e-03   1.014951e+00]
l=[ ...        
   1.850527e-03  -4.190811e-03   4.482653e-04;
   2.201660e-03  -8.800517e-03  -1.669265e-03;
  -3.153303e-02   2.123434e-02   5.809925e-02]
d=[ ...        
   1.850527e-03  -9.945754e-04  -1.554238e-02;
  -9.945754e-04  -8.800517e-03   9.782539e-03;
  -1.554238e-02   9.782539e-03   5.809925e-02]
     iteration=         500000       process=              5       (i,j,k)=              1              0              1       (x,y,z)=   1.500000e-02   5.000000e-03   1.507462e-02     particles=             39
fabric=[ ...   
   4.170032e-01   1.241219e-01   5.005974e-02;
   1.241219e-01   2.141537e-01   7.836069e-02;
   5.005974e-02   7.836069e-02   1.188431e-01]
sigma=[ ...    
  -4.179992e-04  -4.355556e-04  -1.537954e-04;
  -1.829724e-04  -1.589370e-04  -1.229386e-04;
   4.107740e-05  -3.619730e-04  -1.750259e-04]
sigmaDot=[ ... 
  -4.189709e+01  -5.244018e+01   4.666936e+02;
   7.467433e+01  -8.209874e+00  -9.809405e+00;
  -2.266225e+01   2.211129e+02  -2.897437e+01]
intgraE=[ ...  
  -1.444463e-04  -2.244629e-03  -5.605477e-03;
  -2.244629e-03   1.004996e-03   6.151038e-03;
  -5.605477e-03   6.151038e-03   8.022967e-03]
E=[ ...        
   9.639743e-05  -2.255700e-03  -5.104495e-03;
  -2.255700e-03   1.314198e-03   6.384579e-03;
  -5.104495e-03   6.384579e-03   9.383296e-03]
e=[ ...        
  -1.180653e-04  -2.076320e-03  -4.841506e-03;
  -2.076320e-03   1.191275e-03   6.245565e-03;
  -4.841506e-03   6.245565e-03   9.266459e-03]
intgraF=[ ...  
   9.996368e-01  -5.967265e-04   9.553200e-03;
  -3.697813e-03   1.000961e+00   2.934654e-03;
  -2.058634e-02   9.296473e-03   1.007941e+00]
F=[ ...        
   9.998877e-01  -6.780675e-04   1.009444e-02;
  -3.641982e-03   1.001270e+00   3.393397e-03;
  -2.010331e-02   9.292033e-03   1.009283e+00]
R=[ ...        
   9.998861e-01   1.462562e-03   1.501838e-02;
  -1.418686e-03   9.999947e-01  -2.931760e-03;
  -1.502259e-02   2.910120e-03   9.998829e-01]
U=[ ...        
   1.000081e+00  -2.238068e-03  -5.073579e-03;
  -2.238068e-03   1.001291e+00   6.345278e-03;
  -5.073579e-03   6.345278e-03   1.009307e+00]
l=[ ...        
  -2.736701e-03  -2.920009e-03   2.888677e-02;
  -1.139539e-02   3.799182e-03   1.269983e-02;
  -7.835016e-02   3.791906e-02   3.914958e-02]
d=[ ...        
  -2.736701e-03  -7.157701e-03  -2.473169e-02;
  -7.157701e-03   3.799182e-03   2.530944e-02;
  -2.473169e-02   2.530944e-02   3.914958e-02]
     iteration=         500000       process=              6       (i,j,k)=              1              1              0       (x,y,z)=   1.500000e-02   1.500000e-02   5.024874e-03     particles=             65
fabric=[ ...   
   2.096492e-01  -1.228809e-02   4.171156e-02;
  -1.228809e-02   1.028660e-01   2.773013e-02;
   4.171156e-02   2.773013e-02   2.430403e-01]
sigma=[ ...    
  -1.289596e-04  -1.086550e-04  -4.420280e-05;
   4.145956e-07   1.534173e-05   1.724457e-05;
   2.583477e-05   2.578228e-05   2.649408e-05]
sigmaDot=[ ... 
   1.623635e-01   2.228924e-02   8.382611e-02;
   1.705009e-01  -1.196026e-01   4.519765e-02;
   3.915689e-02   1.597042e-01  -4.462559e-02]
intgraE=[ ...  
  -7.314256e-04   1.620402e-03  -1.322115e-03;
   1.620402e-03   9.267485e-04  -3.617146e-03;
  -1.322115e-03  -3.617146e-03   1.388195e-02]
E=[ ...        
  -3.952051e-04   1.934979e-03  -1.029142e-03;
   1.934979e-03   8.658240e-04  -3.765877e-03;
  -1.029142e-03  -3.765877e-03   1.465184e-02]
e=[ ...        
  -4.079724e-04   1.918579e-03  -9.718375e-04;
   1.918579e-03   8.123843e-04  -3.619099e-03;
  -9.718375e-04  -3.619099e-03   1.422607e-02]
intgraF=[ ...  
   9.992624e-01   1.622822e-03   4.260583e-04;
   1.599513e-03   1.000907e+00  -1.131849e-03;
  -3.026441e-03  -6.019127e-03   1.013786e+00]
F=[ ...        
   9.995999e-01   1.815264e-03   2.965709e-04;
   2.039444e-03   1.000845e+00  -1.293931e-03;
  -2.318375e-03  -6.147847e-03   1.014545e+00]
R=[ ...        
   9.999992e-01  -1.124304e-04   1.295644e-03;
   1.093111e-04   9.999971e-01   2.407304e-03;
  -1.295911e-03  -2.407161e-03   9.999963e-01]
U=[ ...        
   9.996023e-01   1.932633e-03  -1.018331e-03;
   1.932633e-03   1.000857e+00  -3.736134e-03;
  -1.018331e-03  -3.736134e-03   1.014539e+00]
l=[ ...        
  -4.386154e-03   8.008512e-03   2.965729e-04;
   7.022529e-03   2.036268e-03  -3.490448e-03;
  -1.009010e-02  -2.152278e-02   5.351022e-02]
d=[ ...        
  -4.386154e-03   7.515521e-03  -4.896761e-03;
   7.515521e-03   2.036268e-03  -1.250661e-02;
  -4.896761e-03  -1.250661e-02   5.351022e-02]
     iteration=         500000       process=              7       (i,j,k)=              1              1              1       (x,y,z)=   1.500000e-02   1.500000e-02   1.507462e-02     particles=             46
fabric=[ ...   
   1.556789e-01   2.136217e-02  -6.551645e-02;
   2.136217e-02   1.004240e-01   4.020137e-02;
  -6.551645e-02   4.020137e-02   1.285125e-01]
sigma=[ ...    
   4.686157e-05   2.809529e-05  -1.956082e-04;
   3.488236e-05   6.413792e-05   2.172351e-05;
   3.511854e-05  -2.354569e-04  -2.170058e-04]
sigmaDot=[ ... 
  -1.715432e+01   7.919986e+01  -4.564305e+02;
  -8.980342e+01   6.928769e+00  -8.570280e+00;
   9.282815e+00  -9.262788e+01   2.639472e+01]
intgraE=[ ...  
  -8.943210e-04   1.384018e-03  -3.868629e-03;
   1.384018e-03  -2.813481e-03   1.058427e-03;
  -3.868629e-03   1.058427e-03   1.304919e-02]
E=[ ...        
   2.675211e-05   1.420937e-03  -3.463744e-03;
   1.420937e-03  -1.839907e-03   9.534485e-04;
  -3.463744e-03   9.534485e-04   1.292833e-02]
e=[ ...        
  -4.011479e-05   1.419863e-03  -3.311653e-03;
   1.419863e-03  -1.842336e-03   1.013668e-03;
  -3.311653e-03   1.013668e-03   1.260703e-02]
intgraF=[ ...  
   9.990546e-01   1.605200e-03   2.385363e-03;
   1.121901e-03   9.971708e-01   6.754432e-03;
  -9.998564e-03  -4.563250e-03   1.012940e+00]
F=[ ...        
   9.999818e-01   1.573131e-03   2.589712e-03;
   1.228491e-03   9.981469e-01   6.498105e-03;
  -9.404554e-03  -4.525219e-03   1.012822e+00]
R=[ ...        
   9.999823e-01   1.438884e-04   5.955338e-03;
  -1.765039e-04   9.999850e-01   5.476523e-03;
  -5.954461e-03  -5.477477e-03   9.999673e-01]
U=[ ...        
   1.000020e+00   1.423871e-03  -3.442288e-03;
   1.423871e-03   9.981569e-01   9.506722e-04;
  -3.442288e-03   9.506722e-04   1.012840e+00]
l=[ ...        
  -4.830849e-03   2.265042e-03   6.463008e-04;
   3.306489e-03  -1.175393e-02   3.312926e-02;
  -3.908978e-02  -1.538114e-02   5.119933e-02]
d=[ ...        
  -4.830849e-03   2.785766e-03  -1.922174e-02;
   2.785766e-03  -1.175393e-02   8.874063e-03;
  -1.922174e-02   8.874063e-03   5.119933e-02]
