     iteration=        1100000       process=              0       (i,j,k)=              0              0              0       (x,y,z)=   5.000000e-03   5.000000e-03   5.067652e-03     particles=             77
fabric=[ ...   
   3.077921e-01  -3.938943e-02   5.787768e-02;
  -3.938943e-02   2.542799e-01   1.667010e-02;
   5.787768e-02   1.667010e-02   2.527429e-01]
sigma=[ ...    
  -4.746554e-01   3.272701e-01  -2.203611e-01;
   2.865533e-01  -2.456602e-01  -1.191535e-01;
  -1.800102e-01   1.952428e-01  -2.131932e-01]
sigmaDot=[ ... 
  -2.202564e+04   2.090471e+03  -1.747725e+03;
  -3.149494e+04   6.098556e+03   4.683013e+03;
  -1.581348e+04  -3.224295e+04  -1.279001e+04]
intgraE=[ ...  
   1.067233e-03  -4.315282e-03   9.331086e-03;
  -4.315282e-03  -2.377153e-04   9.983623e-03;
   9.331086e-03   9.983623e-03   3.267917e-02]
E=[ ...        
   3.170008e-03  -2.194732e-03   8.940631e-03;
  -2.194732e-03   4.391243e-03   1.051316e-02;
   8.940631e-03   1.051316e-02   3.203891e-02]
e=[ ...        
   3.001188e-03  -2.341781e-03   8.446110e-03;
  -2.341781e-03   4.104884e-03   9.766779e-03;
   8.446110e-03   9.766779e-03   2.979637e-02]
intgraF=[ ...  
   1.001020e+00  -2.981408e-03   1.060489e-02;
  -5.755802e-03   9.996631e-01   5.796026e-03;
   7.828605e-03   1.376312e-02   1.032091e+00]
F=[ ...        
   1.003127e+00  -1.081408e-04   1.006867e-02;
  -4.357176e-03   1.004303e+00   8.069503e-03;
   7.577865e-03   1.252901e-02   1.031461e+00]
R=[ ...        
   9.999971e-01   2.102167e-03   1.208906e-03;
  -2.099526e-03   9.999954e-01  -2.181410e-03;
  -1.213487e-03   2.178866e-03   9.999969e-01]
U=[ ...        
   1.003124e+00  -2.231906e-03   8.800033e-03;
  -2.231906e-03   1.004326e+00   1.033805e-02;
   8.800033e-03   1.033805e-02   1.031452e+00]
l=[ ...        
  -9.235737e-02  -2.519312e-01   4.114051e-02;
  -9.452840e-02  -2.202686e-01  -4.339950e-02;
   4.119472e-02   4.162335e-02   1.167764e-01]
d=[ ...        
  -9.235737e-02  -1.732298e-01   4.116762e-02;
  -1.732298e-01  -2.202686e-01  -8.880714e-04;
   4.116762e-02  -8.880714e-04   1.167764e-01]
     iteration=        1100000       process=              1       (i,j,k)=              0              0              1       (x,y,z)=   5.000000e-03   5.000000e-03   1.520295e-02     particles=             46
fabric=[ ...   
   1.719381e-01   3.315787e-02   5.913114e-02;
   3.315787e-02   3.306457e-01   6.721709e-02;
   5.913114e-02   6.721709e-02   5.297177e-02]
sigma=[ ...    
  -5.600812e-02  -2.254433e-02   4.842293e-03;
  -4.442033e-02  -9.232747e-02  -1.642613e-02;
  -1.874574e-02   4.287706e-03   2.248350e-04]
sigmaDot=[ ... 
  -4.039116e+02   1.196829e+02  -5.887045e+02;
   5.704984e+01   9.040268e+02   1.139588e+02;
  -7.763829e+01  -1.823175e+02  -2.898413e+01]
intgraE=[ ...  
   5.764352e-03  -3.565072e-03   1.661198e-02;
  -3.565072e-03   7.919100e-03   2.981556e-03;
   1.661198e-02   2.981556e-03   1.073531e-02]
E=[ ...        
   8.604217e-03   1.587765e-03   1.445571e-02;
   1.587765e-03   3.070605e-03   5.418249e-03;
   1.445571e-02   5.418249e-03   2.599697e-02]
e=[ ...        
   7.421027e-03   1.100277e-03   1.310695e-02;
   1.100277e-03   2.853177e-03   4.810633e-03;
   1.310695e-02   4.810633e-03   2.507752e-02]
intgraF=[ ...  
   1.005196e+00  -3.055307e-03  -1.852820e-04;
  -4.753055e-03   1.007640e+00  -1.629018e-02;
   3.298488e-02   2.214363e-02   1.010547e+00]
F=[ ...        
   1.007821e+00   4.564748e-04  -1.073519e-02;
   1.946535e-03   1.002872e+00  -9.331048e-03;
   3.875773e-02   1.969565e-02   1.025569e+00]
R=[ ...        
   9.997039e-01  -9.515591e-04  -2.431443e-02;
   6.038328e-04   9.998975e-01  -1.430458e-02;
   2.432555e-02   1.428566e-02   9.996020e-01]
U=[ ...        
   1.008466e+00   1.541014e-03   1.420988e-02;
   1.541014e-03   1.003051e+00   5.331050e-03;
   1.420988e-02   5.331050e-03   1.025555e+00]
l=[ ...        
   3.344906e-03  -4.084336e-02   7.252169e-02;
  -4.777574e-02  -7.940029e-02   1.006134e-01;
   1.019736e-01   7.192301e-02  -6.062303e-02]
d=[ ...        
   3.344906e-03  -4.430955e-02   8.724764e-02;
  -4.430955e-02  -7.940029e-02   8.626820e-02;
   8.724764e-02   8.626820e-02  -6.062303e-02]
     iteration=        1100000       process=              2       (i,j,k)=              0              1              0       (x,y,z)=   5.000000e-03   1.500000e-02   5.067652e-03     particles=             79
fabric=[ ...   
   4.244894e-01   1.946376e-02   3.285513e-02;
   1.946376e-02   3.319585e-01   9.541548e-02;
   3.285513e-02   9.541548e-02   2.141404e-01]
sigma=[ ...    
  -1.896394e+00  -5.004629e-02  -1.431178e-01;
  -3.346726e-01  -2.340320e+00  -2.846028e-01;
   1.578776e-01  -7.674931e-01  -9.122230e-01]
sigmaDot=[ ... 
   4.471776e+04   5.333737e+03   5.412322e+04;
  -7.360448e+05   8.781931e+04   9.901873e+03;
   2.856482e+04  -1.434209e+05  -4.158921e+04]
intgraE=[ ...  
  -3.273417e-03  -4.220335e-03   1.012305e-02;
  -4.220335e-03   5.021477e-03  -7.290679e-03;
   1.012305e-02  -7.290679e-03   2.286869e-02]
E=[ ...        
   6.792412e-04  -3.056667e-03   1.082919e-02;
  -3.056667e-03   5.966399e-03  -5.963029e-03;
   1.082919e-02  -5.963029e-03   2.540902e-02]
e=[ ...        
   3.923530e-04  -2.826045e-03   1.022672e-02;
  -2.826045e-03   5.754544e-03  -5.458680e-03;
   1.022672e-02  -5.458680e-03   2.401060e-02]
intgraF=[ ...  
   9.966257e-01  -2.647015e-03   7.370244e-03;
  -5.585975e-03   1.004894e+00   7.712630e-04;
   1.262000e-02  -1.499814e-02   1.022586e+00]
F=[ ...        
   1.000591e+00  -2.558380e-03   8.491249e-03;
  -3.386575e-03   1.005880e+00  -1.712760e-04;
   1.283977e-02  -1.144525e-02   1.025059e+00]
R=[ ...        
   9.999976e-01   4.420009e-04  -2.136086e-03;
  -4.301384e-04   9.999845e-01   5.550640e-03;
   2.138507e-03  -5.549708e-03   9.999823e-01]
U=[ ...        
   1.000617e+00  -3.015517e-03   1.068340e-02;
  -3.015517e-03   1.005927e+00  -5.856298e-03;
   1.068340e-02  -5.856298e-03   1.025022e+00]
l=[ ...        
  -2.404532e-01  -6.694508e-02   8.298515e-02;
  -2.094483e-01   1.059841e-01  -2.041990e-02;
   1.301148e-01  -2.167850e-02   1.267803e-01]
d=[ ...        
  -2.404532e-01  -1.381967e-01   1.065500e-01;
  -1.381967e-01   1.059841e-01  -2.104920e-02;
   1.065500e-01  -2.104920e-02   1.267803e-01]
     iteration=        1100000       process=              3       (i,j,k)=              0              1              1       (x,y,z)=   5.000000e-03   1.500000e-02   1.520295e-02     particles=             40
fabric=[ ...   
   4.973417e-01   1.425675e-02   1.060455e-02;
   1.425675e-02   2.988717e-01   5.712584e-03;
   1.060455e-02   5.712584e-03   1.449631e-01]
sigma=[ ...    
  -6.750659e-01  -8.653309e-01   4.546693e-01;
  -1.005628e+00  -1.592526e+00   7.617823e-01;
   3.391550e-01   7.806287e-01  -8.279923e-01]
sigmaDot=[ ... 
   2.844027e+04   1.836645e+04  -1.741505e+05;
   7.280264e+04   1.989020e+04   4.531808e+04;
   2.501045e+04  -1.639966e+05  -8.499965e+04]
intgraE=[ ...  
   3.124602e-04   4.343613e-04   1.276952e-02;
   4.343613e-04  -2.423376e-03  -1.834306e-02;
   1.276952e-02  -1.834306e-02   3.450963e-02]
E=[ ...        
   4.152416e-03   2.195912e-03   9.706026e-03;
   2.195912e-03   1.964777e-03  -1.672879e-02;
   9.706026e-03  -1.672879e-02   3.657277e-02]
e=[ ...        
   3.545315e-03   3.023348e-03   8.419669e-03;
   3.023348e-03   6.716252e-04  -1.464157e-02;
   8.419669e-03  -1.464157e-02   3.457327e-02]
intgraF=[ ...  
   9.997549e-01  -5.323569e-03  -8.137282e-03;
   7.610158e-03   9.966383e-01   7.607800e-03;
   3.251502e-02  -4.285983e-02   1.033874e+00]
F=[ ...        
   1.003661e+00  -1.675622e-03  -1.195842e-02;
   7.344390e-03   1.001070e+00   1.028717e-02;
   3.025534e-02  -4.226250e-02   1.035807e+00]
R=[ ...        
   9.997742e-01  -4.276873e-03  -2.081694e-02;
   4.812446e-03   9.996569e-01   2.574603e-02;
   2.069969e-02  -2.584039e-02   9.994517e-01]
U=[ ...        
   1.004096e+00   2.267530e-03   9.534680e-03;
   2.267530e-03   1.001826e+00  -1.643088e-02;
   9.534680e-03  -1.643088e-02   1.035753e+00]
l=[ ...        
  -2.027181e-01  -1.231914e-01   1.656376e-01;
   2.539944e-02   1.469764e-01   3.734745e-02;
   1.285951e-01  -1.249675e-01   2.911663e-02]
d=[ ...        
  -2.027181e-01  -4.889596e-02   1.471164e-01;
  -4.889596e-02   1.469764e-01  -4.381004e-02;
   1.471164e-01  -4.381004e-02   2.911663e-02]
     iteration=        1100000       process=              4       (i,j,k)=              1              0              0       (x,y,z)=   1.500000e-02   5.000000e-03   5.067652e-03     particles=             73
fabric=[ ...   
   2.877937e-01   3.283234e-02   1.930890e-02;
   3.283234e-02   4.654109e-01  -1.529037e-02;
   1.930890e-02  -1.529037e-02   2.467955e-01]
sigma=[ ...    
  -2.194888e+00  -6.271405e-01   1.401775e+00;
  -4.724803e+00  -2.376933e+00   5.234878e+00;
   2.899680e+00   6.239303e+00  -3.624129e+00]
sigmaDot=[ ... 
   9.316829e+04  -2.974460e+04  -5.493337e+05;
   1.966655e+05   4.227950e+04  -1.727652e+05;
  -1.049436e+05   3.989370e+05   6.713491e+04]
intgraE=[ ...  
   1.531136e-03  -1.733536e-03  -8.294310e-03;
  -1.733536e-03  -1.194682e-02   4.383396e-03;
  -8.294310e-03   4.383396e-03   3.322202e-02]
E=[ ...        
  -6.016056e-02   3.606288e-04  -9.651369e-04;
   3.606288e-04  -7.521856e-03   7.094472e-03;
  -9.651369e-04   7.094472e-03   3.358870e-02]
e=[ ...        
  -6.839499e-02   3.320806e-04  -9.570754e-04;
   3.320806e-04  -7.852144e-03   6.393318e-03;
  -9.570754e-04   6.393318e-03   3.150367e-02]
intgraF=[ ...  
   1.001381e+00  -8.815261e-03   2.662916e-04;
   5.676522e-03   9.878251e-01  -6.982662e-03;
  -1.628375e-02   1.517123e-02   1.032664e+00]
F=[ ...        
   9.379078e-01  -1.474845e-03  -9.920687e-05;
   2.149429e-03   9.923194e-01  -2.367780e-03;
  -1.773540e-03   1.600944e-02   1.033040e+00]
R=[ ...        
   9.999979e-01  -1.872297e-03   8.660254e-04;
   1.880077e-03   9.999571e-01  -9.071637e-03;
  -8.490035e-04   9.073246e-03   9.999585e-01]
U=[ ...        
   9.379114e-01   3.772027e-04  -9.807129e-04;
   3.772027e-04   9.924248e-01   7.005534e-03;
  -9.807129e-04   7.005534e-03   1.033019e+00]
l=[ ...        
   5.762531e-02  -2.694632e-01  -4.052880e-02;
   1.547525e-01  -3.187617e-01  -1.997371e-01;
   3.051280e-02   1.640401e-01   9.917560e-02]
d=[ ...        
   5.762531e-02  -5.735533e-02  -5.008000e-03;
  -5.735533e-02  -3.187617e-01  -1.784849e-02;
  -5.008000e-03  -1.784849e-02   9.917560e-02]
     iteration=        1100000       process=              5       (i,j,k)=              1              0              1       (x,y,z)=   1.500000e-02   5.000000e-03   1.520295e-02     particles=             40
fabric=[ ...   
   3.641234e-01   1.487557e-01  -3.019163e-02;
   1.487557e-01   2.806324e-01  -9.571736e-02;
  -3.019163e-02  -9.571736e-02   1.885775e-01]
sigma=[ ...    
  -4.682330e-01  -2.439044e+00   4.657897e+00;
   9.846592e-01  -6.001772e+00   7.521461e+00;
   3.957848e-01   9.564320e+00  -6.126601e+00]
sigmaDot=[ ... 
  -2.411128e+03   5.665904e+04  -1.949471e+05;
   2.761771e+05   2.003709e+05  -1.662083e+05;
  -6.821443e+04  -5.474275e+05   1.298755e+05]
intgraE=[ ...  
  -1.397784e-04  -5.155649e-03  -1.287885e-02;
  -5.155649e-03  -1.534908e-03   1.581531e-02;
  -1.287885e-02   1.581531e-02   2.276206e-02]
E=[ ...        
   9.346608e-04  -4.247930e-03  -1.501384e-02;
  -4.247930e-03   9.326400e-04   1.794687e-02;
  -1.501384e-02   1.794687e-02   2.542398e-02]
e=[ ...        
  -2.962421e-04  -3.208054e-03  -1.347197e-02;
  -3.208054e-03   1.712153e-04   1.699699e-02;
  -1.347197e-02   1.699699e-02   2.410410e-02]
intgraF=[ ...  
   9.988635e-01  -9.549228e-04   1.915222e-02;
  -8.374650e-03   9.982040e-01   8.395517e-03;
  -4.384043e-02   2.276101e-02   1.022295e+00]
F=[ ...        
   1.000024e+00  -1.001241e-03   1.329018e-02;
  -6.569203e-03   1.000694e+00   1.352104e-02;
  -4.217771e-02   2.183227e-02   1.024933e+00]
R=[ ...        
   9.996226e-01   2.625314e-03   2.734630e-02;
  -2.514008e-03   9.999884e-01  -4.103827e-03;
  -2.735676e-02   4.033529e-03   9.996176e-01]
U=[ ...        
   1.000817e+00  -4.113876e-03  -1.478768e-02;
  -4.113876e-03   1.000767e+00   1.768987e-02;
  -1.478768e-02   1.768987e-02   1.024849e+00]
l=[ ...        
   2.501985e-02  -2.520373e-02   1.023937e-01;
  -7.161144e-02  -1.198463e-01   2.960403e-02;
  -5.027929e-02   1.209741e-01   8.139514e-02]
d=[ ...        
   2.501985e-02  -4.840759e-02   2.605721e-02;
  -4.840759e-02  -1.198463e-01   7.528907e-02;
   2.605721e-02   7.528907e-02   8.139514e-02]
     iteration=        1100000       process=              6       (i,j,k)=              1              1              0       (x,y,z)=   1.500000e-02   1.500000e-02   5.067652e-03     particles=             62
fabric=[ ...   
   3.132519e-01   7.524298e-04   2.699778e-02;
   7.524298e-04   4.001623e-01   8.147925e-02;
   2.699778e-02   8.147925e-02   2.865858e-01]
sigma=[ ...    
  -3.863302e-02  -2.532396e-02  -1.501520e-01;
   1.198091e-01  -1.631933e-01  -7.834603e-02;
  -1.239570e-01  -9.399458e-02   1.415542e-01]
sigmaDot=[ ... 
   1.672985e+04  -2.849137e+02   3.991539e+04;
   2.211614e+05   3.071561e+03   1.076984e+04;
   1.139843e+04  -1.848798e+05   2.315315e+04]
intgraE=[ ...  
   1.256384e-03  -4.820543e-03  -6.637842e-03;
  -4.820543e-03   2.778105e-02  -9.183950e-03;
  -6.637842e-03  -9.183950e-03   3.724172e-02]
E=[ ...        
   1.763950e-01  -4.130500e-01   4.758745e-01;
  -4.130500e-01   1.109279e+00  -1.359530e+00;
   4.758745e-01  -1.359530e+00   1.510277e+00]
e=[ ...        
   3.851690e-02  -5.921701e-02   4.295074e-02;
  -5.921701e-02   1.877847e-01  -2.415916e-01;
   4.295074e-02  -2.415916e-01   1.502711e-01]
intgraF=[ ...  
   1.001146e+00   4.535343e-04  -1.930316e-03;
  -9.963667e-03   1.027326e+00  -4.953410e-03;
  -1.099070e-02  -1.280994e-02   1.036559e+00]
F=[ ...        
   1.089342e+00  -1.050072e-01   2.158261e-01;
  -3.432257e-01   1.685100e+00  -9.740148e-01;
   2.198166e-01  -6.066037e-01   1.739330e+00]
R=[ ...        
   9.966212e-01   8.162855e-02   9.112296e-03;
  -8.029807e-02   9.916460e-01  -1.009481e-01;
  -1.727642e-02   9.987529e-02   9.948500e-01]
U=[ ...        
   1.109424e+00  -2.294827e-01   2.632589e-01;
  -2.294827e-01   1.601866e+00  -7.745441e-01;
   2.632589e-01  -7.745441e-01   1.830664e+00]
l=[ ...        
   1.435776e-01  -1.122612e-01  -1.133442e-01;
  -5.513713e-01   1.042043e+00  -1.253894e-01;
  -1.884996e-01  -5.515007e-02   3.755504e-01]
d=[ ...        
   1.435776e-01  -3.318162e-01  -1.509219e-01;
  -3.318162e-01   1.042043e+00  -9.026974e-02;
  -1.509219e-01  -9.026974e-02   3.755504e-01]
     iteration=        1100000       process=              7       (i,j,k)=              1              1              1       (x,y,z)=   1.500000e-02   1.500000e-02   1.520295e-02     particles=             48
fabric=[ ...   
   4.240160e-01   4.101730e-02   9.113452e-02;
   4.101730e-02   2.174470e-01  -6.009801e-02;
   9.113452e-02  -6.009801e-02   1.918704e-01]
sigma=[ ...    
  -1.019309e-02  -6.432361e-02  -3.234454e-02;
   1.751096e-02  -2.289112e-01   3.612991e-01;
   2.902436e-02   3.407384e-01  -3.933322e-01]
sigmaDot=[ ... 
   1.974045e+04   4.321296e+04  -4.456471e+05;
   2.074426e+05   8.471676e+04   4.543235e+04;
   4.771040e+04   5.944691e+05  -3.920497e+04]
intgraE=[ ...  
   1.336040e-03  -6.520527e-04   5.614373e-03;
  -6.520527e-04  -4.273944e-03   1.599874e-02;
   5.614373e-03   1.599874e-02   2.694577e-02]
E=[ ...        
   3.477159e-03   2.587314e-04   4.401114e-03;
   2.587314e-04  -2.282279e-03   9.724754e-03;
   4.401114e-03   9.724754e-03   2.067465e-02]
e=[ ...        
   3.507544e-03   3.139362e-04   4.353337e-03;
   3.139362e-04  -2.347516e-03   9.534574e-03;
   4.353337e-03   9.534574e-03   1.942320e-02]
intgraF=[ ...  
   1.001328e+00  -3.586132e-03   1.413427e-02;
   2.333043e-03   9.956324e-01   1.934020e-02;
  -2.893287e-03   1.246447e-02   1.026313e+00]
F=[ ...        
   1.003449e+00  -9.307479e-04   1.528439e-02;
   1.473361e-03   9.977105e-01   1.655546e-02;
  -6.429298e-03   2.887797e-03   1.020216e+00]
R=[ ...        
   9.999416e-01  -1.274757e-03   1.072986e-02;
   1.202101e-03   9.999763e-01   6.775057e-03;
  -1.073824e-02  -6.761763e-03   9.999195e-01]
U=[ ...        
   1.003462e+00   2.376456e-04   4.348070e-03;
   2.376456e-04   9.976685e-01   9.637123e-03;
   4.348070e-03   9.637123e-03   1.020410e+00]
l=[ ...        
   1.366566e-01  -2.222720e-01   4.202292e-01;
   4.204339e-02   5.309624e-02   1.467452e-01;
   7.141797e-01   8.463678e-01  -1.877415e-02]
d=[ ...        
   1.366566e-01  -9.011430e-02   5.672044e-01;
  -9.011430e-02   5.309624e-02   4.965565e-01;
   5.672044e-01   4.965565e-01  -1.877415e-02]
