     iteration=         250000       process=              0       (i,j,k)=              0              0              0       (x,y,z)=   5.000000e-03   5.000000e-03   5.006393e-03     particles=             78
fabric=[ ...   
   3.293482e-01   1.441369e-02   5.630303e-02;
   1.441369e-02   1.981700e-01   4.751464e-02;
   5.630303e-02   4.751464e-02   1.681340e-01]
sigma=[ ...    
  -1.380347e-03  -2.278276e-03  -3.916752e-04;
  -5.336599e-03  -1.309811e-02   5.341801e-05;
   3.440007e-04  -4.139300e-05   1.008908e-04]
sigmaDot=[ ... 
   1.957959e+01   5.642629e+01   3.909481e+01;
   2.729531e+02   4.718622e+02  -2.110291e+01;
   5.754038e-01   1.021554e+02  -1.075386e+01]
intgraE=[ ...  
   1.267827e-03   2.058616e-04   2.042060e-03;
   2.058616e-04   1.481964e-03   2.712350e-03;
   2.042060e-03   2.712350e-03   7.168752e-03]
E=[ ...        
   1.320090e-03   2.386341e-04   2.019706e-03;
   2.386341e-04   1.603764e-03   2.897838e-03;
   2.019706e-03   2.897838e-03   7.579440e-03]
e=[ ...        
   1.311860e-03   2.263689e-04   1.990613e-03;
   2.263689e-04   1.576603e-03   2.837242e-03;
   1.990613e-03   2.837242e-03   7.444277e-03]
intgraF=[ ...  
   1.001266e+00   1.281186e-03   2.867355e-03;
  -8.740681e-04   1.001474e+00   1.851229e-03;
   1.206144e-03   3.541790e-03   1.007137e+00]
F=[ ...        
   1.001318e+00   1.266794e-03   2.742894e-03;
  -7.947718e-04   1.001595e+00   1.990468e-03;
   1.284791e-03   3.770114e-03   1.007545e+00]
R=[ ...        
   9.999992e-01   1.027672e-03   7.240106e-04;
  -1.027031e-03   9.999991e-01  -8.852012e-04;
  -7.249196e-04   8.844570e-04   9.999993e-01]
U=[ ...        
   1.001317e+00   2.353915e-04   2.010459e-03;
   2.353915e-04   1.001598e+00   2.884416e-03;
   2.010459e-03   2.884416e-03   1.007545e+00]
l=[ ...        
   9.701858e-03   1.002878e-02   2.230602e-02;
  -5.755005e-03   1.183972e-02   1.430506e-02;
   9.776441e-03   2.746626e-02   5.626875e-02]
d=[ ...        
   9.701858e-03   2.136887e-03   1.604123e-02;
   2.136887e-03   1.183972e-02   2.088566e-02;
   1.604123e-02   2.088566e-02   5.626875e-02]
     iteration=         250000       process=              1       (i,j,k)=              0              0              1       (x,y,z)=   5.000000e-03   5.000000e-03   1.501918e-02     particles=             46
fabric=[ ...   
   1.714228e-01   1.204096e-02   4.700323e-02;
   1.204096e-02   1.700104e-01   1.257706e-02;
   4.700323e-02   1.257706e-02   2.220318e-02]
sigma=[ ...    
   1.378865e-04  -4.197080e-06   1.216119e-05;
   2.001709e-05   1.192264e-04   1.652224e-04;
  -1.728365e-04   5.588069e-06   1.824323e-04]
sigmaDot=[ ... 
   2.445372e-02   1.530531e-02  -6.456442e-02;
   1.154798e-01   4.295781e-02   2.490794e-02;
  -4.601910e-02   8.662623e-02  -6.448067e-03]
intgraE=[ ...  
   1.133183e-03  -6.501475e-04   3.189716e-03;
  -6.501475e-04   2.636826e-03   2.703619e-04;
   3.189716e-03   2.703619e-04   5.350366e-04]
E=[ ...        
   1.480272e-03  -4.370004e-04   3.252997e-03;
  -4.370004e-04   2.694246e-03   4.254829e-04;
   3.252997e-03   4.254829e-04   6.842932e-04]
e=[ ...        
   1.429545e-03  -4.519982e-04   3.240388e-03;
  -4.519982e-04   2.674980e-03   4.339096e-04;
   3.240388e-03   4.339096e-04   6.909998e-04]
intgraF=[ ...  
   1.001108e+00  -1.262051e-03  -6.105860e-04;
  -6.895154e-05   1.002622e+00  -4.073006e-03;
   6.986735e-03   4.621205e-03   1.000526e+00]
F=[ ...        
   1.001453e+00  -1.032103e-03  -6.846799e-04;
   1.263066e-04   1.002680e+00  -3.728350e-03;
   7.187276e-03   4.585496e-03   1.000677e+00]
R=[ ...        
   9.999921e-01  -5.920586e-04  -3.931327e-03;
   5.757317e-04   9.999912e-01  -4.152874e-03;
   3.933751e-03   4.150578e-03   9.999836e-01]
U=[ ...        
   1.001474e+00  -4.367823e-04   3.249593e-03;
  -4.367823e-04   1.002690e+00   4.254758e-04;
   3.249593e-03   4.254758e-04   1.000679e+00]
l=[ ...        
   1.138010e-02  -4.944696e-03  -6.037881e-03;
  -7.399481e-03   2.315333e-02  -4.098887e-02;
   5.409033e-02   3.591569e-02   1.978415e-02]
d=[ ...        
   1.138010e-02  -6.172088e-03   2.402622e-02;
  -6.172088e-03   2.315333e-02  -2.536588e-03;
   2.402622e-02  -2.536588e-03   1.978415e-02]
     iteration=         250000       process=              2       (i,j,k)=              0              1              0       (x,y,z)=   5.000000e-03   1.500000e-02   5.006393e-03     particles=             81
fabric=[ ...   
   2.691354e-01   5.213282e-02  -7.132642e-03;
   5.213282e-02   1.794163e-01   1.548995e-02;
  -7.132642e-03   1.548995e-02   2.471005e-01]
sigma=[ ...    
  -7.937661e-04  -2.136011e-04   9.061913e-05;
  -1.504776e-04  -1.325318e-05  -8.017952e-05;
  -2.919708e-04  -1.661461e-05  -1.852603e-04]
sigmaDot=[ ... 
   1.042995e+01   3.546205e+00  -1.773712e+00;
   1.721096e+00   2.166133e-01   1.544714e+00;
  -5.468743e-02   5.958186e-01   4.354264e+00]
intgraE=[ ...  
   5.430608e-04  -9.254201e-05   1.692892e-03;
  -9.254201e-05   4.765796e-04  -1.353844e-03;
   1.692892e-03  -1.353844e-03   5.013232e-03]
E=[ ...        
   6.435325e-04   2.206603e-05   1.713038e-03;
   2.206603e-05   7.017431e-04  -1.076003e-03;
   1.713038e-03  -1.076003e-03   5.608345e-03]
e=[ ...        
   6.342170e-04   2.932302e-05   1.688125e-03;
   2.932302e-05   6.949176e-04  -1.054259e-03;
   1.688125e-03  -1.054259e-03   5.544396e-03]
intgraF=[ ...  
   1.000540e+00  -2.597958e-04   9.780538e-04;
   8.304867e-05   1.000471e+00   7.478513e-04;
   2.395164e-03  -3.438445e-03   1.005000e+00]
F=[ ...        
   1.000640e+00  -1.110641e-04   9.073147e-04;
   1.620597e-04   1.000698e+00   6.208122e-04;
   2.504077e-03  -2.757728e-03   1.005592e+00]
R=[ ...        
   9.999997e-01  -1.347900e-04  -7.961070e-04;
   1.361304e-04   9.999986e-01   1.683812e-03;
   7.958789e-04  -1.683920e-03   9.999983e-01]
U=[ ...        
   1.000642e+00   2.296651e-05   1.707729e-03;
   2.296651e-05   1.000701e+00  -1.072648e-03;
   1.707729e-03  -1.072648e-03   1.005591e+00]
l=[ ...        
   5.225408e-03  -1.735327e-03   9.624824e-03;
   1.156409e-03   2.971244e-03   7.422044e-03;
   1.813802e-02  -2.782149e-02   3.767842e-02]
d=[ ...        
   5.225408e-03  -2.894590e-04   1.388142e-02;
  -2.894590e-04   2.971244e-03  -1.019972e-02;
   1.388142e-02  -1.019972e-02   3.767842e-02]
     iteration=         250000       process=              3       (i,j,k)=              0              1              1       (x,y,z)=   5.000000e-03   1.500000e-02   1.501918e-02     particles=             37
fabric=[ ...   
   4.587386e-01   2.654231e-02   8.683448e-02;
   2.654231e-02   2.324447e-01  -1.834683e-02;
   8.683448e-02  -1.834683e-02   5.881678e-02]
sigma=[ ...    
   5.715206e-05   3.354931e-05  -7.732502e-06;
   1.396132e-05   1.024607e-04  -3.053058e-04;
  -6.004770e-05   1.026623e-05   1.363821e-04]
sigmaDot=[ ... 
  -1.096544e-03  -5.090215e-03  -2.774049e-03;
  -1.285381e-02  -2.003161e-03  -2.124116e-03;
  -8.483924e-03  -4.273929e-03   5.347368e-03]
intgraE=[ ...  
   9.732827e-04   6.400577e-04   2.341183e-03;
   6.400577e-04  -1.385759e-03  -3.072653e-03;
   2.341183e-03  -3.072653e-03   7.823250e-03]
E=[ ...        
   1.016812e-03   6.491738e-04   2.321893e-03;
   6.491738e-04  -1.318748e-03  -2.896317e-03;
   2.321893e-03  -2.896317e-03   8.237058e-03]
e=[ ...        
   9.825385e-04   6.901696e-04   2.247924e-03;
   6.901696e-04  -1.374285e-03  -2.798040e-03;
   2.247924e-03  -2.798040e-03   8.132172e-03]
intgraF=[ ...  
   1.000949e+00   4.170836e-04  -2.223101e-03;
   9.270126e-04   9.985708e-01   3.134581e-03;
   6.851329e-03  -9.202831e-03   1.007786e+00]
F=[ ...        
   1.000993e+00   4.299777e-04  -2.233441e-03;
   9.309137e-04   9.986393e-01   3.333920e-03;
   6.820443e-03  -9.046914e-03   1.008195e+00]
R=[ ...        
   9.999898e-01  -2.359601e-04  -4.509325e-03;
   2.637801e-04   9.999809e-01   6.169834e-03;
   4.507783e-03  -6.170960e-03   9.999708e-01]
U=[ ...        
   1.001013e+00   6.526129e-04   2.312187e-03;
   6.526129e-04   9.986760e-01  -2.887150e-03;
   2.312187e-03  -2.887150e-03   1.008197e+00]
l=[ ...        
   8.374269e-03   1.350329e-03  -1.559259e-02;
   8.105455e-03  -1.084942e-02   2.307078e-02;
   5.524547e-02  -7.475261e-02   6.275801e-02]
d=[ ...        
   8.374269e-03   4.727892e-03   1.982644e-02;
   4.727892e-03  -1.084942e-02  -2.584092e-02;
   1.982644e-02  -2.584092e-02   6.275801e-02]
     iteration=         250000       process=              4       (i,j,k)=              1              0              0       (x,y,z)=   1.500000e-02   5.000000e-03   5.006393e-03     particles=             73
fabric=[ ...   
   2.067237e-01   2.687557e-02   5.412054e-02;
   2.687557e-02   3.171652e-01  -2.849735e-02;
   5.412054e-02  -2.849735e-02   2.336869e-01]
sigma=[ ...    
  -4.072980e-05  -4.526763e-05  -3.118875e-05;
  -7.436880e-05  -2.946675e-04   3.625224e-05;
  -5.165742e-05  -6.595027e-06  -7.158091e-05]
sigmaDot=[ ... 
   9.609440e-01   5.719287e-01  -3.197215e-01;
   1.780427e+00  -7.090938e-01   1.201164e+00;
   9.247714e-01  -3.833831e-01   1.275940e+00]
intgraE=[ ...  
   2.049519e-04   3.421061e-05  -1.962249e-03;
   3.421061e-05  -8.130299e-04   8.981204e-04;
  -1.962249e-03   8.981204e-04   7.166209e-03]
E=[ ...        
  -3.339509e-03   3.639247e-04  -1.294328e-03;
   3.639247e-04  -1.081932e-03   8.709989e-04;
  -1.294328e-03   8.709989e-04   7.273009e-03]
e=[ ...        
  -3.370285e-03   3.713710e-04  -1.267604e-03;
   3.713710e-04  -1.088339e-03   8.463947e-04;
  -1.267604e-03   8.463947e-04   7.170964e-03]
intgraF=[ ...  
   1.000195e+00  -5.381787e-04   4.438354e-04;
   6.184022e-04   9.991832e-01  -8.032378e-04;
  -4.336955e-03   2.580635e-03   1.007140e+00]
F=[ ...        
   9.966500e-01  -3.014611e-04   3.674506e-04;
   1.036750e-03   9.989143e-01  -7.739050e-04;
  -2.932821e-03   2.497079e-03   1.007246e+00]
R=[ ...        
   9.999984e-01  -6.689111e-04   1.648056e-03;
   6.715971e-04   9.999984e-01  -1.629786e-03;
  -1.646963e-03   1.630890e-03   9.999973e-01]
U=[ ...        
   9.966540e-01   3.652947e-04  -1.291968e-03;
   3.652947e-04   9.989170e-01   8.685586e-04;
  -1.291968e-03   8.685586e-04   1.007246e+00]
l=[ ...        
   1.460604e-03  -3.599152e-03   4.412935e-03;
   5.765988e-03  -9.748671e-03  -8.261939e-03;
  -3.173296e-02   2.047277e-02   5.880173e-02]
d=[ ...        
   1.460604e-03   1.083418e-03  -1.366001e-02;
   1.083418e-03  -9.748671e-03   6.105415e-03;
  -1.366001e-02   6.105415e-03   5.880173e-02]
     iteration=         250000       process=              5       (i,j,k)=              1              0              1       (x,y,z)=   1.500000e-02   5.000000e-03   1.501918e-02     particles=             39
fabric=[ ...   
   3.932661e-01   1.290380e-01   3.730612e-02;
   1.290380e-01   2.236616e-01   1.093854e-02;
   3.730612e-02   1.093854e-02   8.072292e-03]
sigma=[ ...    
   9.042985e-05  -1.342211e-04  -1.620129e-05;
  -2.032443e-05   8.822660e-05   1.979046e-04;
   3.186584e-04  -2.183464e-05   1.611401e-04]
sigmaDot=[ ... 
   3.561744e-01   8.842228e-02  -2.959209e-02;
   1.166633e-01  -2.458702e-03   2.321924e-03;
  -6.094984e-02   8.200499e-02  -2.357419e-02]
intgraE=[ ...  
   3.949534e-05  -1.252047e-03  -2.587883e-03;
  -1.252047e-03   5.357053e-04   3.002537e-03;
  -2.587883e-03   3.002537e-03   3.767773e-03]
E=[ ...        
   5.503708e-05  -1.280028e-03  -2.402415e-03;
  -1.280028e-03   6.165901e-04   3.070899e-03;
  -2.402415e-03   3.070899e-03   4.061031e-03]
e=[ ...        
   1.546540e-06  -1.235573e-03  -2.343626e-03;
  -1.235573e-03   5.856065e-04   3.042311e-03;
  -2.343626e-03   3.042311e-03   4.045698e-03]
intgraF=[ ...  
   9.999827e-01  -3.919969e-04   5.323438e-03;
  -2.061761e-03   1.000524e+00   1.278102e-03;
  -1.045731e-02   4.710744e-03   1.003746e+00]
F=[ ...        
   1.000001e+00  -4.315225e-04   5.437403e-03;
  -2.078523e-03   1.000605e+00   1.343425e-03;
  -1.019827e-02   4.780607e-03   1.004037e+00]
R=[ ...        
   9.999693e-01   8.199934e-04   7.798825e-03;
  -8.066510e-04   9.999982e-01  -1.713811e-03;
  -7.800216e-03   1.707467e-03   9.999681e-01]
U=[ ...        
   1.000051e+00  -1.275938e-03  -2.395555e-03;
  -1.275938e-03   1.000611e+00   3.062242e-03;
  -2.395555e-03   3.062242e-03   1.004045e+00]
l=[ ...        
  -1.044576e-03  -1.271771e-03   4.106596e-02;
  -1.764239e-02   3.954831e-03   1.019877e-02;
  -8.257628e-02   3.502901e-02   2.978794e-02]
d=[ ...        
  -1.044576e-03  -9.457081e-03  -2.075516e-02;
  -9.457081e-03   3.954831e-03   2.261389e-02;
  -2.075516e-02   2.261389e-02   2.978794e-02]
     iteration=         250000       process=              6       (i,j,k)=              1              1              0       (x,y,z)=   1.500000e-02   1.500000e-02   5.006393e-03     particles=             65
fabric=[ ...   
   2.625678e-01  -4.472366e-02   1.147601e-02;
  -4.472366e-02   1.436754e-01   4.348328e-03;
   1.147601e-02   4.348328e-03   2.253357e-01]
sigma=[ ...    
  -4.898474e-03   1.870191e-03  -4.777126e-04;
   7.464976e-05  -1.494847e-04  -2.237256e-05;
  -7.340432e-04   1.548921e-03   7.470931e-05]
sigmaDot=[ ... 
   3.453060e+01  -1.828932e+01  -1.104932e+02;
  -1.401963e+02   6.336788e+01   1.134145e+02;
  -3.515552e+01   1.528813e+02   1.527651e+02]
intgraE=[ ...  
  -1.743434e-04   6.552919e-04  -6.954448e-04;
   6.552919e-04   6.632759e-04  -1.914534e-03;
  -6.954448e-04  -1.914534e-03   7.031791e-03]
E=[ ...        
  -1.862512e-04   1.036633e-03  -3.981300e-04;
   1.036633e-03   3.849009e-04  -1.965586e-03;
  -3.981300e-04  -1.965586e-03   7.268255e-03]
e=[ ...        
  -1.899107e-04   1.032584e-03  -3.839495e-04;
   1.032584e-03   3.701944e-04  -1.926857e-03;
  -3.839495e-04  -1.926857e-03   7.162110e-03]
intgraF=[ ...  
   9.998239e-01   5.906129e-04   3.618877e-04;
   7.140780e-04   1.000658e+00  -6.302353e-04;
  -1.740071e-03  -3.176375e-03   1.007007e+00]
F=[ ...        
   9.998122e-01   7.645482e-04   3.574148e-04;
   1.304577e-03   1.000379e+00  -5.958741e-04;
  -1.144542e-03  -3.311365e-03   1.007242e+00]
R=[ ...        
   9.999997e-01  -2.700299e-04   7.471963e-04;
   2.690192e-04   9.999990e-01   1.352358e-03;
  -7.475608e-04  -1.352157e-03   9.999988e-01]
U=[ ...        
   9.998131e-01   1.036145e-03  -3.957201e-04;
   1.036145e-03   1.000382e+00  -1.957919e-03;
  -3.957201e-04  -1.957919e-03   1.007240e+00]
l=[ ...        
  -4.016972e-03   8.671394e-03   5.542716e-04;
   8.580741e-03   2.628722e-03  -5.300730e-03;
  -1.012080e-02  -2.357155e-02   5.439017e-02]
d=[ ...        
  -4.016972e-03   8.626068e-03  -4.783264e-03;
   8.626068e-03   2.628722e-03  -1.443614e-02;
  -4.783264e-03  -1.443614e-02   5.439017e-02]
     iteration=         250000       process=              7       (i,j,k)=              1              1              1       (x,y,z)=   1.500000e-02   1.500000e-02   1.501918e-02     particles=             46
fabric=[ ...   
   1.228524e-01   1.549426e-02  -1.509387e-02;
   1.549426e-02   1.412390e-01  -5.931739e-03;
  -1.509387e-02  -5.931739e-03   2.575204e-03]
sigma=[ ...    
   9.456850e-05   9.855103e-06  -5.685294e-06;
   1.191305e-05   1.059894e-04   8.771258e-05;
  -5.887503e-05  -4.162924e-06   1.322536e-04]
sigmaDot=[ ... 
   4.081516e+01  -2.547366e+01   1.848187e+02;
   2.988310e+02   9.979747e+01   1.681495e+02;
   3.407206e+01   5.773937e+01   1.522295e+02]
intgraE=[ ...  
  -4.696656e-04   8.062618e-04  -1.689963e-03;
   8.062618e-04  -1.311192e-03   3.388244e-04;
  -1.689963e-03   3.388244e-04   6.436359e-03]
E=[ ...        
  -1.536132e-04   7.775307e-04  -1.572268e-03;
   7.775307e-04  -1.033053e-03   3.567626e-04;
  -1.572268e-03   3.567626e-04   6.497483e-03]
e=[ ...        
  -1.696612e-04   7.774178e-04  -1.533756e-03;
   7.774178e-04  -1.034860e-03   3.731198e-04;
  -1.533756e-03   3.731198e-04   6.417159e-03]
intgraF=[ ...  
   9.995174e-01   8.854979e-04   1.657587e-03;
   7.164900e-04   9.986847e-01   3.073298e-03;
  -5.006824e-03  -2.377833e-03   1.006410e+00]
F=[ ...        
   9.998345e-01   8.828267e-04   1.715802e-03;
   6.617179e-04   9.989633e-01   3.079701e-03;
  -4.830835e-03  -2.349297e-03   1.006470e+00]
R=[ ...        
   9.999947e-01   1.035024e-04   3.262088e-03;
  -1.123286e-04   9.999963e-01   2.705604e-03;
  -3.261796e-03  -2.705956e-03   9.999910e-01]
U=[ ...        
   9.998448e-01   7.782728e-04  -1.567454e-03;
   7.782728e-04   9.989660e-01   3.564030e-04;
  -1.567454e-03   3.564030e-04   1.006475e+00]
l=[ ...        
  -3.626858e-03   6.835265e-03   1.180139e-02;
   5.646790e-03  -1.069984e-02   2.523509e-02;
  -3.998657e-02  -1.866352e-02   5.127983e-02]
d=[ ...        
  -3.626858e-03   6.241027e-03  -1.409259e-02;
   6.241027e-03  -1.069984e-02   3.285786e-03;
  -1.409259e-02   3.285786e-03   5.127983e-02]
