     iteration=         700000       process=              0       (i,j,k)=              0              0              0       (x,y,z)=   5.000000e-03   5.000000e-03   5.039072e-03     particles=             78
fabric=[ ...   
   2.659190e-01   1.059454e-02   9.080695e-03;
   1.059454e-02   1.629094e-01   5.067904e-02;
   9.080695e-03   5.067904e-02   2.511716e-01]
sigma=[ ...    
  -1.963271e-05  -4.294628e-05   7.420391e-05;
   6.321941e-05  -4.655379e-05  -9.335960e-05;
   1.989304e-05  -1.105903e-04  -6.492140e-05]
sigmaDot=[ ... 
  -8.794063e+01  -7.826242e+01   1.642442e+01;
  -8.736622e+01  -4.070140e+01   1.176091e+01;
   2.035694e+01   6.302532e+00  -5.435520e+00]
intgraE=[ ...  
   2.588059e-03  -7.748192e-05   5.712088e-03;
  -7.748192e-05   3.520715e-03   7.071230e-03;
   5.712088e-03   7.071230e-03   1.977692e-02]
E=[ ...        
   2.994699e-03  -2.874749e-04   5.975368e-03;
  -2.874749e-04   4.226662e-03   7.129294e-03;
   5.975368e-03   7.129294e-03   2.062971e-02]
e=[ ...        
   2.922208e-03  -3.627168e-04   5.745884e-03;
  -3.627168e-04   4.073072e-03   6.756199e-03;
   5.745884e-03   6.756199e-03   1.966218e-02]
intgraF=[ ...  
   1.002572e+00   2.323398e-03   6.992632e-03;
  -2.514922e-03   1.003471e+00   4.875932e-03;
   4.340958e-03   9.056311e-03   1.019549e+00]
F=[ ...        
   1.002977e+00   1.850304e-03   7.250903e-03;
  -2.460843e-03   1.004178e+00   5.265131e-03;
   4.597500e-03   8.779110e-03   1.020382e+00]
R=[ ...        
   9.999969e-01   2.139343e-03   1.301849e-03;
  -2.137088e-03   9.999962e-01  -1.730608e-03;
  -1.305546e-03   1.727821e-03   9.999977e-01]
U=[ ...        
   1.002973e+00  -3.071794e-04   5.907472e-03;
  -3.071794e-04   1.004193e+00   7.043660e-03;
   5.907472e-03   7.043660e-03   1.020380e+00]
l=[ ...        
   5.537167e-03   5.862188e-03   1.684436e-02;
  -7.228151e-03   8.635666e-03   1.358337e-02;
   1.459060e-02   2.216017e-02   5.336486e-02]
d=[ ...        
   5.537167e-03  -6.829815e-04   1.571748e-02;
  -6.829815e-04   8.635666e-03   1.787177e-02;
   1.571748e-02   1.787177e-02   5.336486e-02]
     iteration=         700000       process=              1       (i,j,k)=              0              0              1       (x,y,z)=   5.000000e-03   5.000000e-03   1.511722e-02     particles=             46
fabric=[ ...   
   3.420241e-01  -1.829183e-02  -1.800554e-02;
  -1.829183e-02   3.503290e-01  -2.090088e-02;
  -1.800554e-02  -2.090088e-02   1.743135e-01]
sigma=[ ...    
  -6.045157e-02  -4.635836e-03   1.244563e-02;
  -4.536787e-03  -1.149027e-02   3.814432e-03;
   1.800380e-02   5.777397e-03  -8.648643e-03]
sigmaDot=[ ... 
  -4.057457e+02  -4.875986e+01   1.418160e+02;
  -6.390499e+01   1.974345e+02  -9.285087e+01;
  -6.004875e+00  -8.505744e+01   1.086017e+02]
intgraE=[ ...  
   3.357743e-03  -2.186674e-03   8.827267e-03;
  -2.186674e-03   7.302400e-03   2.848187e-04;
   8.827267e-03   2.848187e-04   5.966076e-03]
E=[ ...        
   4.682824e-03  -2.508288e-03   9.504476e-03;
  -2.508288e-03   6.594339e-03  -4.918551e-04;
   9.504476e-03  -4.918551e-04   8.516363e-03]
e=[ ...        
   4.254222e-03  -2.550653e-03   9.187305e-03;
  -2.550653e-03   6.512158e-03  -4.888378e-04;
   9.187305e-03  -4.888378e-04   8.382686e-03]
intgraF=[ ...  
   1.003170e+00  -2.138921e-03  -1.443279e-03;
  -2.468283e-03   1.007181e+00  -1.304711e-02;
   1.895903e-02   1.362747e-02   1.005863e+00]
F=[ ...        
   1.004467e+00  -1.562382e-03  -1.153178e-03;
  -3.659519e-03   1.006502e+00  -1.283434e-02;
   1.995275e-02   1.183291e-02   1.008398e+00]
R=[ ...        
   9.999444e-01   9.185284e-04  -1.050581e-02;
  -1.047158e-03   9.999245e-01  -1.224468e-02;
   1.049377e-02   1.225500e-02   9.998698e-01]
U=[ ...        
   1.004624e+00  -2.492090e-03   9.442222e-03;
  -2.492090e-03   1.006570e+00  -4.765144e-04;
   9.442222e-03  -4.765144e-04   1.008436e+00]
l=[ ...        
   8.209327e-03  -3.447597e-03  -6.935320e-04;
  -1.527787e-02   1.433423e-02  -3.617553e-02;
   5.979015e-02   3.825661e-02   2.828139e-02]
d=[ ...        
   8.209327e-03  -9.362736e-03   2.954831e-02;
  -9.362736e-03   1.433423e-02   1.040536e-03;
   2.954831e-02   1.040536e-03   2.828139e-02]
     iteration=         700000       process=              2       (i,j,k)=              0              1              0       (x,y,z)=   5.000000e-03   1.500000e-02   5.039072e-03     particles=             80
fabric=[ ...   
   1.454154e-01   2.949474e-02  -2.487245e-03;
   2.949474e-02   1.283202e-01   4.244281e-02;
  -2.487245e-03   4.244281e-02   2.119787e-01]
sigma=[ ...    
  -2.121299e-05   4.038616e-05   1.939084e-06;
   7.754841e-05  -1.151713e-06  -5.432347e-05;
   3.247877e-05  -5.749805e-05  -2.265136e-05]
sigmaDot=[ ... 
   8.961953e+01   5.257452e+01  -8.523757e+01;
   7.913867e+01   4.259164e+01  -5.442015e+01;
  -5.548897e+01  -3.874943e+01   4.617500e+01]
intgraE=[ ...  
   1.770148e-03  -2.838247e-04   4.821664e-03;
  -2.838247e-04   1.358779e-03  -4.397923e-03;
   4.821664e-03  -4.397923e-03   1.341781e-02]
E=[ ...        
   2.524354e-03  -1.174441e-04   4.680729e-03;
  -1.174441e-04   1.827312e-03  -4.807711e-03;
   4.680729e-03  -4.807711e-03   1.546500e-02]
e=[ ...        
   2.450357e-03  -4.208523e-05   4.492234e-03;
  -4.208523e-05   1.733093e-03  -4.583463e-03;
   4.492234e-03  -4.583463e-03   1.497892e-02]
intgraF=[ ...  
   1.001748e+00  -5.698619e-04   3.080567e-03;
   6.657923e-05   1.001310e+00   1.141459e-03;
   6.471083e-03  -9.806388e-03   1.013324e+00]
F=[ ...        
   1.002498e+00  -4.105399e-04   2.469328e-03;
   2.402316e-04   1.001781e+00  -3.534738e-05;
   6.781906e-03  -9.434237e-03   1.015344e+00]
R=[ ...        
   9.999977e-01  -3.140057e-04  -2.138489e-03;
   3.239649e-04   9.999891e-01   4.658322e-03;
   2.137003e-03  -4.659004e-03   9.999869e-01]
U=[ ...        
   1.002510e+00  -1.061581e-04   4.639104e-03;
  -1.061581e-04   1.001814e+00  -4.766616e-03;
   4.639104e-03  -4.766616e-03   1.015325e+00]
l=[ ...        
   5.060021e-03  -1.542979e-03   1.178963e-02;
  -3.019166e-03   5.320531e-03   7.792994e-04;
   1.611308e-02  -2.648256e-02   3.439714e-02]
d=[ ...        
   5.060021e-03  -2.281073e-03   1.395135e-02;
  -2.281073e-03   5.320531e-03  -1.285163e-02;
   1.395135e-02  -1.285163e-02   3.439714e-02]
     iteration=         700000       process=              3       (i,j,k)=              0              1              1       (x,y,z)=   5.000000e-03   1.500000e-02   1.511722e-02     particles=             38
fabric=[ ...   
   5.144892e-01   4.084600e-02  -4.989833e-02;
   4.084600e-02   1.083996e-01  -4.475415e-02;
  -4.989833e-02  -4.475415e-02   4.377789e-02]
sigma=[ ...    
  -9.541813e-04  -2.971957e-04   2.129152e-03;
  -1.420799e-03   2.355216e-04  -5.645118e-04;
   3.151055e-04  -7.537558e-04   1.621449e-04]
sigmaDot=[ ... 
  -3.205018e+02  -1.364817e+02   2.146863e+02;
  -1.256543e+02   1.069092e+01  -1.269038e+01;
   1.080180e+02  -1.761362e+02  -4.207117e+01]
intgraE=[ ...  
   3.296776e-03   1.492035e-03   6.434447e-03;
   1.492035e-03  -4.130143e-03  -1.079377e-02;
   6.434447e-03  -1.079377e-02   2.165086e-02]
E=[ ...        
   3.953493e-03  -2.624735e-03   5.309857e-03;
  -2.624735e-03  -1.942175e-03  -1.904639e-02;
   5.309857e-03  -1.904639e-02   1.852743e-02]
e=[ ...        
   3.739500e-03  -1.996538e-03   4.953384e-03;
  -1.996538e-03  -3.594753e-03  -1.792647e-02;
   4.953384e-03  -1.792647e-02   1.818188e-02]
intgraF=[ ...  
   1.003098e+00  -2.301300e-04  -6.868188e-03;
   3.746104e-03   9.955055e-01   5.622541e-03;
   1.932409e-02  -2.661723e-02   1.021383e+00]
F=[ ...        
   1.003745e+00  -8.017888e-03  -9.460912e-03;
   3.670960e-03   9.970677e-01   6.321985e-03;
   1.973185e-02  -4.367306e-02   1.018295e+00]
R=[ ...        
   9.998780e-01  -5.731832e-03  -1.453227e-02;
   6.089997e-03   9.996758e-01   2.472294e-02;
   1.438585e-02  -2.480842e-02   9.995887e-01]
U=[ ...        
   1.003929e+00  -2.573044e-03   5.227792e-03;
  -2.573044e-03   9.978739e-01  -1.888814e-02;
   5.227792e-03  -1.888814e-02   1.018170e+00]
l=[ ...        
   1.002775e-02  -7.975788e-03  -2.517019e-02;
   1.611414e-02  -1.357286e-02   6.964714e-03;
   5.553924e-02  -7.609246e-02   6.333451e-02]
d=[ ...        
   1.002775e-02   4.069174e-03   1.518453e-02;
   4.069174e-03  -1.357286e-02  -3.456387e-02;
   1.518453e-02  -3.456387e-02   6.333451e-02]
     iteration=         700000       process=              4       (i,j,k)=              1              0              0       (x,y,z)=   1.500000e-02   5.000000e-03   5.039072e-03     particles=             73
fabric=[ ...   
   1.872208e-01   1.632865e-02   3.574460e-02;
   1.632865e-02   2.560772e-01  -3.458273e-02;
   3.574460e-02  -3.458273e-02   1.863316e-01]
sigma=[ ...    
   2.586827e-05  -4.959678e-07  -7.683639e-06;
  -2.142357e-05   3.644616e-05   7.254586e-05;
   1.683108e-05   1.548866e-05   4.265974e-05]
sigmaDot=[ ... 
   5.903962e-03   3.163369e-03   7.100813e-02;
  -8.002746e-02   9.555068e-04   1.008592e-02;
  -1.024199e-02   2.260058e-02   7.997243e-03]
intgraE=[ ...  
   3.542678e-04  -2.138545e-05  -5.510743e-03;
  -2.138545e-05  -2.804557e-03   2.961619e-03;
  -5.510743e-03   2.961619e-03   2.068753e-02]
E=[ ...        
  -2.745791e-02   7.556700e-04  -1.515874e-03;
   7.556700e-04  -2.463717e-03   2.848947e-03;
  -1.515874e-03   2.848947e-03   2.146378e-02]
e=[ ...        
  -2.906805e-02   7.995357e-04  -1.426984e-03;
   7.995357e-04  -2.515174e-03   2.642266e-03;
  -1.426984e-03   2.642266e-03   2.059151e-02]
intgraF=[ ...  
   1.000285e+00  -1.377140e-03   9.071472e-04;
   1.425434e-03   9.971630e-01  -1.644242e-03;
  -1.168724e-02   7.412290e-03   1.020476e+00]
F=[ ...        
   9.721456e-01  -1.813755e-04   8.318848e-04;
   1.719138e-03   9.975070e-01  -1.695200e-03;
  -3.757745e-03   7.235364e-03   1.021237e+00]
R=[ ...        
   9.999969e-01  -9.597421e-04   2.307585e-03;
   9.699414e-04   9.999897e-01  -4.422833e-03;
  -2.303317e-03   4.425057e-03   9.999876e-01]
U=[ ...        
   9.721529e-01   7.694830e-04  -1.521993e-03;
   7.694830e-04   9.975289e-01   2.823049e-03;
  -1.521993e-03   2.823049e-03   1.021233e+00]
l=[ ...        
  -9.166149e-04  -4.136837e-03   1.649915e-04;
   1.230124e-03  -7.782124e-03  -1.078439e-03;
  -3.214477e-02   2.172546e-02   5.831216e-02]
d=[ ...        
  -9.166149e-04  -1.453357e-03  -1.598989e-02;
  -1.453357e-03  -7.782124e-03   1.032351e-02;
  -1.598989e-02   1.032351e-02   5.831216e-02]
     iteration=         700000       process=              5       (i,j,k)=              1              0              1       (x,y,z)=   1.500000e-02   5.000000e-03   1.511722e-02     particles=             39
fabric=[ ...   
   2.795123e-01  -4.270858e-02   2.560906e-02;
  -4.270858e-02   2.143527e-01  -8.083917e-03;
   2.560906e-02  -8.083917e-03   3.554672e-02]
sigma=[ ...    
  -1.885762e-04   6.404381e-05  -3.021273e-05;
   1.421811e-04  -2.631931e-04   1.579966e-04;
   1.510182e-04   1.243023e-05   8.635893e-05]
sigmaDot=[ ... 
  -2.536596e+02   1.333883e+02  -1.966671e+02;
  -7.940458e+01  -4.706699e+01   2.490455e+01;
  -1.321974e+02  -2.578277e+01  -6.461443e+01]
intgraE=[ ...  
  -2.516682e-04  -2.914042e-03  -8.197071e-03;
  -2.914042e-03   1.349917e-03   8.764839e-03;
  -8.197071e-03   8.764839e-03   1.237016e-02]
E=[ ...        
   2.418986e-04  -2.936997e-03  -7.132855e-03;
  -2.936997e-03   1.898026e-03   9.270038e-03;
  -7.132855e-03   9.270038e-03   1.515439e-02]
e=[ ...        
  -1.580440e-04  -2.586090e-03  -6.564919e-03;
  -2.586090e-03   1.650822e-03   8.945413e-03;
  -6.564919e-03   8.945413e-03   1.479698e-02]
intgraF=[ ...  
   9.993300e-01  -7.056692e-04   1.250743e-02;
  -4.743090e-03   1.001263e+00   4.268423e-03;
  -2.852471e-02   1.310470e-02   1.012208e+00]
F=[ ...        
   9.998496e-01  -9.725938e-04   1.381453e-02;
  -4.533228e-03   1.001811e+00   5.321402e-03;
  -2.764126e-02   1.302792e-02   1.014933e+00]
R=[ ...        
   9.997872e-01   1.736391e-03   2.055514e-02;
  -1.658298e-03   9.999913e-01  -3.815635e-03;
  -2.056159e-02   3.780736e-03   9.997814e-01]
U=[ ...        
   1.000213e+00  -2.901563e-03  -7.065875e-03;
  -2.901563e-03   1.001850e+00   9.182538e-03;
  -7.065875e-03   9.182538e-03   1.014975e+00]
l=[ ...        
  -2.543685e-03   8.480097e-04   2.930710e-02;
  -1.001083e-02   9.389855e-04   1.307080e-02;
  -7.807426e-02   3.781991e-02   4.615337e-02]
d=[ ...        
  -2.543685e-03  -4.581408e-03  -2.438358e-02;
  -4.581408e-03   9.389855e-04   2.544536e-02;
  -2.438358e-02   2.544536e-02   4.615337e-02]
     iteration=         700000       process=              6       (i,j,k)=              1              1              0       (x,y,z)=   1.500000e-02   1.500000e-02   5.039072e-03     particles=             65
fabric=[ ...   
   2.280584e-01  -2.601618e-02   2.760174e-02;
  -2.601618e-02   9.789988e-02   2.028781e-02;
   2.760174e-02   2.028781e-02   2.295973e-01]
sigma=[ ...    
   2.779138e-05  -6.927133e-05   5.817025e-06;
   8.971131e-06   2.298066e-05   6.967769e-06;
   8.309604e-05   4.566940e-06   4.738919e-05]
sigmaDot=[ ... 
   4.101665e-03  -2.451505e-03   2.796839e-02;
   1.565777e-02   1.887411e-02   1.050422e-02;
   3.832485e-02   2.463124e-03   4.878056e-03]
intgraE=[ ...  
  -1.318093e-03   2.433557e-03  -1.962715e-03;
   2.433557e-03   1.164515e-03  -4.972700e-03;
  -1.962715e-03  -4.972700e-03   1.937435e-02]
E=[ ...        
  -7.291135e-04   2.709964e-03  -1.690560e-03;
   2.709964e-03   1.368883e-03  -5.324738e-03;
  -1.690560e-03  -5.324738e-03   2.082667e-02]
e=[ ...        
  -7.562305e-04   2.675839e-03  -1.568974e-03;
   2.675839e-03   1.266859e-03  -5.039093e-03;
  -1.568974e-03  -5.039093e-03   1.997237e-02]
intgraF=[ ...  
   9.986691e-01   2.371185e-03   3.706207e-04;
   2.461881e-03   1.001128e+00  -1.611699e-03;
  -4.210790e-03  -8.175875e-03   1.019189e+00]
F=[ ...        
   9.992608e-01   2.605976e-03   1.308556e-04;
   2.783834e-03   1.001331e+00  -2.226007e-03;
  -3.434882e-03  -8.250785e-03   1.020612e+00]
R=[ ...        
   9.999984e-01  -8.937112e-05   1.760991e-03;
   8.412753e-05   9.999956e-01   2.977481e-03;
  -1.761249e-03  -2.977328e-03   9.999940e-01]
U=[ ...        
   9.992656e-01   2.704743e-03  -1.666884e-03;
   2.704743e-03   1.001350e+00  -5.264704e-03;
  -1.666884e-03  -5.264704e-03   1.020599e+00]
l=[ ...        
  -6.136396e-03   6.615681e-03  -1.119890e-03;
   7.823071e-03   2.280525e-03  -5.333680e-03;
  -1.164613e-02  -2.117020e-02   5.282975e-02]
d=[ ...        
  -6.136396e-03   7.219376e-03  -6.383009e-03;
   7.219376e-03   2.280525e-03  -1.325194e-02;
  -6.383009e-03  -1.325194e-02   5.282975e-02]
     iteration=         700000       process=              7       (i,j,k)=              1              1              1       (x,y,z)=   1.500000e-02   1.500000e-02   1.511722e-02     particles=             46
fabric=[ ...   
   1.890486e-01  -1.121704e-02  -4.178209e-02;
  -1.121704e-02   2.425854e-01   5.561204e-02;
  -4.178209e-02   5.561204e-02   2.291150e-02]
sigma=[ ...    
   9.147972e-05   2.289516e-05   8.130976e-05;
   4.227212e-05  -3.775573e-05   1.137737e-05;
  -3.069002e-05   3.503043e-05   1.171538e-04]
sigmaDot=[ ... 
  -4.182284e-01   4.608767e-01  -1.480143e+01;
  -2.364486e-01   6.208700e+00   1.730139e+00;
  -2.812531e+00  -1.302362e+01  -1.326588e+00]
intgraE=[ ...  
  -1.363869e-03   1.602287e-03  -5.810106e-03;
   1.602287e-03  -3.944289e-03   1.911299e-03;
  -5.810106e-03   1.911299e-03   1.832894e-02]
E=[ ...        
  -4.975599e-05   1.801321e-03  -5.066500e-03;
   1.801321e-03  -2.161077e-03   1.743035e-03;
  -5.066500e-03   1.743035e-03   1.802483e-02]
e=[ ...        
  -1.828544e-04   1.803135e-03  -4.772967e-03;
   1.803135e-03  -2.155023e-03   1.845437e-03;
  -4.772967e-03   1.845437e-03   1.739287e-02]
intgraF=[ ...  
   9.985372e-01   1.787831e-03   2.548658e-03;
   1.339866e-03   9.960277e-01   1.005858e-02;
  -1.392640e-02  -6.090278e-03   1.018111e+00]
F=[ ...        
   9.998646e-01   1.714600e-03   3.039065e-03;
   1.813541e-03   9.978166e-01   9.682846e-03;
  -1.295836e-02  -6.072663e-03   1.017815e+00]
R=[ ...        
   9.999686e-01  -1.070020e-04   7.921081e-03;
   4.513858e-05   9.999695e-01   7.809734e-03;
  -7.921675e-03  -7.809131e-03   9.999381e-01]
U=[ ...        
   9.999360e-01   1.807692e-03  -5.023390e-03;
   1.807692e-03   9.978334e-01   1.733977e-03;
  -5.023390e-03   1.733977e-03   1.017851e+00]
l=[ ...        
  -4.673832e-03   2.134142e-03   2.028571e-03;
   3.621865e-04  -1.168777e-02   2.864408e-02;
  -3.789961e-02  -1.452643e-02   5.223332e-02]
d=[ ...        
  -4.673832e-03   1.248164e-03  -1.793552e-02;
   1.248164e-03  -1.168777e-02   7.058828e-03;
  -1.793552e-02   7.058828e-03   5.223332e-02]
