     iteration=         400000       process=              0       (i,j,k)=              0              0              0       (x,y,z)=   5.000000e-03   5.000000e-03   5.017647e-03     particles=             78
fabric=[ ...   
   3.082473e-01  -1.072898e-03   4.053534e-02;
  -1.072898e-03   1.734743e-01   3.675584e-02;
   4.053534e-02   3.675584e-02   2.000965e-01]
sigma=[ ...    
   1.496990e-05   3.478908e-05  -3.276928e-04;
  -3.827301e-04  -9.668033e-05  -2.369866e-05;
   2.136469e-06   3.090466e-04   5.930488e-05]
sigmaDot=[ ... 
   1.892062e+00  -7.412736e+00   3.018560e+01;
   2.784123e+01   1.368883e+00  -9.024678e-01;
  -3.073187e+00  -2.469041e+01   1.781023e+00]
intgraE=[ ...  
   1.761891e-03   3.629200e-05   3.248561e-03;
   3.629200e-05   2.167076e-03   4.139117e-03;
   3.248561e-03   4.139117e-03   1.144335e-02]
E=[ ...        
   1.937375e-03   6.672760e-05   3.232479e-03;
   6.672760e-05   2.429766e-03   4.446127e-03;
   3.232479e-03   4.446127e-03   1.212323e-02]
e=[ ...        
   1.916120e-03   3.946070e-05   3.159718e-03;
   3.946070e-05   2.369051e-03   4.303863e-03;
   3.159718e-03   4.303863e-03   1.178315e-02]
intgraF=[ ...  
   1.001757e+00   1.517544e-03   4.303989e-03;
  -1.456129e-03   1.002149e+00   2.831881e-03;
   2.165088e-03   5.372673e-03   1.011365e+00]
F=[ ...        
   1.001932e+00   1.491738e-03   4.236739e-03;
  -1.370276e-03   1.002410e+00   3.162499e-03;
   2.197910e-03   5.647832e-03   1.012037e+00]
R=[ ...        
   9.999985e-01   1.424330e-03   1.008388e-03;
  -1.423087e-03   9.999982e-01  -1.232227e-03;
  -1.010141e-03   1.230790e-03   9.999987e-01]
U=[ ...        
   1.001930e+00   5.951370e-05   3.209932e-03;
   5.951370e-05   1.002417e+00   4.414133e-03;
   3.209932e-03   4.414133e-03   1.012036e+00]
l=[ ...        
   4.885884e-03   1.642014e-03   1.864188e-02;
  -6.531809e-03   8.821425e-03   1.318977e-02;
   1.460126e-02   2.555072e-02   5.324272e-02]
d=[ ...        
   4.885884e-03  -2.444897e-03   1.662157e-02;
  -2.444897e-03   8.821425e-03   1.937024e-02;
   1.662157e-02   1.937024e-02   5.324272e-02]
     iteration=         400000       process=              1       (i,j,k)=              0              0              1       (x,y,z)=   5.000000e-03   5.000000e-03   1.505294e-02     particles=             46
fabric=[ ...   
   1.965400e-01   5.685214e-03  -4.295367e-03;
   5.685214e-03   9.923068e-02  -3.692388e-02;
  -4.295367e-03  -3.692388e-02   6.786571e-02]
sigma=[ ...    
  -1.916254e-04  -5.323327e-05   1.417693e-04;
  -1.438533e-04   2.437797e-05   2.770999e-04;
   7.328371e-05   2.715872e-04  -1.392583e-04]
sigmaDot=[ ... 
   1.473768e+00   1.762384e+00   1.242958e+00;
   4.014355e+01  -1.695838e+00   5.763098e-01;
  -1.370965e+00  -8.022845e+00   2.085753e+00]
intgraE=[ ...  
   2.043180e-03  -1.165022e-03   4.907765e-03;
  -1.165022e-03   4.446419e-03   2.356260e-04;
   4.907765e-03   2.356260e-04   2.168714e-03]
E=[ ...        
   2.604552e-03  -1.004550e-03   5.127043e-03;
  -1.004550e-03   4.378556e-03   1.611954e-04;
   5.127043e-03   1.611954e-04   2.839794e-03]
e=[ ...        
   2.475716e-03  -1.028534e-03   5.063770e-03;
  -1.028534e-03   4.335574e-03   1.747538e-04;
   5.063770e-03   1.747538e-04   2.836532e-03]
intgraF=[ ...  
   1.001982e+00  -1.566863e-03  -1.025815e-03;
  -8.378946e-04   1.004407e+00  -7.052808e-03;
   1.081432e-02   7.537397e-03   1.002141e+00]
F=[ ...        
   1.002538e+00  -1.319799e-03  -1.039978e-03;
  -7.614776e-04   1.004344e+00  -6.670920e-03;
   1.125995e-02   7.001220e-03   1.002813e+00]
R=[ ...        
   9.999811e-01  -3.159523e-04  -6.135803e-03;
   2.741270e-04   9.999767e-01  -6.816247e-03;
   6.137814e-03   6.814436e-03   9.999579e-01]
U=[ ...        
   1.002588e+00  -1.001484e-03   5.113293e-03;
  -1.001484e-03   1.004368e+00   1.631691e-04;
   5.113293e-03   1.631691e-04   1.002823e+00]
l=[ ...        
   9.506618e-03  -4.577577e-03  -4.498887e-03;
  -9.184163e-03   2.321546e-02  -4.093040e-02;
   4.971736e-02   4.183010e-02   2.399168e-02]
d=[ ...        
   9.506618e-03  -6.880870e-03   2.260923e-02;
  -6.880870e-03   2.321546e-02   4.498509e-04;
   2.260923e-02   4.498509e-04   2.399168e-02]
     iteration=         400000       process=              2       (i,j,k)=              0              1              0       (x,y,z)=   5.000000e-03   1.500000e-02   5.017647e-03     particles=             80
fabric=[ ...   
   1.381991e-01   1.429925e-02  -3.752036e-03;
   1.429925e-02   2.321276e-01   1.904541e-02;
  -3.752036e-03   1.904541e-02   2.065964e-01]
sigma=[ ...    
   2.433318e-04   1.223602e-02  -1.085637e-02;
  -4.543902e-03  -2.904263e-02   5.791474e-03;
   2.906891e-03   1.504180e-02  -4.497676e-04]
sigmaDot=[ ... 
  -7.203736e+01  -4.892412e-01   1.086777e+02;
   1.436155e+02   4.139607e+01  -9.802898e+01;
   3.675746e+01  -1.028511e+02  -3.223451e+01]
intgraE=[ ...  
   9.374594e-04  -1.139129e-04   2.726401e-03;
  -1.139129e-04   7.369103e-04  -2.314127e-03;
   2.726401e-03  -2.314127e-03   7.931503e-03]
E=[ ...        
   1.223627e-03   1.409920e-04   2.697442e-03;
   1.409920e-04   1.295527e-03  -1.844455e-03;
   2.697442e-03  -1.844455e-03   9.037313e-03]
e=[ ...        
   1.199374e-03   1.581038e-04   2.633428e-03;
   1.581038e-04   1.277712e-03  -1.790953e-03;
   2.633428e-03  -1.790953e-03   8.871076e-03]
intgraF=[ ...  
   1.000930e+00  -3.585460e-04   1.611868e-03;
   1.522040e-04   1.000721e+00   9.969942e-04;
   3.809195e-03  -5.581304e-03   1.007899e+00]
F=[ ...        
   1.001215e+00   5.177354e-05   1.351996e-03;
   2.458753e-04   1.001287e+00   3.524939e-04;
   4.005129e-03  -4.005891e-03   1.008996e+00]
R=[ ...        
   9.999991e-01  -9.380262e-05  -1.320174e-03;
   9.666455e-05   9.999976e-01   2.167947e-03;
   1.319968e-03  -2.168073e-03   9.999968e-01]
U=[ ...        
   1.001219e+00   1.432748e-04   2.683871e-03;
   1.432748e-04   1.001293e+00  -1.835210e-03;
   2.683871e-03  -1.835210e-03   1.008992e+00]
l=[ ...        
   5.122864e-03  -9.582655e-04   7.920544e-03;
   1.061402e-03   3.191873e-03   1.847836e-03;
   1.854904e-02  -2.856689e-02   3.779299e-02]
d=[ ...        
   5.122864e-03   5.156809e-05   1.323479e-02;
   5.156809e-05   3.191873e-03  -1.335953e-02;
   1.323479e-02  -1.335953e-02   3.779299e-02]
     iteration=         400000       process=              3       (i,j,k)=              0              1              1       (x,y,z)=   5.000000e-03   1.500000e-02   1.505294e-02     particles=             38
fabric=[ ...   
   5.467394e-01   5.965699e-02   3.228104e-02;
   5.965699e-02   2.502783e-01  -3.864002e-02;
   3.228104e-02  -3.864002e-02   7.798234e-02]
sigma=[ ...    
  -2.148362e-04  -9.158770e-05   1.546585e-04;
   2.732990e-05   1.226572e-04  -2.987991e-04;
   1.391064e-04  -8.719938e-05   4.488914e-05]
sigmaDot=[ ... 
   1.396370e+00   6.101388e-01  -8.613954e-01;
  -3.851488e-02  -7.309540e-02   9.360778e-02;
  -9.862857e-01   5.241698e-01   4.777549e-01]
intgraE=[ ...  
   1.719559e-03   9.736179e-04   3.784033e-03;
   9.736179e-04  -2.385810e-03  -5.389700e-03;
   3.784033e-03  -5.389700e-03   1.235357e-02]
E=[ ...        
   1.982186e-03  -8.435816e-04   3.089222e-03;
  -8.435816e-04  -2.521711e-03  -9.464895e-03;
   3.089222e-03  -9.464895e-03   1.017329e-02]
e=[ ...        
   1.910172e-03  -6.634227e-04   2.968595e-03;
  -6.634227e-04  -2.955186e-03  -9.155714e-03;
   2.968595e-03  -9.155714e-03   1.006571e-02]
intgraF=[ ...  
   1.001657e+00   4.099979e-04  -3.524052e-03;
   1.704339e-03   9.974996e-01   4.340634e-03;
   1.095621e-02  -1.492472e-02   1.012263e+00]
F=[ ...        
   1.001917e+00  -3.089599e-03  -5.024491e-03;
   1.660584e-03   9.972206e-01   3.608348e-03;
   1.109449e-02  -2.231815e-02   1.010103e+00]
R=[ ...        
   9.999650e-01  -2.342007e-03  -8.032388e-03;
   2.445496e-03   9.999138e-01   1.289836e-02;
   8.001488e-03  -1.291755e-02   9.998845e-01]
U=[ ...        
   1.001975e+00  -8.293708e-04   3.066837e-03;
  -8.293708e-04   9.974302e-01  -9.428250e-03;
   3.066837e-03  -9.428250e-03   1.010073e+00]
l=[ ...        
   9.401820e-03  -4.176342e-04  -1.780537e-02;
   1.083489e-02  -1.634652e-02   1.218433e-02;
   5.418827e-02  -7.627033e-02   5.787417e-02]
d=[ ...        
   9.401820e-03   5.208629e-03   1.819145e-02;
   5.208629e-03  -1.634652e-02  -3.204300e-02;
   1.819145e-02  -3.204300e-02   5.787417e-02]
     iteration=         400000       process=              4       (i,j,k)=              1              0              0       (x,y,z)=   1.500000e-02   5.000000e-03   5.017647e-03     particles=             73
fabric=[ ...   
   2.460408e-01   1.687502e-02   5.890004e-02;
   1.687502e-02   2.908462e-01  -3.036573e-02;
   5.890004e-02  -3.036573e-02   2.217337e-01]
sigma=[ ...    
  -3.919302e-04   1.040569e-04  -3.360068e-04;
   9.401480e-05  -4.405569e-04   3.372478e-05;
  -2.500033e-04  -1.257984e-04  -1.349352e-04]
sigmaDot=[ ... 
  -1.245339e+02  -5.927400e+01  -6.000719e+01;
  -1.175500e+02   3.383381e+00  -1.395162e+01;
  -8.404074e+01   3.571531e+01  -3.980946e+01]
intgraE=[ ...  
   2.941802e-04   1.199886e-04  -3.038367e-03;
   1.199886e-04  -1.534257e-03   1.451345e-03;
  -3.038367e-03   1.451345e-03   1.164831e-02]
E=[ ...        
  -9.494130e-03   4.505284e-04  -1.563062e-03;
   4.505284e-04  -1.627939e-03   1.418676e-03;
  -1.563062e-03   1.418676e-03   1.191325e-02]
e=[ ...        
  -9.690796e-03   4.661814e-04  -1.510087e-03;
   4.661814e-04  -1.644232e-03   1.354110e-03;
  -1.510087e-03   1.354110e-03   1.164150e-02]
intgraF=[ ...  
   1.000271e+00  -7.762129e-04   7.881969e-04;
   1.046231e-03   9.984556e-01  -1.305174e-03;
  -6.785205e-03   4.158306e-03   1.011580e+00]
F=[ ...        
   9.904525e-01  -3.002220e-04   6.812560e-04;
   1.215674e-03   9.983624e-01  -1.279703e-03;
  -3.754855e-03   4.067002e-03   1.011842e+00]
R=[ ...        
   9.999973e-01  -7.587563e-04   2.217651e-03;
   7.646519e-04   9.999962e-01  -2.658843e-03;
  -2.215625e-03   2.660531e-03   9.999940e-01]
U=[ ...        
   9.904590e-01   4.541676e-04  -1.561587e-03;
   4.541676e-04   9.983696e-01   1.411823e-03;
  -1.561587e-03   1.411823e-03   1.011841e+00]
l=[ ...        
   8.270014e-04  -3.388890e-03   4.362924e-03;
   4.834790e-03  -9.603498e-03  -6.245597e-03;
  -3.271313e-02   2.076539e-02   5.910577e-02]
d=[ ...        
   8.270014e-04   7.229499e-04  -1.417510e-02;
   7.229499e-04  -9.603498e-03   7.259895e-03;
  -1.417510e-02   7.259895e-03   5.910577e-02]
     iteration=         400000       process=              5       (i,j,k)=              1              0              1       (x,y,z)=   1.500000e-02   5.000000e-03   1.505294e-02     particles=             39
fabric=[ ...   
   2.938934e-01   1.025330e-01   3.314442e-02;
   1.025330e-01   2.379334e-01  -1.436423e-02;
   3.314442e-02  -1.436423e-02   3.960172e-02]
sigma=[ ...    
  -2.085895e-04  -4.245853e-04  -2.801752e-04;
  -4.439415e-04  -6.831011e-04   1.929210e-04;
   5.244606e-05  -1.804810e-04  -9.416452e-05]
sigmaDot=[ ... 
   2.216985e+00  -7.855098e-01  -1.911599e-01;
  -3.325038e+00   2.531174e+00  -1.675120e+00;
   1.551344e+00  -7.358322e-01   2.398544e+00]
intgraE=[ ...  
  -6.178343e-05  -1.852447e-03  -4.349988e-03;
  -1.852447e-03   7.907050e-04   4.853498e-03;
  -4.349988e-03   4.853498e-03   6.111920e-03]
E=[ ...        
   9.729036e-05  -1.912986e-03  -4.015129e-03;
  -1.912986e-03   9.925157e-04   4.974907e-03;
  -4.015129e-03   4.974907e-03   6.954565e-03]
e=[ ...        
  -4.137784e-05  -1.799296e-03  -3.856203e-03;
  -1.799296e-03   9.152759e-04   4.895309e-03;
  -3.856203e-03   4.895309e-03   6.899532e-03]
intgraF=[ ...  
   9.997954e-01  -4.669684e-04   8.019999e-03;
  -3.112843e-03   1.000763e+00   2.271205e-03;
  -1.661062e-02   7.393011e-03   1.006059e+00]
F=[ ...        
   9.999609e-01  -5.678985e-04   8.306306e-03;
  -3.134255e-03   1.000964e+00   2.450564e-03;
  -1.621677e-02   7.450248e-03   1.006893e+00]
R=[ ...        
   9.999246e-01   1.272325e-03   1.221175e-02;
  -1.242021e-03   9.999961e-01  -2.488759e-03;
  -1.221487e-02   2.473404e-03   9.999223e-01]
U=[ ...        
   1.000087e+00  -1.902078e-03  -3.996436e-03;
  -1.902078e-03   1.000978e+00   4.951576e-03;
  -3.996436e-03   4.951576e-03   1.006910e+00]
l=[ ...        
  -2.922489e-03  -1.236028e-03   3.331933e-02;
  -1.201832e-02   4.169628e-03   1.458376e-02;
  -8.091042e-02   3.505917e-02   3.219857e-02]
d=[ ...        
  -2.922489e-03  -6.627174e-03  -2.379554e-02;
  -6.627174e-03   4.169628e-03   2.482147e-02;
  -2.379554e-02   2.482147e-02   3.219857e-02]
     iteration=         400000       process=              6       (i,j,k)=              1              1              0       (x,y,z)=   1.500000e-02   1.500000e-02   5.017647e-03     particles=             65
fabric=[ ...   
   2.028418e-01  -3.906585e-02   1.308251e-02;
  -3.906585e-02   1.597525e-01   2.125995e-02;
   1.308251e-02   2.125995e-02   2.689846e-01]
sigma=[ ...    
  -8.555258e-05  -3.530557e-06   1.653445e-05;
   1.036114e-04  -7.410420e-05  -6.631897e-05;
   1.155754e-04  -6.493384e-05  -4.203351e-05]
sigmaDot=[ ... 
   6.068591e-01  -4.413644e-01   1.231974e+00;
   7.293776e-01   2.963989e-01   3.970884e-01;
   1.672124e-02   5.883542e-01   6.950117e-01]
intgraE=[ ...  
  -5.064281e-04   1.237983e-03  -1.064870e-03;
   1.237983e-03   8.175324e-04  -2.960190e-03;
  -1.064870e-03  -2.960190e-03   1.113860e-02]
E=[ ...        
  -3.073459e-04   1.588606e-03  -7.630117e-04;
   1.588606e-03   6.618040e-04  -3.071531e-03;
  -7.630117e-04  -3.071531e-03   1.165543e-02]
e=[ ...        
  -3.158493e-04   1.578122e-03  -7.265391e-04;
   1.578122e-03   6.262179e-04  -2.975831e-03;
  -7.265391e-04  -2.975831e-03   1.138431e-02]
intgraF=[ ...  
   9.994895e-01   1.221979e-03   4.080920e-04;
   1.241303e-03   1.000804e+00  -9.583577e-04;
  -2.508647e-03  -4.907392e-03   1.011077e+00]
F=[ ...        
   9.996894e-01   1.401515e-03   3.394488e-04;
   1.765694e-03   1.000648e+00  -1.038901e-03;
  -1.842186e-03  -5.045498e-03   1.011588e+00]
R=[ ...        
   9.999994e-01  -1.822369e-04   1.082677e-03;
   1.800817e-04   9.999980e-01   1.990426e-03;
  -1.083037e-03  -1.990229e-03   9.999974e-01]
U=[ ...        
   9.996911e-01   1.587177e-03  -7.563258e-04;
   1.587177e-03   1.000656e+00  -3.052253e-03;
  -7.563258e-04  -3.052253e-03   1.011583e+00]
l=[ ...        
  -4.530157e-03   8.417091e-03   6.665198e-04;
   6.604328e-03   1.775241e-03  -3.412146e-03;
  -1.040932e-02  -2.265250e-02   5.344611e-02]
d=[ ...        
  -4.530157e-03   7.510709e-03  -4.871400e-03;
   7.510709e-03   1.775241e-03  -1.303232e-02;
  -4.871400e-03  -1.303232e-02   5.344611e-02]
     iteration=         400000       process=              7       (i,j,k)=              1              1              1       (x,y,z)=   1.500000e-02   1.500000e-02   1.505294e-02     particles=             46
fabric=[ ...   
   2.421942e-01   2.829499e-02  -4.468899e-03;
   2.829499e-02   2.207120e-01   1.666892e-02;
  -4.468899e-03   1.666892e-02   3.709375e-02]
sigma=[ ...    
  -4.814019e-04  -7.049030e-05  -2.372075e-05;
  -3.016338e-05  -3.394198e-04  -2.215248e-04;
  -2.245386e-04  -2.049342e-04  -1.353235e-04]
sigmaDot=[ ... 
   2.531942e+01   1.698387e+02   2.171190e+00;
   2.524256e+02  -2.376680e+02  -6.347935e+00;
  -1.582629e+02  -3.452477e+01   1.507445e+02]
intgraE=[ ...  
  -6.688777e-04   1.243740e-03  -2.881630e-03;
   1.243740e-03  -2.211481e-03   6.683734e-04;
  -2.881630e-03   6.683734e-04   1.036317e-02]
E=[ ...        
   8.447388e-05   1.211435e-03  -2.593991e-03;
   1.211435e-03  -1.567088e-03   6.279776e-04;
  -2.593991e-03   6.279776e-04   1.029933e-02]
e=[ ...        
   4.358085e-05   1.210057e-03  -2.497568e-03;
   1.210057e-03  -1.570665e-03   6.692050e-04;
  -2.497568e-03   6.692050e-04   1.009741e-02]
intgraF=[ ...  
   9.992981e-01   1.483756e-03   2.351938e-03;
   9.764900e-04   9.977778e-01   5.172491e-03;
  -8.035876e-03  -3.788738e-03   1.010294e+00]
F=[ ...        
   1.000055e+00   1.446398e-03   2.495352e-03;
   9.492063e-04   9.984235e-01   5.067842e-03;
  -7.610420e-03  -3.768947e-03   1.010231e+00]
R=[ ...        
   9.999873e-01   2.304778e-04   5.024753e-03;
  -2.525643e-04   9.999903e-01   4.395349e-03;
  -5.023692e-03  -4.396562e-03   9.999777e-01]
U=[ ...        
   1.000080e+00   1.213147e-03  -2.581048e-03;
   1.213147e-03   9.984307e-01   6.268246e-04;
  -2.581048e-03   6.268246e-04   1.010243e+00]
l=[ ...        
  -2.416919e-03   8.461092e-03   5.245530e-03;
   2.608419e-03  -1.260354e-02   2.897963e-02;
  -4.003935e-02  -1.852379e-02   5.146920e-02]
d=[ ...        
  -2.416919e-03   5.534755e-03  -1.739691e-02;
   5.534755e-03  -1.260354e-02   5.227921e-03;
  -1.739691e-02   5.227921e-03   5.146920e-02]
