     iteration=         200000       process=              0       (i,j,k)=              0              0              0       (x,y,z)=   5.000000e-03   5.000000e-03   5.002661e-03     particles=             78
fabric=[ ...   
   3.167911e-01   3.472791e-04   2.996734e-02;
   3.472791e-04   1.601863e-01   6.173786e-02;
   2.996734e-02   6.173786e-02   2.313559e-01]
sigma=[ ...    
   3.400556e-05   2.075292e-05  -4.293881e-06;
   2.250324e-05  -3.144830e-06  -1.117988e-04;
  -1.804432e-05  -6.507023e-05   4.437728e-05]
sigmaDot=[ ... 
   9.279185e-01  -4.423132e+00  -5.059954e+01;
   2.763740e+01   3.381210e+00  -7.607914e-01;
  -7.246284e+00  -4.945544e+01  -4.958845e+00]
intgraE=[ ...  
   1.024020e-03   1.505448e-04   1.636490e-03;
   1.505448e-04   1.181855e-03   2.180971e-03;
   1.636490e-03   2.180971e-03   5.741237e-03]
E=[ ...        
   1.048373e-03   1.849173e-04   1.630467e-03;
   1.849173e-04   1.267041e-03   2.345369e-03;
   1.630467e-03   2.345369e-03   6.055615e-03]
e=[ ...        
   1.043053e-03   1.769017e-04   1.611684e-03;
   1.769017e-04   1.249329e-03   2.306088e-03;
   1.611684e-03   2.306088e-03   5.968729e-03]
intgraF=[ ...  
   1.001023e+00   1.028332e-03   2.305581e-03;
  -7.301732e-04   1.001177e+00   1.491447e-03;
   9.606333e-04   2.850065e-03   1.005721e+00]
F=[ ...        
   1.001047e+00   1.008338e-03   2.212722e-03;
  -6.419352e-04   1.001261e+00   1.607168e-03;
   1.040648e-03   3.060844e-03   1.006034e+00]
R=[ ...        
   9.999995e-01   8.231283e-04   5.827801e-04;
  -8.227064e-04   9.999994e-01  -7.238225e-04;
  -5.833756e-04   7.233426e-04   9.999996e-01]
U=[ ...        
   1.001046e+00   1.828081e-04   1.624503e-03;
   1.828081e-04   1.001263e+00   2.336695e-03;
   1.624503e-03   2.336695e-03   1.006033e+00]
l=[ ...        
   9.634346e-03   1.000009e-02   2.226541e-02;
  -7.413397e-03   1.107658e-02   1.406362e-02;
   1.037255e-02   2.733600e-02   5.754563e-02]
d=[ ...        
   9.634346e-03   1.293345e-03   1.631898e-02;
   1.293345e-03   1.107658e-02   2.069981e-02;
   1.631898e-02   2.069981e-02   5.754563e-02]
     iteration=         200000       process=              1       (i,j,k)=              0              0              1       (x,y,z)=   5.000000e-03   5.000000e-03   1.500798e-02     particles=             46
fabric=[ ...   
   1.490989e-01   2.620678e-02   2.871446e-02;
   2.620678e-02   3.716472e-01   8.418210e-02;
   2.871446e-02   8.418210e-02   5.068243e-02]
sigma=[ ...    
   1.370289e-04  -2.003113e-05  -6.249201e-06;
  -1.559590e-04  -4.254559e-05   4.477310e-05;
  -1.942925e-04  -1.649896e-05   1.074395e-04]
sigmaDot=[ ... 
   4.331378e-01   8.011494e-02   2.013151e+00;
   9.548299e+00   1.468588e+00   1.776876e+00;
   6.441492e-01  -4.796135e+00  -3.813883e-01]
intgraE=[ ...  
   8.404855e-04  -4.975724e-04   2.585018e-03;
  -4.975724e-04   2.055162e-03   3.345132e-04;
   2.585018e-03   3.345132e-04   3.990034e-05]
E=[ ...        
   1.099803e-03  -3.563630e-04   2.617996e-03;
  -3.563630e-04   2.095233e-03   4.444971e-04;
   2.617996e-03   4.444971e-04   1.409766e-04]
e=[ ...        
   1.067163e-03  -3.668023e-04   2.613497e-03;
  -3.668023e-04   2.082565e-03   4.509413e-04;
   2.613497e-03   4.509413e-04   1.464754e-04]
intgraF=[ ...  
   1.000824e+00  -1.137296e-03  -4.598794e-04;
   1.218871e-04   1.002046e+00  -3.046570e-03;
   5.630468e-03   3.721174e-03   1.000035e+00]
F=[ ...        
   1.001082e+00  -9.254457e-04  -5.855069e-04;
   1.920257e-04   1.002086e+00  -2.764045e-03;
   5.821865e-03   3.657762e-03   1.000137e+00]
R=[ ...        
   9.999947e-01  -5.664629e-04  -3.201263e-03;
   5.561883e-04   9.999947e-01  -3.209525e-03;
   3.203064e-03   3.207727e-03   9.999897e-01]
U=[ ...        
   1.001096e+00  -3.563763e-04   2.616462e-03;
  -3.563763e-04   1.002093e+00   4.444677e-04;
   2.616462e-03   4.444677e-04   1.000137e+00]
l=[ ...        
   9.357270e-03  -9.590277e-03  -1.092678e-03;
  -2.156036e-03   1.853237e-02  -3.943732e-02;
   5.430413e-02   3.754787e-02   1.021832e-02]
d=[ ...        
   9.357270e-03  -5.873157e-03   2.660573e-02;
  -5.873157e-03   1.853237e-02  -9.447294e-04;
   2.660573e-02  -9.447294e-04   1.021832e-02]
     iteration=         200000       process=              2       (i,j,k)=              0              1              0       (x,y,z)=   5.000000e-03   1.500000e-02   5.002661e-03     particles=             81
fabric=[ ...   
   2.245227e-01   3.798195e-02   8.869555e-03;
   3.798195e-02   1.910550e-01   2.263895e-02;
   8.869555e-03   2.263895e-02   2.510890e-01]
sigma=[ ...    
   3.465736e-05   3.078325e-05  -8.388556e-06;
   3.881647e-06   2.772838e-05   1.173745e-05;
  -1.844471e-05  -5.404482e-06   4.401168e-05]
sigmaDot=[ ... 
   1.838755e-03   4.339083e-04  -4.008686e-02;
   1.029187e-02   1.807612e-03   6.874078e-04;
  -3.483241e-04  -7.525290e-02   5.831633e-03]
intgraE=[ ...  
   4.108564e-04  -8.366346e-05   1.342160e-03;
  -8.366346e-05   4.005834e-04  -1.094756e-03;
   1.342160e-03  -1.094756e-03   4.062899e-03]
E=[ ...        
   4.681636e-04   1.345685e-05   1.343949e-03;
   1.345685e-05   5.580368e-04  -9.016748e-04;
   1.343949e-03  -9.016748e-04   4.500942e-03]
e=[ ...        
   4.623403e-04   1.825151e-05   1.328115e-03;
   1.825151e-05   5.533593e-04  -8.871381e-04;
   1.328115e-03  -8.871381e-04   4.459904e-03]
intgraF=[ ...  
   1.000409e+00  -2.157080e-04   7.363858e-04;
   5.376272e-05   1.000397e+00   5.614849e-04;
   1.939739e-03  -2.739953e-03   1.004054e+00]
F=[ ...        
   1.000466e+00  -1.012055e-04   6.578451e-04;
   1.326942e-04   1.000555e+00   4.839389e-04;
   2.020609e-03  -2.277264e-03   1.004491e+00]
R=[ ...        
   9.999998e-01  -1.158050e-04  -6.798394e-04;
   1.167410e-04   9.999990e-01   1.377014e-03;
   6.796793e-04  -1.377093e-03   9.999988e-01]
U=[ ...        
   1.000467e+00   1.405254e-05   1.340633e-03;
   1.405254e-05   1.000557e+00  -8.994145e-04;
   1.340633e-03  -8.994145e-04   1.004490e+00]
l=[ ...        
   5.131884e-03  -1.893441e-03   9.673692e-03;
   8.156530e-04   3.362513e-03   6.936405e-03;
   1.834788e-02  -2.758653e-02   3.780282e-02]
d=[ ...        
   5.131884e-03  -5.388938e-04   1.401079e-02;
  -5.388938e-04   3.362513e-03  -1.032506e-02;
   1.401079e-02  -1.032506e-02   3.780282e-02]
     iteration=         200000       process=              3       (i,j,k)=              0              1              1       (x,y,z)=   5.000000e-03   1.500000e-02   1.500798e-02     particles=             37
fabric=[ ...   
   3.657813e-01   2.240359e-02   7.157941e-02;
   2.240359e-02   1.856870e-01  -1.464880e-02;
   7.157941e-02  -1.464880e-02   4.853172e-02]
sigma=[ ...    
   4.062399e-05   1.000227e-05  -1.328571e-05;
   6.935710e-06   9.268522e-05  -3.372927e-04;
  -2.128270e-05   1.099005e-05   1.170158e-04]
sigmaDot=[ ... 
  -9.621291e-05  -4.889923e-03   1.428037e-02;
  -2.605961e-02  -1.390208e-03  -1.605980e-03;
  -1.099133e-02  -1.826021e-04   6.637032e-03]
intgraE=[ ...  
   7.569767e-04   5.305702e-04   1.832903e-03;
   5.305702e-04  -1.126575e-03  -2.409540e-03;
   1.832903e-03  -2.409540e-03   6.238410e-03]
E=[ ...        
   7.748420e-04   5.411860e-04   1.808678e-03;
   5.411860e-04  -1.081708e-03  -2.288092e-03;
   1.808678e-03  -2.288092e-03   6.508128e-03]
e=[ ...        
   7.535189e-04   5.669069e-04   1.762223e-03;
   5.669069e-04  -1.116924e-03  -2.226270e-03;
   1.762223e-03  -2.226270e-03   6.442862e-03]
intgraF=[ ...  
   1.000742e+00   3.804292e-04  -1.830567e-03;
   7.212713e-04   9.988459e-01   2.555291e-03;
   5.461947e-03  -7.325205e-03   1.006214e+00]
F=[ ...        
   1.000760e+00   3.931581e-04  -1.855959e-03;
   7.288120e-04   9.988918e-01   2.662845e-03;
   5.437539e-03  -7.188752e-03   1.006482e+00]
R=[ ...        
   9.999934e-01  -1.586363e-04  -3.635499e-03;
   1.764970e-04   9.999879e-01   4.913070e-03;
   3.634675e-03  -4.913679e-03   9.999813e-01]
U=[ ...        
   1.000773e+00   5.433281e-04   1.802758e-03;
   5.433281e-04   9.989150e-01  -2.282422e-03;
   1.802758e-03  -2.282422e-03   1.006483e+00]
l=[ ...        
   8.231939e-03   1.839077e-03  -1.489892e-02;
   7.065743e-03  -1.118255e-02   2.577351e-02;
   5.520120e-02  -7.452378e-02   6.222688e-02]
d=[ ...        
   8.231939e-03   4.452410e-03   2.015114e-02;
   4.452410e-03  -1.118255e-02  -2.437513e-02;
   2.015114e-02  -2.437513e-02   6.222688e-02]
     iteration=         200000       process=              4       (i,j,k)=              1              0              0       (x,y,z)=   1.500000e-02   5.000000e-03   5.002661e-03     particles=             73
fabric=[ ...   
   2.064473e-01   2.012686e-02   3.668251e-02;
   2.012686e-02   2.053935e-01  -4.011127e-02;
   3.668251e-02  -4.011127e-02   2.088488e-01]
sigma=[ ...    
   2.585573e-05   2.449057e-06  -2.235084e-05;
  -3.100753e-05   3.516266e-05   5.649467e-05;
  -5.514160e-06   2.174881e-05   6.436647e-05]
sigmaDot=[ ... 
  -2.342666e-02   3.069230e-03   1.188721e-01;
   4.730396e-01   8.689606e-03  -6.122901e-02;
  -4.638582e-02  -1.255033e-01   1.178147e-02]
intgraE=[ ...  
   1.656346e-04   8.749445e-06  -1.612995e-03;
   8.749445e-06  -5.703715e-04   7.409463e-04;
  -1.612995e-03   7.409463e-04   5.678762e-03]
E=[ ...        
  -1.963964e-03   2.881319e-04  -1.145169e-03;
   2.881319e-04  -8.745059e-04   7.076691e-04;
  -1.145169e-03   7.076691e-04   5.741987e-03]
e=[ ...        
  -1.978023e-03   2.932302e-04  -1.126196e-03;
   2.932302e-04  -8.786725e-04   6.920585e-04;
  -1.126196e-03   6.920585e-04   5.678242e-03]
intgraF=[ ...  
   1.000159e+00  -4.484629e-04   3.328216e-04;
   4.736141e-04   9.994272e-01  -5.957129e-04;
  -3.538546e-03   2.065716e-03   1.005662e+00]
F=[ ...        
   9.980305e-01  -2.569839e-04   2.836992e-04;
   8.385705e-04   9.991231e-01  -5.874753e-04;
  -2.558339e-03   1.990972e-03   1.005725e+00]
R=[ ...        
   9.999988e-01  -5.474108e-04   1.419084e-03;
   5.492353e-04   9.999990e-01  -1.285609e-03;
  -1.418379e-03   1.286387e-03   9.999982e-01]
U=[ ...        
   9.980334e-01   2.889460e-04  -1.143123e-03;
   2.889460e-04   9.991248e-01   7.061221e-04;
  -1.143123e-03   7.061221e-04   1.005725e+00]
l=[ ...        
   2.436418e-03  -3.229104e-03   2.848262e-03;
   2.785234e-03  -9.639040e-03  -5.647321e-03;
  -3.420288e-02   2.027225e-02   5.681747e-02]
d=[ ...        
   2.436418e-03  -2.219351e-04  -1.567731e-02;
  -2.219351e-04  -9.639040e-03   7.312466e-03;
  -1.567731e-02   7.312466e-03   5.681747e-02]
     iteration=         200000       process=              5       (i,j,k)=              1              0              1       (x,y,z)=   1.500000e-02   5.000000e-03   1.500798e-02     particles=             39
fabric=[ ...   
   5.171402e-01   1.260570e-01  -1.049291e-02;
   1.260570e-01   2.959888e-01   1.854250e-02;
  -1.049291e-02   1.854250e-02   2.020436e-02]
sigma=[ ...    
   1.318474e-04  -1.601178e-04   1.038054e-05;
  -3.227422e-05   8.459467e-05   1.368768e-04;
   3.333540e-04  -4.038796e-05   1.532108e-04]
sigmaDot=[ ... 
  -1.808624e-02   9.367974e-03   2.475060e-01;
   3.381694e-02  -1.312091e-02  -4.115896e-03;
   1.199244e-01  -3.082424e-01   2.975704e-02]
intgraE=[ ...  
   5.382975e-05  -1.007672e-03  -2.059075e-03;
  -1.007672e-03   4.318401e-04   2.432796e-03;
  -2.059075e-03   2.432796e-03   3.021064e-03]
E=[ ...        
   4.904283e-05  -1.031312e-03  -1.916680e-03;
  -1.031312e-03   5.016122e-04   2.459474e-03;
  -1.916680e-03   2.459474e-03   3.213273e-03]
e=[ ...        
   1.469829e-05  -1.002646e-03  -1.879366e-03;
  -1.002646e-03   4.814759e-04   2.441246e-03;
  -1.879366e-03   2.441246e-03   3.204114e-03]
intgraF=[ ...  
   1.000017e+00  -3.641318e-04   4.293846e-03;
  -1.618396e-03   1.000424e+00   1.024159e-03;
  -8.385201e-03   3.831042e-03   1.003007e+00]
F=[ ...        
   1.000014e+00  -3.790077e-04   4.375616e-03;
  -1.651231e-03   1.000494e+00   1.049542e-03;
  -8.181141e-03   3.858208e-03   1.003198e+00]
R=[ ...        
   9.999802e-01   6.339650e-04   6.266260e-03;
  -6.251969e-04   9.999988e-01  -1.401112e-03;
  -6.267140e-03   1.397167e-03   9.999794e-01]
U=[ ...        
   1.000047e+00  -1.028686e-03  -1.912310e-03;
  -1.028686e-03   1.000498e+00   2.453950e-03;
  -1.912310e-03   2.453950e-03   1.003203e+00]
l=[ ...        
  -6.885011e-04  -2.294690e-03   4.144453e-02;
  -1.619351e-02   1.938831e-03   9.107490e-03;
  -8.292637e-02   3.939145e-02   3.078732e-02]
d=[ ...        
  -6.885011e-04  -9.244098e-03  -2.074092e-02;
  -9.244098e-03   1.938831e-03   2.424947e-02;
  -2.074092e-02   2.424947e-02   3.078732e-02]
     iteration=         200000       process=              6       (i,j,k)=              1              1              0       (x,y,z)=   1.500000e-02   1.500000e-02   5.002661e-03     particles=             65
fabric=[ ...   
   2.052893e-01  -2.035626e-02   1.956605e-02;
  -2.035626e-02   1.686695e-01   3.977783e-02;
   1.956605e-02   3.977783e-02   2.260412e-01]
sigma=[ ...    
   3.402404e-06  -8.277003e-05  -3.123413e-06;
  -1.385260e-04  -6.789357e-05  -5.509772e-05;
   1.005303e-04  -2.588747e-05   2.237317e-05]
sigmaDot=[ ... 
   7.411173e-02  -1.009090e+00  -7.191245e-02;
   5.789132e+00   1.119220e+00   4.559824e-01;
   1.275221e-01  -2.881458e-01  -9.424659e-03]
intgraE=[ ...  
  -7.456903e-05   4.386109e-04  -5.726545e-04;
   4.386109e-04   5.952421e-04  -1.547437e-03;
  -5.726545e-04  -1.547437e-03   5.655436e-03]
E=[ ...        
  -1.374135e-04   8.363152e-04  -2.784711e-04;
   8.363152e-04   2.866580e-04  -1.580176e-03;
  -2.784711e-04  -1.580176e-03   5.827347e-03]
e=[ ...        
  -1.397955e-04   8.338006e-04  -2.695155e-04;
   8.338006e-04   2.771008e-04  -1.555052e-03;
  -2.695155e-04  -1.555052e-03   5.759050e-03]
intgraF=[ ...  
   9.999242e-01   3.737731e-04   3.480955e-04;
   4.993462e-04   1.000592e+00  -4.970117e-04;
  -1.484757e-03  -2.583130e-03   1.005639e+00]
F=[ ...        
   9.998616e-01   5.641672e-04   3.605267e-04;
   1.105762e-03   1.000283e+00  -4.392965e-04;
  -9.116363e-04  -2.705416e-03   1.005810e+00]
R=[ ...        
   9.999998e-01  -2.707930e-04   6.334473e-04;
   2.700774e-04   9.999993e-01   1.129477e-03;
  -6.337527e-04  -1.129305e-03   9.999992e-01]
U=[ ...        
   9.998622e-01   8.360354e-04  -2.770270e-04;
   8.360354e-04   1.000285e+00  -1.575261e-03;
  -2.770270e-04  -1.575261e-03   1.005809e+00]
l=[ ...        
  -3.631068e-03   6.805040e-03   5.511650e-04;
   9.416999e-03   2.826282e-03  -5.216002e-03;
  -8.452320e-03  -2.515130e-02   5.467079e-02]
d=[ ...        
  -3.631068e-03   8.111020e-03  -3.950578e-03;
   8.111020e-03   2.826282e-03  -1.518365e-02;
  -3.950578e-03  -1.518365e-02   5.467079e-02]
     iteration=         200000       process=              7       (i,j,k)=              1              1              1       (x,y,z)=   1.500000e-02   1.500000e-02   1.500798e-02     particles=             46
fabric=[ ...   
   1.484916e-01   3.884832e-02   1.174784e-03;
   3.884832e-02   2.470085e-01   6.464753e-02;
   1.174784e-03   6.464753e-02   6.603835e-02]
sigma=[ ...    
   1.101615e-04   3.266456e-05   8.732259e-05;
   4.053782e-06  -9.460402e-05  -1.511088e-04;
  -2.075079e-04  -4.921345e-04  -6.875852e-05]
sigmaDot=[ ... 
   2.146276e+02   4.185956e+01   6.764899e+01;
   5.805722e+01  -2.831645e+00   3.963242e+00;
   4.874379e+01  -1.274187e+02   1.647967e+01]
intgraE=[ ...  
  -3.826028e-04   6.501158e-04  -1.330515e-03;
   6.501158e-04  -1.044332e-03   2.598586e-04;
  -1.330515e-03   2.598586e-04   5.140682e-03]
E=[ ...        
  -1.845080e-04   6.276408e-04  -1.246295e-03;
   6.276408e-04  -8.489055e-04   3.014818e-04;
  -1.246295e-03   3.014818e-04   5.251903e-03]
e=[ ...        
  -1.948739e-04   6.277840e-04  -1.221176e-03;
   6.277840e-04  -8.500995e-04   3.119709e-04;
  -1.221176e-03   3.119709e-04   5.199294e-03]
intgraF=[ ...  
   9.996091e-01   7.154232e-04   1.360748e-03;
   5.780550e-04   9.989530e-01   2.439649e-03;
  -4.002150e-03  -1.908572e-03   1.005124e+00]
F=[ ...        
   9.998077e-01   7.108988e-04   1.432885e-03;
   5.376724e-04   9.991487e-01   2.483939e-03;
  -3.906090e-03  -1.870091e-03   1.005234e+00]
R=[ ...        
   9.999965e-01   8.201575e-05   2.662162e-03;
  -8.779608e-05   9.999976e-01   2.171248e-03;
  -2.661978e-03  -2.171474e-03   9.999941e-01]
U=[ ...        
   9.998145e-01   6.281531e-04  -1.243249e-03;
   6.281531e-04   9.991505e-01   3.012115e-04;
  -1.243249e-03   3.012115e-04   1.005237e+00]
l=[ ...        
  -3.858016e-03   7.173060e-03   1.208063e-02;
   5.582030e-03  -1.049652e-02   2.441197e-02;
  -3.914746e-02  -1.942360e-02   5.073047e-02]
d=[ ...        
  -3.858016e-03   6.377545e-03  -1.353342e-02;
   6.377545e-03  -1.049652e-02   2.494188e-03;
  -1.353342e-02   2.494188e-03   5.073047e-02]
