     iteration=         550000       process=              0       (i,j,k)=              0              0              0       (x,y,z)=   5.000000e-03   5.000000e-03   5.028365e-03     particles=             78
fabric=[ ...   
   2.499928e-01   1.029322e-02   2.464458e-02;
   1.029322e-02   1.140460e-01   2.118376e-02;
   2.464458e-02   2.118376e-02   1.915167e-01]
sigma=[ ...    
   1.891863e-05  -1.076019e-05   3.299581e-05;
  -1.317940e-05   5.198484e-05  -2.753920e-05;
  -3.717995e-05   2.830682e-05   7.720020e-05]
sigmaDot=[ ... 
  -4.889071e-04  -1.011713e-02  -1.373563e-01;
   2.074530e-01   2.241845e-02  -4.422941e-03;
   7.930175e-02  -6.079202e-02  -2.503206e-02]
intgraE=[ ...  
   2.162541e-03  -4.287488e-05   4.498496e-03;
  -4.287488e-05   2.854378e-03   5.628434e-03;
   4.498496e-03   5.628434e-03   1.559887e-02]
E=[ ...        
   2.436231e-03  -1.140344e-04   4.515561e-03;
  -1.140344e-04   3.293592e-03   6.005626e-03;
   4.515561e-03   6.005626e-03   1.660504e-02]
e=[ ...        
   2.394400e-03  -1.632182e-04   4.376500e-03;
  -1.632182e-04   3.186811e-03   5.750630e-03;
   4.376500e-03   5.750630e-03   1.597325e-02]
intgraF=[ ...  
   1.002153e+00   1.863669e-03   5.687332e-03;
  -1.971545e-03   1.002822e+00   3.847807e-03;
   3.254697e-03   7.275159e-03   1.015456e+00]
F=[ ...        
   1.002426e+00   1.647976e-03   5.613193e-03;
  -1.898739e-03   1.003259e+00   4.453926e-03;
   3.357558e-03   7.411680e-03   1.016444e+00]
R=[ ...        
   9.999978e-01   1.762582e-03   1.110718e-03;
  -1.760958e-03   9.999974e-01  -1.461443e-03;
  -1.113291e-03   1.459484e-03   9.999983e-01]
U=[ ...        
   1.002423e+00  -1.269762e-04   4.473739e-03;
  -1.269762e-04   1.003271e+00   5.947292e-03;
   4.473739e-03   5.947292e-03   1.016442e+00]
l=[ ...        
   5.403072e-03   6.202082e-03   1.793560e-02;
  -7.037233e-03   8.973068e-03   1.322880e-02;
   1.419782e-02   2.431226e-02   5.344968e-02]
d=[ ...        
   5.403072e-03  -4.175755e-04   1.606671e-02;
  -4.175755e-04   8.973068e-03   1.877053e-02;
   1.606671e-02   1.877053e-02   5.344968e-02]
     iteration=         550000       process=              1       (i,j,k)=              0              0              1       (x,y,z)=   5.000000e-03   5.000000e-03   1.508509e-02     particles=             46
fabric=[ ...   
   9.454911e-02   2.026253e-02  -6.291939e-03;
   2.026253e-02   8.041670e-02   2.077480e-02;
  -6.291939e-03   2.077480e-02   6.852368e-03]
sigma=[ ...    
   1.263317e-04  -4.143680e-05   2.876254e-05;
   2.940674e-06   1.503516e-04   1.466636e-04;
  -1.267754e-04   1.488106e-05   1.768826e-04]
sigmaDot=[ ... 
   7.107517e-01  -2.014452e-03  -1.382242e-01;
   3.237538e-01   2.068170e-02   1.035998e-02;
  -8.300591e-02   2.976199e-02   1.196644e-02]
intgraE=[ ...  
   2.760332e-03  -1.595972e-03   6.670378e-03;
  -1.595972e-03   6.155472e-03   2.292434e-04;
   6.670378e-03   2.292434e-04   3.892975e-03]
E=[ ...        
   3.688466e-03  -1.664397e-03   7.158288e-03;
  -1.664397e-03   5.590896e-03  -1.412210e-04;
   7.158288e-03  -1.412210e-04   5.408044e-03]
e=[ ...        
   3.439002e-03  -1.698843e-03   6.999705e-03;
  -1.698843e-03   5.526350e-03  -1.275421e-04;
   6.999705e-03  -1.275421e-04   5.365017e-03]
intgraF=[ ...  
   1.002648e+00  -1.879410e-03  -1.390769e-03;
  -1.457084e-03   1.006077e+00  -1.032351e-02;
   1.466398e-02   1.080074e-02   1.003831e+00]
F=[ ...        
   1.003561e+00  -1.591338e-03  -1.243178e-03;
  -1.869304e-03   1.005529e+00  -9.842480e-03;
   1.546314e-02   9.561374e-03   1.005345e+00]
R=[ ...        
   9.999654e-01   6.340606e-05  -8.324263e-03;
  -1.437792e-04   9.999534e-01  -9.655048e-03;
   8.323263e-03   9.655910e-03   9.999187e-01]
U=[ ...        
   1.003655e+00  -1.656275e-03   7.126027e-03;
  -1.656275e-03   1.005574e+00  -1.345834e-04;
   7.126027e-03  -1.345834e-04   1.005368e+00]
l=[ ...        
   7.740480e-03  -4.145044e-03  -5.269583e-03;
  -9.160112e-03   2.343568e-02  -4.317250e-02;
   5.065368e-02   4.270711e-02   2.427119e-02]
d=[ ...        
   7.740480e-03  -6.652578e-03   2.269205e-02;
  -6.652578e-03   2.343568e-02  -2.326975e-04;
   2.269205e-02  -2.326975e-04   2.427119e-02]
     iteration=         550000       process=              2       (i,j,k)=              0              1              0       (x,y,z)=   5.000000e-03   1.500000e-02   5.028365e-03     particles=             80
fabric=[ ...   
   1.818170e-01   2.297574e-02  -2.013835e-02;
   2.297574e-02   1.648586e-01   7.681907e-02;
  -2.013835e-02   7.681907e-02   3.054983e-01]
sigma=[ ...    
  -6.379018e-03   3.118674e-03   7.477279e-03;
   2.392975e-03   3.678361e-04   1.390033e-03;
   5.913298e-03  -9.363456e-04  -1.555911e-02]
sigmaDot=[ ... 
   5.743452e+01  -4.433469e+01  -1.449865e+02;
  -6.312239e+01  -1.842028e+01  -3.496822e+01;
  -9.745339e+01  -4.324748e+01   2.519887e+02]
intgraE=[ ...  
   1.365022e-03  -1.656086e-04   3.738827e-03;
  -1.656086e-04   1.012031e-03  -3.368687e-03;
   3.738827e-03  -3.368687e-03   1.074233e-02]
E=[ ...        
   1.886972e-03  -6.812227e-05   3.628184e-03;
  -6.812227e-05   1.320343e-03  -3.701397e-03;
   3.628184e-03  -3.701397e-03   1.209157e-02]
e=[ ...        
   1.841854e-03  -2.176462e-05   3.512705e-03;
  -2.176462e-05   1.263133e-03  -3.563607e-03;
   3.512705e-03  -3.563607e-03   1.179463e-02]
intgraF=[ ...  
   1.001351e+00  -4.536126e-04   2.252181e-03;
   1.628088e-04   1.000982e+00   1.078908e-03;
   5.167060e-03  -7.733707e-03   1.010682e+00]
F=[ ...        
   1.001871e+00  -3.777631e-04   1.803360e-03;
   2.820423e-04   1.001292e+00   1.492599e-04;
   5.384879e-03  -7.461891e-03   1.012018e+00]
R=[ ...        
   9.999984e-01  -3.224823e-04  -1.779512e-03;
   3.292062e-04   9.999928e-01   3.779471e-03;
   1.778281e-03  -3.780051e-03   9.999913e-01]
U=[ ...        
   1.001879e+00  -6.140043e-05   3.603057e-03;
  -6.140043e-05   1.001313e+00  -3.676801e-03;
   3.603057e-03  -3.676801e-03   1.012006e+00]
l=[ ...        
   5.671953e-03  -1.449043e-03   9.580074e-03;
  -2.201738e-04   3.745208e-03   4.435180e-04;
   1.750837e-02  -2.799140e-02   3.479526e-02]
d=[ ...        
   5.671953e-03  -8.346084e-04   1.354422e-02;
  -8.346084e-04   3.745208e-03  -1.377394e-02;
   1.354422e-02  -1.377394e-02   3.479526e-02]
     iteration=         550000       process=              3       (i,j,k)=              0              1              1       (x,y,z)=   5.000000e-03   1.500000e-02   1.508509e-02     particles=             38
fabric=[ ...   
   3.909340e-01   1.257152e-01   4.065440e-02;
   1.257152e-01   3.467406e-01  -8.852552e-03;
   4.065440e-02  -8.852552e-03   6.232538e-02]
sigma=[ ...    
   5.710714e-05   3.156708e-05  -1.430218e-05;
   1.038311e-05   1.136054e-04  -2.753814e-04;
  -4.036416e-05   1.391017e-05   1.403058e-04]
sigmaDot=[ ... 
  -3.194006e-04  -3.341687e-03   1.409161e-02;
  -7.107791e-03   1.101599e-03  -4.943522e-04;
  -8.444729e-03  -3.297930e-03   5.733863e-03]
intgraE=[ ...  
   2.501377e-03   1.295376e-03   5.161235e-03;
   1.295376e-03  -3.269205e-03  -8.067597e-03;
   5.161235e-03  -8.067597e-03   1.683939e-02]
E=[ ...        
   2.951338e-03  -1.756633e-03   4.223079e-03;
  -1.756633e-03  -2.605360e-03  -1.439485e-02;
   4.223079e-03  -1.439485e-02   1.395505e-02]
e=[ ...        
   2.816928e-03  -1.381720e-03   4.006186e-03;
  -1.381720e-03  -3.571696e-03  -1.375838e-02;
   4.006186e-03  -1.375838e-02   1.376574e-02]
intgraF=[ ...  
   1.002381e+00   2.729568e-04  -5.025907e-03;
   2.640477e-03   9.965082e-01   5.039329e-03;
   1.509532e-02  -2.080857e-02   1.016675e+00]
F=[ ...        
   1.002826e+00  -5.564876e-03  -7.128958e-03;
   2.586359e-03   9.968219e-01   4.878831e-03;
   1.537019e-02  -3.323333e-02   1.013822e+00]
R=[ ...        
   9.999292e-01  -4.009730e-03  -1.120783e-02;
   4.221225e-03   9.998123e-01   1.891077e-02;
   1.112990e-02  -1.895674e-02   9.997584e-01]
U=[ ...        
   1.002937e+00  -1.726556e-03   4.175884e-03;
  -1.726556e-03   9.972870e-01  -1.431226e-02;
   4.175884e-03  -1.431226e-02   1.013749e+00]
l=[ ...        
   1.015926e-02  -5.520040e-03  -2.171349e-02;
   1.297111e-02  -7.405598e-03   9.824281e-03;
   5.389857e-02  -8.024645e-02   6.075367e-02]
d=[ ...        
   1.015926e-02   3.725535e-03   1.609254e-02;
   3.725535e-03  -7.405598e-03  -3.521109e-02;
   1.609254e-02  -3.521109e-02   6.075367e-02]
     iteration=         550000       process=              4       (i,j,k)=              1              0              0       (x,y,z)=   1.500000e-02   5.000000e-03   5.028365e-03     particles=             73
fabric=[ ...   
   1.751362e-01   2.360333e-02   3.061124e-02;
   2.360333e-02   2.652305e-01  -3.415756e-02;
   3.061124e-02  -3.415756e-02   2.552855e-01]
sigma=[ ...    
   1.262110e-05  -1.465087e-06  -1.767399e-05;
  -2.779258e-05   3.289442e-05   6.533306e-05;
   1.134782e-05   2.285341e-05   4.139991e-05]
sigmaDot=[ ... 
  -1.024747e-02   3.938722e-04   1.083369e-01;
   4.920173e-01   5.724789e-03  -6.390908e-02;
  -5.655962e-02  -2.204426e-01   1.052972e-02]
intgraE=[ ...  
   3.927415e-04   8.057623e-05  -4.235041e-03;
   8.057623e-05  -2.200103e-03   2.155785e-03;
  -4.235041e-03   2.155785e-03   1.615647e-02]
E=[ ...        
  -1.784507e-02   5.943600e-04  -1.559581e-03;
   5.943600e-04  -2.105267e-03   2.061180e-03;
  -1.559581e-03   2.061180e-03   1.664433e-02]
e=[ ...        
  -1.851980e-02   6.215017e-04  -1.483786e-03;
   6.215017e-04  -2.136294e-03   1.936814e-03;
  -1.483786e-03   1.936814e-03   1.611688e-02]
intgraF=[ ...  
   1.000349e+00  -1.074161e-03   9.106910e-04;
   1.291800e-03   9.977802e-01  -1.551162e-03;
  -9.231146e-03   5.767829e-03   1.016026e+00]
F=[ ...        
   9.819839e-01  -2.527105e-04   8.869023e-04;
   1.462071e-03   9.978766e-01  -1.604343e-03;
  -3.922987e-03   5.630579e-03   1.016506e+00]
R=[ ...        
   9.999967e-01  -8.614735e-04   2.410251e-03;
   8.701247e-04   9.999932e-01  -3.590625e-03;
  -2.407142e-03   3.592710e-03   9.999906e-01]
U=[ ...        
   9.819914e-01   6.020138e-04  -1.561372e-03;
   6.020138e-04   9.978902e-01   2.046917e-03;
  -1.561372e-03   2.046917e-03   1.016505e+00]
l=[ ...        
  -5.594221e-04  -4.393662e-03  -4.669946e-04;
   3.106458e-03  -8.750141e-03  -1.507804e-03;
  -3.250148e-02   2.140603e-02   5.856150e-02]
d=[ ...        
  -5.594221e-04  -6.436019e-04  -1.648424e-02;
  -6.436019e-04  -8.750141e-03   9.949115e-03;
  -1.648424e-02   9.949115e-03   5.856150e-02]
     iteration=         550000       process=              5       (i,j,k)=              1              0              1       (x,y,z)=   1.500000e-02   5.000000e-03   1.508509e-02     particles=             39
fabric=[ ...   
   3.535973e-01   3.138308e-02   4.684709e-02;
   3.138308e-02   2.897264e-01  -1.025820e-02;
   4.684709e-02  -1.025820e-02   1.259072e-01]
sigma=[ ...    
  -5.696767e-04   1.045076e-04  -3.872779e-04;
   3.442334e-04  -5.767599e-04   3.234040e-04;
   1.313533e-04  -9.438656e-05  -2.116903e-04]
sigmaDot=[ ... 
   9.534594e-01  -1.430617e+00   4.196841e+00;
   6.951746e-01   1.406757e+00  -4.653659e-01;
   1.373564e+00  -2.739395e+00   7.468010e-01]
intgraE=[ ...  
  -1.705010e-04  -2.426292e-03  -6.250605e-03;
  -2.426292e-03   1.119382e-03   6.804068e-03;
  -6.250605e-03   6.804068e-03   9.034988e-03]
E=[ ...        
   1.152469e-04  -2.432330e-03  -5.635701e-03;
  -2.432330e-03   1.465858e-03   7.114507e-03;
  -5.635701e-03   7.114507e-03   1.075971e-02]
e=[ ...        
  -1.418833e-04  -2.214526e-03  -5.307705e-03;
  -2.214526e-03   1.315330e-03   6.936683e-03;
  -5.307705e-03   6.936683e-03   1.059673e-02]
intgraF=[ ...  
   9.995668e-01  -6.493115e-04   1.028961e-02;
  -3.967976e-03   1.001066e+00   3.270235e-03;
  -2.257167e-02   1.024950e-02   1.008937e+00]
F=[ ...        
   9.998656e-01  -7.517185e-04   1.098445e-02;
  -3.882196e-03   1.001412e+00   3.881444e-03;
  -2.200528e-02   1.024143e-02   1.010635e+00]
R=[ ...        
   9.998644e-01   1.540619e-03   1.639508e-02;
  -1.489033e-03   9.999939e-01  -3.158193e-03;
  -1.639984e-02   3.133352e-03   9.998606e-01]
U=[ ...        
   1.000097e+00  -2.410710e-03  -5.597076e-03;
  -2.410710e-03   1.001437e+00   7.065020e-03;
  -5.597076e-03   7.065020e-03   1.010662e+00]
l=[ ...        
  -2.205762e-03  -2.374375e-03   2.925202e-02;
  -1.051933e-02   4.062496e-03   1.340533e-02;
  -7.847589e-02   3.766491e-02   4.013146e-02]
d=[ ...        
  -2.205762e-03  -6.446852e-03  -2.461193e-02;
  -6.446852e-03   4.062496e-03   2.553512e-02;
  -2.461193e-02   2.553512e-02   4.013146e-02]
     iteration=         550000       process=              6       (i,j,k)=              1              1              0       (x,y,z)=   1.500000e-02   1.500000e-02   5.028365e-03     particles=             65
fabric=[ ...   
   2.908825e-01  -1.155798e-02   5.763301e-03;
  -1.155798e-02   9.369488e-02   7.403296e-02;
   5.763301e-03   7.403296e-02   2.820893e-01]
sigma=[ ...    
  -3.385023e-03   2.784262e-03   5.243083e-03;
   2.318728e-03  -2.809719e-04   1.187066e-04;
   3.587091e-03  -2.493018e-03  -3.235236e-03]
sigmaDot=[ ... 
   1.095538e+02  -1.132193e+02  -1.879703e+02;
  -3.582080e+02  -1.703300e+02  -9.685019e+01;
  -1.101576e+02   4.555469e+01   5.385387e+01]
intgraE=[ ...  
  -8.616169e-04   1.841031e-03  -1.477912e-03;
   1.841031e-03   9.765502e-04  -3.938542e-03;
  -1.477912e-03  -3.938542e-03   1.525873e-02]
E=[ ...        
  -4.637685e-04   2.134728e-03  -1.188421e-03;
   2.134728e-03   9.743069e-04  -4.108060e-03;
  -1.188421e-03  -4.108060e-03   1.617687e-02]
e=[ ...        
  -4.795959e-04   2.114629e-03  -1.117648e-03;
   2.114629e-03   9.107183e-04  -3.931824e-03;
  -1.117648e-03  -3.931824e-03   1.565944e-02]
intgraF=[ ...  
   9.991308e-01   1.830766e-03   4.223219e-04;
   1.829337e-03   1.000953e+00  -1.219010e-03;
  -3.325195e-03  -6.558370e-03   1.015143e+00]
F=[ ...        
   9.995303e-01   2.022319e-03   2.642006e-04;
   2.228633e-03   1.000950e+00  -1.429211e-03;
  -2.596074e-03  -6.678909e-03   1.016047e+00]
R=[ ...        
   9.999990e-01  -1.036200e-04   1.415998e-03;
   9.993625e-05   9.999966e-01   2.601358e-03;
  -1.416263e-03  -2.601213e-03   9.999956e-01]
U=[ ...        
   9.995332e-01   2.131807e-03  -1.174932e-03;
   2.131807e-03   1.000963e+00  -4.072189e-03;
  -1.174932e-03  -4.072189e-03   1.016039e+00]
l=[ ...        
  -5.283205e-03   8.317970e-03  -1.359155e-04;
   9.186428e-03   1.803095e-03  -3.440876e-03;
  -1.176289e-02  -2.120921e-02   5.352513e-02]
d=[ ...        
  -5.283205e-03   8.752199e-03  -5.949403e-03;
   8.752199e-03   1.803095e-03  -1.232504e-02;
  -5.949403e-03  -1.232504e-02   5.352513e-02]
     iteration=         550000       process=              7       (i,j,k)=              1              1              1       (x,y,z)=   1.500000e-02   1.500000e-02   1.508509e-02     particles=             46
fabric=[ ...   
   1.848075e-01  -1.119085e-03  -2.974605e-02;
  -1.119085e-03   1.973781e-01   2.063271e-02;
  -2.974605e-02   2.063271e-02   4.638586e-02]
sigma=[ ...    
  -5.581314e-06   2.602078e-04  -8.054765e-06;
   2.831980e-04  -3.722944e-04   8.267224e-05;
  -1.323711e-04  -2.213639e-04   1.912815e-05]
sigmaDot=[ ... 
  -1.249265e+00  -2.651714e+01   1.140254e+02;
   4.230973e+01  -1.014631e+02  -2.211794e+02;
  -1.501954e+02  -5.730465e+02  -1.436077e+02]
intgraE=[ ...  
  -1.007158e-03   1.459478e-03  -4.361567e-03;
   1.459478e-03  -3.098665e-03   1.288273e-03;
  -4.361567e-03   1.288273e-03   1.435854e-02]
E=[ ...        
   1.348674e-05   1.536752e-03  -3.885735e-03;
   1.536752e-03  -1.932849e-03   1.164673e-03;
  -3.885735e-03   1.164673e-03   1.417818e-02]
e=[ ...        
  -6.844299e-05   1.536429e-03  -3.702754e-03;
   1.536429e-03  -1.933696e-03   1.234296e-03;
  -3.702754e-03   1.234296e-03   1.378968e-02]
intgraF=[ ...  
   9.989313e-01   1.662836e-03   2.407241e-03;
   1.207345e-03   9.968829e-01   7.613080e-03;
  -1.098079e-02  -4.946440e-03   1.014225e+00]
F=[ ...        
   9.999596e-01   1.625985e-03   2.653268e-03;
   1.399962e-03   9.980520e-01   7.300929e-03;
  -1.029028e-02  -4.892932e-03   1.014049e+00]
R=[ ...        
   9.999794e-01   7.823547e-05   6.422196e-03;
  -1.171209e-04   9.999817e-01   6.054698e-03;
  -6.421604e-03  -6.055325e-03   9.999610e-01]
U=[ ...        
   1.000005e+00   1.540480e-03  -3.859466e-03;
   1.540480e-03   9.980634e-01   1.160604e-03;
  -3.859466e-03   1.160604e-03   1.014071e+00]
l=[ ...        
  -4.933239e-03   2.323878e-03   8.600860e-04;
   3.773812e-03  -1.140153e-02   3.397431e-02;
  -3.879914e-02  -1.507544e-02   5.096161e-02]
d=[ ...        
  -4.933239e-03   3.048845e-03  -1.896953e-02;
   3.048845e-03  -1.140153e-02   9.449435e-03;
  -1.896953e-02   9.449435e-03   5.096161e-02]
