     iteration=         750000       process=              0       (i,j,k)=              0              0              0       (x,y,z)=   5.000000e-03   5.000000e-03   5.042714e-03     particles=             78
fabric=[ ...   
   2.762334e-01  -7.441045e-03   1.453916e-02;
  -7.441045e-03   1.680276e-01   4.333060e-02;
   1.453916e-02   4.333060e-02   1.807390e-01]
sigma=[ ...    
   2.884551e-05  -1.867525e-05   5.578558e-06;
   5.857787e-06   4.985807e-05  -2.387822e-05;
  -3.576810e-05   3.492649e-06   7.120750e-05]
sigmaDot=[ ... 
   6.759238e-03  -2.313782e-02  -3.852869e-03;
  -2.543675e-01   3.390183e-02   1.373055e-03;
   1.155009e-02  -7.342762e-02   1.382985e-04]
intgraE=[ ...  
   2.683101e-03  -6.302237e-05   6.065304e-03;
  -6.302237e-05   3.770353e-03   7.518525e-03;
   6.065304e-03   7.518525e-03   2.117158e-02]
E=[ ...        
   3.134638e-03  -3.112142e-04   6.373902e-03;
  -3.112142e-04   4.557753e-03   7.601039e-03;
   6.373902e-03   7.601039e-03   2.211033e-02]
e=[ ...        
   3.052453e-03  -3.964818e-04   6.112171e-03;
  -3.964818e-04   4.383040e-03   7.176326e-03;
   6.112171e-03   7.176326e-03   2.100477e-02]
intgraF=[ ...  
   1.002665e+00   2.475000e-03   7.348095e-03;
  -2.642801e-03   1.003714e+00   5.185906e-03;
   4.678789e-03   9.612671e-03   1.020912e+00]
F=[ ...        
   1.003114e+00   1.935622e-03   7.678946e-03;
  -2.598619e-03   1.004502e+00   5.619599e-03;
   4.951474e-03   9.338485e-03   1.021827e+00]
R=[ ...        
   9.999966e-01   2.248995e-03   1.336277e-03;
  -2.246549e-03   9.999958e-01  -1.829553e-03;
  -1.340386e-03   1.826545e-03   9.999974e-01]
U=[ ...        
   1.003110e+00  -3.335645e-04   6.296653e-03;
  -3.335645e-04   1.004519e+00   7.503258e-03;
   6.296653e-03   7.503258e-03   1.021824e+00]
l=[ ...        
   3.662951e-03   5.909245e-03   1.389252e-02;
  -5.130570e-03   9.596850e-03   1.215050e-02;
   1.330224e-02   2.166578e-02   5.327892e-02]
d=[ ...        
   3.662951e-03   3.893378e-04   1.359738e-02;
   3.893378e-04   9.596850e-03   1.690814e-02;
   1.359738e-02   1.690814e-02   5.327892e-02]
     iteration=         750000       process=              1       (i,j,k)=              0              0              1       (x,y,z)=   5.000000e-03   5.000000e-03   1.512814e-02     particles=             46
fabric=[ ...   
   2.645306e-01  -3.772660e-02   5.211042e-02;
  -3.772660e-02   2.708921e-01   5.771883e-03;
   5.211042e-02   5.771883e-03   1.312439e-01]
sigma=[ ...    
   5.603151e-05   1.342430e-05  -7.426165e-05;
   1.506838e-04  -9.336146e-05   2.417927e-04;
  -2.636869e-04   8.329153e-05   1.440928e-05]
sigmaDot=[ ... 
  -4.709015e-02   4.394814e-01   2.900323e+00;
  -4.449858e+00  -4.266614e-02  -4.608989e-01;
  -3.377063e-01   2.330544e-01  -2.141771e-01]
intgraE=[ ...  
   3.609070e-03  -2.386433e-03   9.587987e-03;
  -2.386433e-03   7.679623e-03   2.940658e-04;
   9.587987e-03   2.940658e-04   6.686804e-03]
E=[ ...        
   5.099081e-03  -2.869012e-03   1.038727e-02;
  -2.869012e-03   6.838279e-03  -6.294057e-04;
   1.038727e-02  -6.294057e-04   9.666668e-03]
e=[ ...        
   4.588713e-03  -2.912962e-03   9.997182e-03;
  -2.912962e-03   6.753316e-03  -6.337432e-04;
   9.997182e-03  -6.337432e-04   9.488825e-03]
intgraF=[ ...  
   1.003390e+00  -2.252205e-03  -1.444290e-03;
  -2.790200e-03   1.007542e+00  -1.398694e-02;
   2.045184e-02   1.458156e-02   1.006566e+00]
F=[ ...        
   1.004843e+00  -1.471900e-03  -1.127800e-03;
  -4.501563e-03   1.006735e+00  -1.389772e-02;
   2.163916e-02   1.261074e-02   1.009524e+00]
R=[ ...        
   9.999349e-01   1.360741e-03  -1.132906e-02;
  -1.509660e-03   9.999124e-01  -1.314670e-02;
   1.131018e-02   1.316295e-02   9.998494e-01]
U=[ ...        
   1.005029e+00  -2.849002e-03   1.031115e-02;
  -2.849002e-03   1.006811e+00  -6.097243e-04;
   1.031115e-02  -6.097243e-04   1.009568e+00]
l=[ ...        
   8.776403e-03  -4.479255e-03  -8.569934e-05;
  -1.209651e-02   1.480911e-02  -3.719927e-02;
   5.907657e-02   3.763094e-02   2.855481e-02]
d=[ ...        
   8.776403e-03  -8.287883e-03   2.949544e-02;
  -8.287883e-03   1.480911e-02   2.158355e-04;
   2.949544e-02   2.158355e-04   2.855481e-02]
     iteration=         750000       process=              2       (i,j,k)=              0              1              0       (x,y,z)=   5.000000e-03   1.500000e-02   5.042714e-03     particles=             80
fabric=[ ...   
   1.938065e-01   3.742566e-02   1.217459e-02;
   3.742566e-02   1.371426e-01   2.901654e-02;
   1.217459e-02   2.901654e-02   2.357176e-01]
sigma=[ ...    
   1.322232e-05   1.705558e-05  -6.262789e-06;
   6.255570e-06   1.834294e-05  -1.614215e-05;
  -1.053386e-05  -5.599176e-06   3.720148e-05]
sigmaDot=[ ... 
   2.444555e-01  -3.842788e-01   4.703606e-01;
   2.359940e+00  -1.221843e-01   2.127120e-02;
  -2.984996e-02  -3.442091e-01   5.529113e-02]
intgraE=[ ...  
   1.910555e-03  -3.438318e-04   5.198359e-03;
  -3.438318e-04   1.490157e-03  -4.731185e-03;
   5.198359e-03  -4.731185e-03   1.429952e-02]
E=[ ...        
   2.759967e-03  -1.558354e-04   5.317285e-03;
  -1.558354e-04   2.034089e-03  -5.012129e-03;
   5.317285e-03  -5.012129e-03   1.652423e-02]
e=[ ...        
   2.670748e-03  -6.770923e-05   5.094456e-03;
  -6.770923e-05   1.928746e-03  -4.759085e-03;
   5.094456e-03  -4.759085e-03   1.596476e-02]
intgraF=[ ...  
   1.001885e+00  -6.204066e-04   3.401292e-03;
   6.133733e-06   1.001434e+00   1.168307e-03;
   6.891206e-03  -1.048148e-02   1.014192e+00]
F=[ ...        
   1.002730e+00  -4.261600e-04   3.281721e-03;
   1.879916e-04   1.001981e+00   2.048354e-04;
   7.225466e-03  -1.006322e-02   1.016385e+00]
R=[ ...        
   9.999980e-01  -2.928554e-04  -1.954361e-03;
   3.027921e-04   9.999870e-01   5.086054e-03;
   1.952846e-03  -5.086636e-03   9.999852e-01]
U=[ ...        
   1.002742e+00  -1.424190e-04   5.266618e-03;
  -1.424190e-04   1.002020e+00  -4.966106e-03;
   5.266618e-03  -4.966106e-03   1.016364e+00]
l=[ ...        
   5.402971e-03  -1.892217e-03   1.264602e-02;
  -2.420790e-03   4.975701e-03   1.061581e-03;
   1.655599e-02  -2.662353e-02   3.427017e-02]
d=[ ...        
   5.402971e-03  -2.156504e-03   1.460101e-02;
  -2.156504e-03   4.975701e-03  -1.278097e-02;
   1.460101e-02  -1.278097e-02   3.427017e-02]
     iteration=         750000       process=              3       (i,j,k)=              0              1              1       (x,y,z)=   5.000000e-03   1.500000e-02   1.512814e-02     particles=             38
fabric=[ ...   
   2.680722e-01  -1.356640e-03   6.349936e-03;
  -1.356640e-03   1.478430e-01  -2.719565e-02;
   6.349936e-03  -2.719565e-02   1.265623e-02]
sigma=[ ...    
   5.550017e-05  -1.830858e-05  -1.953934e-05;
   1.695628e-05   1.469851e-04  -3.758088e-04;
  -1.768015e-05   1.391950e-05   1.724422e-04]
sigmaDot=[ ... 
   5.177213e+01   7.560704e+01   2.443173e+02;
   2.404921e+02   1.183458e+02  -8.110384e+00;
  -2.205081e+01   2.054874e+01  -2.324607e+01]
intgraE=[ ...  
   3.597681e-03   1.541689e-03   6.848645e-03;
   1.541689e-03  -4.432837e-03  -1.172340e-02;
   6.848645e-03  -1.172340e-02   2.329359e-02]
E=[ ...        
   4.317078e-03  -2.931055e-03   5.653116e-03;
  -2.931055e-03  -1.733366e-03  -2.071584e-02;
   5.653116e-03  -2.071584e-02   2.010278e-02]
e=[ ...        
   4.073219e-03  -2.200730e-03   5.243633e-03;
  -2.200730e-03  -3.674484e-03  -1.939686e-02;
   5.243633e-03  -1.939686e-02   1.969241e-02]
intgraF=[ ...  
   1.003368e+00  -4.699340e-04  -7.539905e-03;
   4.167850e-03   9.951477e-01   5.783796e-03;
   2.076130e-02  -2.854987e-02   1.022984e+00]
F=[ ...        
   1.004076e+00  -8.905161e-03  -1.030283e-02;
   4.095330e-03   9.971014e-01   6.792998e-03;
   2.120278e-02  -4.735763e-02   1.019830e+00]
R=[ ...        
   9.998568e-01  -6.369195e-03  -1.568116e-02;
   6.787164e-03   9.996192e-01   2.674688e-02;
   1.550483e-02  -2.684948e-02   9.995192e-01]
U=[ ...        
   1.004288e+00  -2.870667e-03   5.557049e-03;
  -2.870667e-03   9.980500e-01  -2.052587e-02;
   5.557049e-03  -2.052587e-02   1.019683e+00]
l=[ ...        
   1.129186e-02  -1.033267e-02  -2.617335e-02;
   1.674543e-02  -1.419717e-02   6.505934e-03;
   5.637066e-02  -7.594338e-02   6.351389e-02]
d=[ ...        
   1.129186e-02   3.206381e-03   1.509865e-02;
   3.206381e-03  -1.419717e-02  -3.471872e-02;
   1.509865e-02  -3.471872e-02   6.351389e-02]
     iteration=         750000       process=              4       (i,j,k)=              1              0              0       (x,y,z)=   1.500000e-02   5.000000e-03   5.042714e-03     particles=             73
fabric=[ ...   
   2.134236e-01   1.079051e-02   5.119235e-02;
   1.079051e-02   3.157421e-01  -3.515127e-02;
   5.119235e-02  -3.515127e-02   2.208342e-01]
sigma=[ ...    
  -3.147187e-05  -5.641147e-07  -6.229738e-05;
   5.726819e-05  -2.870099e-04   8.949945e-05;
  -4.041562e-05   2.903249e-05  -7.262364e-05]
sigmaDot=[ ... 
   8.407363e-02   1.204182e-01   1.228011e-01;
  -6.692346e-01  -6.207508e-01  -1.260038e-01;
  -7.750854e-02  -3.475217e-02  -1.414999e-01]
intgraE=[ ...  
   3.411308e-04  -6.564017e-05  -5.934947e-03;
  -6.564017e-05  -2.994358e-03   3.235906e-03;
  -5.934947e-03   3.235906e-03   2.220302e-02]
E=[ ...        
  -3.107117e-02   8.412819e-04  -1.437252e-03;
   8.412819e-04  -2.569931e-03   3.115072e-03;
  -1.437252e-03   3.115072e-03   2.308997e-02]
e=[ ...        
  -3.314416e-02   8.928987e-04  -1.346737e-03;
   8.928987e-04  -2.629306e-03   2.875965e-03;
  -1.346737e-03   2.875965e-03   2.208274e-02]
intgraF=[ ...  
   1.000262e+00  -1.483949e-03   9.124793e-04;
   1.457082e-03   9.969682e-01  -1.671829e-03;
  -1.250555e-02   7.965014e-03   1.021960e+00]
F=[ ...        
   9.684221e-01  -1.464253e-04   8.201244e-04;
   1.857076e-03   9.973964e-01  -1.730142e-03;
  -3.583710e-03   7.778341e-03   1.022828e+00]
R=[ ...        
   9.999970e-01  -1.014040e-03   2.217531e-03;
   1.024467e-03   9.999884e-01  -4.705694e-03;
  -2.212733e-03   4.707951e-03   9.999865e-01]
U=[ ...        
   9.684291e-01   8.581631e-04  -1.444895e-03;
   8.581631e-04   9.974216e-01   3.084469e-03;
  -1.444895e-03   3.084469e-03   1.022824e+00]
l=[ ...        
  -9.142544e-04  -4.287311e-03   2.029085e-04;
   1.263872e-03  -7.803282e-03  -1.095038e-03;
  -3.207387e-02   2.169469e-02   5.823054e-02]
d=[ ...        
  -9.142544e-04  -1.511720e-03  -1.593548e-02;
  -1.511720e-03  -7.803282e-03   1.029983e-02;
  -1.593548e-02   1.029983e-02   5.823054e-02]
     iteration=         750000       process=              5       (i,j,k)=              1              0              1       (x,y,z)=   1.500000e-02   5.000000e-03   1.512814e-02     particles=             39
fabric=[ ...   
   2.388276e-01   3.260100e-02   2.085834e-02;
   3.260100e-02   1.184800e-01  -1.048553e-02;
   2.085834e-02  -1.048553e-02   1.769235e-02]
sigma=[ ...    
  -1.672260e-05  -6.710123e-05  -8.354742e-05;
  -4.968592e-05   5.852138e-05   1.408937e-04;
   1.603980e-04  -3.979376e-05   1.201287e-04]
sigmaDot=[ ... 
   7.921444e-01  -3.234788e-01   1.461008e+00;
   1.113781e+01  -7.653832e-01   2.274774e+00;
  -5.179177e-02   1.912346e+00  -1.545776e-01]
intgraE=[ ...  
  -3.075304e-04  -3.063061e-03  -8.938082e-03;
  -3.063061e-03   1.396550e-03   9.426685e-03;
  -8.938082e-03   9.426685e-03   1.359363e-02]
E=[ ...        
   2.332594e-04  -3.080774e-03  -7.580308e-03;
  -3.080774e-03   2.000329e-03   1.002893e-02;
  -7.580308e-03   1.002893e-02   1.661312e-02]
e=[ ...        
  -2.175620e-04  -2.678309e-03  -6.919576e-03;
  -2.678309e-03   1.713656e-03   9.645330e-03;
  -6.919576e-03   9.645330e-03   1.617598e-02]
intgraF=[ ...  
   9.992147e-01  -6.819947e-04   1.305959e-02;
  -5.008116e-03   1.001296e+00   4.564171e-03;
  -3.049378e-02   1.410310e-02   1.013408e+00]
F=[ ...        
   9.997862e-01  -9.892071e-04   1.487359e-02;
  -4.748892e-03   1.001899e+00   5.786203e-03;
  -2.952082e-02   1.404569e-02   1.016352e+00]
R=[ ...        
   9.997564e-01   1.828431e-03   2.199579e-02;
  -1.738957e-03   9.999901e-01  -4.086193e-03;
  -2.200305e-02   4.046948e-03   9.997497e-01]
U=[ ...        
   1.000200e+00  -3.040274e-03  -7.502938e-03;
  -3.040274e-03   1.001945e+00   9.926466e-03;
  -7.502938e-03   9.926466e-03   1.016401e+00]
l=[ ...        
  -3.989581e-03   6.567833e-04   2.186640e-02;
  -1.026557e-02   1.157534e-03   1.180919e-02;
  -7.725360e-02   3.920003e-02   4.819999e-02]
d=[ ...        
  -3.989581e-03  -4.804393e-03  -2.769360e-02;
  -4.804393e-03   1.157534e-03   2.550461e-02;
  -2.769360e-02   2.550461e-02   4.819999e-02]
     iteration=         750000       process=              6       (i,j,k)=              1              1              0       (x,y,z)=   1.500000e-02   1.500000e-02   5.042714e-03     particles=             64
fabric=[ ...   
   2.446742e-01   3.802843e-03   4.527434e-02;
   3.802843e-03   1.055769e-01   3.498122e-02;
   4.527434e-02   3.498122e-02   2.286963e-01]
sigma=[ ...    
  -1.195928e-04  -9.987515e-05  -6.591159e-05;
  -5.019567e-06   2.370848e-05   1.806664e-05;
   5.486305e-05   4.001718e-05   3.861309e-05]
sigmaDot=[ ... 
  -5.694903e+00   5.177041e+00  -5.153958e+01;
   5.137348e+00   4.177189e-01   8.273370e-01;
   5.672813e-01   6.575006e+00  -7.121156e-01]
intgraE=[ ...  
  -1.462412e-03   2.591260e-03  -2.061350e-03;
   2.591260e-03   1.195438e-03  -5.220230e-03;
  -2.061350e-03  -5.220230e-03   2.048919e-02]
E=[ ...        
  -6.973420e-04   2.621822e-03  -8.802144e-04;
   2.621822e-03   1.222720e-03  -4.169179e-03;
  -8.802144e-04  -4.169179e-03   1.702979e-02]
e=[ ...        
  -7.184178e-04   2.599622e-03  -7.976798e-04;
   2.599622e-03   1.147796e-03  -3.974936e-03;
  -7.976798e-04  -3.974936e-03   1.646483e-02]
intgraF=[ ...  
   9.985230e-01   2.501826e-03   4.570559e-04;
   2.642598e-03   1.001154e+00  -1.624404e-03;
  -4.483847e-03  -8.640085e-03   1.020282e+00]
F=[ ...        
   9.992931e-01   2.414464e-03   1.582680e-03;
   2.803325e-03   1.001192e+00  -8.418021e-04;
  -3.284175e-03  -7.374844e-03   1.016886e+00]
R=[ ...        
   9.999971e-01  -1.947055e-04   2.408998e-03;
   1.869132e-04   9.999948e-01   3.234429e-03;
  -2.409616e-03  -3.233970e-03   9.999919e-01]
U=[ ...        
   9.992986e-01   2.619364e-03  -8.677854e-04;
   2.619364e-03   1.001210e+00  -4.130683e-03;
  -8.677854e-04  -4.130683e-03   1.016878e+00]
l=[ ...        
  -5.853323e-03   5.261420e-03   3.402761e-03;
   7.233644e-03   1.044465e-03  -4.996096e-04;
  -1.071123e-02  -1.817192e-02   4.288003e-02]
d=[ ...        
  -5.853323e-03   6.247532e-03  -3.654236e-03;
   6.247532e-03   1.044465e-03  -9.335765e-03;
  -3.654236e-03  -9.335765e-03   4.288003e-02]
     iteration=         750000       process=              7       (i,j,k)=              1              1              1       (x,y,z)=   1.500000e-02   1.500000e-02   1.512814e-02     particles=             47
fabric=[ ...   
   1.903352e-01   3.912755e-02  -6.439147e-02;
   3.912755e-02   1.881997e-01   1.108443e-02;
  -6.439147e-02   1.108443e-02   7.601051e-02]
sigma=[ ...    
   3.626460e-05  -2.415152e-05   1.104744e-04;
   5.595637e-05   5.856779e-05   8.939853e-05;
   1.189225e-05  -2.156934e-05  -1.556865e-06]
sigmaDot=[ ... 
  -2.244052e-02  -3.847568e-01  -2.204180e+00;
  -4.171406e+00  -1.431932e+00   1.613467e+00;
   4.832058e-01   7.555774e+00   1.062127e+00]
intgraE=[ ...  
  -1.466597e-03   1.631369e-03  -6.263274e-03;
   1.631369e-03  -4.222572e-03   2.094159e-03;
  -6.263274e-03   2.094159e-03   1.952451e-02]
E=[ ...        
   3.341081e-05   1.869124e-03  -5.555757e-03;
   1.869124e-03  -3.108414e-03   1.311409e-03;
  -5.555757e-03   1.311409e-03   1.783919e-02]
e=[ ...        
  -1.270913e-04   1.860274e-03  -5.232181e-03;
   1.860274e-03  -3.114717e-03   1.457424e-03;
  -5.232181e-03   1.457424e-03   1.723383e-02]
intgraF=[ ...  
   9.984199e-01   1.826737e-03   2.670295e-03;
   1.347825e-03   9.957457e-01   1.084248e-02;
  -1.491964e-02  -6.487852e-03   1.019276e+00]
F=[ ...        
   9.999281e-01   1.988273e-03   3.542631e-03;
   1.647423e-03   9.968567e-01   1.026236e-02;
  -1.441670e-02  -7.482455e-03   1.017625e+00]
R=[ ...        
   9.999604e-01   1.014089e-04   8.893439e-03;
  -1.796647e-04   9.999613e-01   8.798910e-03;
  -8.892202e-03  -8.800159e-03   9.999217e-01]
U=[ ...        
   1.000016e+00   1.875630e-03  -5.508279e-03;
   1.875630e-03   9.968841e-01   1.307065e-03;
  -5.508279e-03   1.307065e-03   1.017667e+00]
l=[ ...        
  -4.632135e-03   1.599976e-03   4.774696e-03;
   7.648253e-04  -1.113793e-02   3.090656e-02;
  -3.912498e-02  -1.561469e-02   4.603399e-02]
d=[ ...        
  -4.632135e-03   1.182400e-03  -1.717514e-02;
   1.182400e-03  -1.113793e-02   7.645938e-03;
  -1.717514e-02   7.645938e-03   4.603399e-02]
