     iteration=        1150000       process=              0       (i,j,k)=              0              0              0       (x,y,z)=   5.000000e-03   5.000000e-03   5.085829e-03     particles=             77
fabric=[ ...   
   4.158290e-01   6.658375e-02  -1.892994e-02;
   6.658375e-02   1.890847e-01  -4.474263e-02;
  -1.892994e-02  -4.474263e-02   3.261207e-01]
sigma=[ ...    
  -1.413687e-01  -7.902133e-02  -2.863661e-02;
  -2.135730e-01  -2.212510e-01   2.817852e-02;
  -3.111014e-02   9.063666e-02  -1.685963e-01]
sigmaDot=[ ... 
  -1.671577e+04  -1.998335e+04   1.532092e+04;
  -1.554539e+04  -2.230344e+04  -7.557281e+03;
  -2.016445e+04  -5.725786e+03  -1.663469e+03]
intgraE=[ ...  
  -9.121185e-04  -8.151138e-03   9.759622e-03;
  -8.151138e-03  -3.518941e-03   9.254869e-03;
   9.759622e-03   9.254869e-03   3.647987e-02]
E=[ ...        
   1.249913e-03  -5.622844e-03   1.075207e-02;
  -5.622844e-03   1.265991e-03   1.053288e-02;
   1.075207e-02   1.053288e-02   3.536238e-02]
e=[ ...        
   9.961938e-04  -5.818843e-03   1.019375e-02;
  -5.818843e-03   9.434768e-04   9.849764e-03;
   1.019375e-02   9.849764e-03   3.264091e-02]
intgraF=[ ...  
   9.990171e-01  -7.622235e-03   1.137212e-02;
  -8.832784e-03   9.963433e-01   3.818303e-03;
   7.909133e-03   1.428126e-02   1.035768e+00]
F=[ ...        
   1.001192e+00  -4.815538e-03   1.272029e-02;
  -6.529058e-03   1.001167e+00   7.488535e-03;
   8.522272e-03   1.317324e-02   1.034653e+00]
R=[ ...        
   9.999976e-01   8.332620e-04   2.048916e-03;
  -8.275581e-04   9.999958e-01  -2.783132e-03;
  -2.051226e-03   2.781429e-03   9.999940e-01]
U=[ ...        
   1.001177e+00  -5.671072e-03   1.059175e-02;
  -5.671072e-03   1.001195e+00   1.037692e-02;
   1.059175e-02   1.037692e-02   1.034652e+00]
l=[ ...        
  -8.133306e-02  -1.863735e-01   3.161739e-02;
  -1.231302e-01  -1.321733e-01  -7.464169e-02;
   2.212338e-03   1.877926e-02   1.423793e-01]
d=[ ...        
  -8.133306e-02  -1.547518e-01   1.691486e-02;
  -1.547518e-01  -1.321733e-01  -2.793122e-02;
   1.691486e-02  -2.793122e-02   1.423793e-01]
     iteration=        1150000       process=              1       (i,j,k)=              0              0              1       (x,y,z)=   5.000000e-03   5.000000e-03   1.525749e-02     particles=             47
fabric=[ ...   
   2.655895e-01  -1.793637e-02  -1.480656e-02;
  -1.793637e-02   3.883124e-01  -6.021853e-02;
  -1.480656e-02  -6.021853e-02   2.426498e-01]
sigma=[ ...    
  -2.923394e-01   1.557821e-01   5.553944e-03;
   2.590282e-02  -1.448897e+00   8.120074e-02;
   8.813018e-02  -8.631692e-02  -5.601510e-01]
sigmaDot=[ ... 
   4.969338e+03   1.075539e+04   5.646847e+04;
   6.342292e+04   8.866179e+03  -8.185666e+03;
   3.567254e+02  -9.179919e+04  -3.305364e+03]
intgraE=[ ...  
   6.206663e-03  -4.921373e-03   1.977927e-02;
  -4.921373e-03   5.120236e-03   4.941533e-03;
   1.977927e-02   4.941533e-03   1.220471e-02]
E=[ ...        
   8.719921e-03  -7.795008e-03   1.829588e-02;
  -7.795008e-03   2.887890e-03   1.170544e-03;
   1.829588e-02   1.170544e-03   2.168901e-02]
e=[ ...        
   6.946689e-03  -7.998428e-03   1.685275e-02;
  -7.998428e-03   2.809608e-03   8.113079e-04;
   1.685275e-02   8.113079e-04   2.100272e-02]
intgraF=[ ...  
   1.005409e+00  -3.913807e-03   4.824389e-06;
  -6.797101e-03   1.004821e+00  -1.398416e-02;
   3.898942e-02   2.365005e-02   1.012035e+00]
F=[ ...        
   1.007739e+00  -1.838232e-03  -5.615324e-03;
  -1.441072e-02   1.002733e+00  -1.531156e-02;
   4.115218e-02   1.731486e-02   1.021329e+00]
R=[ ...        
   9.997143e-01   5.933039e-03  -2.315629e-02;
  -6.306329e-03   9.998508e-01  -1.608088e-02;
   2.305743e-02   1.622232e-02   9.996025e-01]
U=[ ...        
   1.008491e+00  -7.762033e-03   1.803205e-02;
  -7.762033e-03   1.002853e+00   1.225725e-03;
   1.803205e-02   1.225725e-03   1.021299e+00]
l=[ ...        
   8.096848e-03  -3.420838e-02   6.974930e-03;
  -8.481321e-02  -1.141188e-01   8.942278e-02;
   2.372554e-01   5.920335e-02   5.987813e-02]
d=[ ...        
   8.096848e-03  -5.951079e-02   1.221152e-01;
  -5.951079e-02  -1.141188e-01   7.431306e-02;
   1.221152e-01   7.431306e-02   5.987813e-02]
     iteration=        1150000       process=              2       (i,j,k)=              0              1              0       (x,y,z)=   5.000000e-03   1.500000e-02   5.085829e-03     particles=             79
fabric=[ ...   
   4.041817e-01   1.340465e-02  -6.929468e-03;
   1.340465e-02   3.077006e-01  -8.466164e-03;
  -6.929468e-03  -8.466164e-03   2.587059e-01]
sigma=[ ...    
  -1.579991e+00  -3.254395e-01  -1.435356e-01;
  -4.915797e-01  -1.396232e+00  -2.872940e-01;
  -1.277349e-01  -6.128376e-02  -1.280159e+00]
sigmaDot=[ ... 
  -5.189649e+03   3.902819e+03   1.221811e+04;
   1.087008e+04   4.219335e+03   7.221961e+03;
   8.038863e+02   3.482113e+03   1.157623e+04]
intgraE=[ ...  
  -7.425344e-03  -6.776226e-03   1.193587e-02;
  -6.776226e-03   8.032895e-03  -8.625561e-03;
   1.193587e-02  -8.625561e-03   2.584805e-02]
E=[ ...        
  -3.060667e-03  -5.020237e-03   1.408430e-02;
  -5.020237e-03   1.214979e-02  -9.584595e-04;
   1.408430e-02  -9.584595e-04   3.229583e-02]
e=[ ...        
  -3.610319e-03  -4.837955e-03   1.321897e-02;
  -4.837955e-03   1.182523e-02  -7.315834e-04;
   1.321897e-02  -7.315834e-04   3.007338e-02]
intgraF=[ ...  
   9.923708e-01  -2.743779e-03   8.060417e-03;
  -1.049299e-02   1.007863e+00  -3.862857e-04;
   1.547431e-02  -1.642110e-02   1.025491e+00]
F=[ ...        
   9.967644e-01  -3.125685e-03   1.054290e-02;
  -6.772576e-03   1.012064e+00   2.340947e-03;
   1.713200e-02  -4.122334e-03   1.031734e+00]
R=[ ...        
   9.999931e-01   1.840918e-03  -3.236783e-03;
  -1.830658e-03   9.999933e-01   3.169908e-03;
   3.242597e-03  -3.163961e-03   9.999897e-01]
U=[ ...        
   9.968255e-01  -4.991773e-03   1.388404e-02;
  -4.991773e-03   1.012064e+00  -9.040261e-04;
   1.388404e-02  -9.040261e-04   1.031697e+00]
l=[ ...        
  -1.711508e-01  -3.881162e-03   2.823363e-02;
  -1.957326e-01   1.170443e-01  -4.395681e-02;
   1.128239e-01  -5.466000e-02   1.128398e-01]
d=[ ...        
  -1.711508e-01  -9.980686e-02   7.052875e-02;
  -9.980686e-02   1.170443e-01  -4.930840e-02;
   7.052875e-02  -4.930840e-02   1.128398e-01]
     iteration=        1150000       process=              3       (i,j,k)=              0              1              1       (x,y,z)=   5.000000e-03   1.500000e-02   1.525749e-02     particles=             39
fabric=[ ...   
   4.858970e-01   6.043216e-02  -1.133133e-01;
   6.043216e-02   2.870201e-01   7.513706e-03;
  -1.133133e-01   7.513706e-03   2.270829e-01]
sigma=[ ...    
  -5.597497e-01  -1.465438e-01   5.399266e-02;
  -2.554161e-01  -3.446754e-01  -3.296421e-01;
   8.614047e-02  -4.033682e-01  -5.711782e-01]
sigmaDot=[ ... 
  -1.518496e+03   7.333145e+02  -5.138505e+04;
  -8.530437e+04   8.719776e+03   1.376446e+03;
   6.195656e+03   3.669697e+04   2.068804e+03]
intgraE=[ ...  
  -2.653068e-03  -1.077643e-03   1.608108e-02;
  -1.077643e-03   4.209591e-04  -1.714565e-02;
   1.608108e-02  -1.714565e-02   3.715862e-02]
E=[ ...        
   8.945588e-04   2.379874e-04   1.503280e-02;
   2.379874e-04   5.699046e-03  -1.735144e-02;
   1.503280e-02  -1.735144e-02   4.104003e-02]
e=[ ...        
  -1.005225e-04   1.430367e-03   1.317227e-02;
   1.430367e-03   4.140971e-03  -1.475310e-02;
   1.317227e-02  -1.475310e-02   3.855520e-02]
intgraF=[ ...  
   9.966220e-01  -7.337928e-03  -6.607406e-03;
   6.837365e-03   9.993855e-01   1.220977e-02;
   3.730584e-02  -4.490744e-02   1.036400e+00]
F=[ ...        
   1.000243e+00  -4.642523e-03  -6.909854e-03;
   6.808203e-03   1.004502e+00   1.563691e-02;
   3.544949e-02  -4.849797e-02   1.040090e+00]
R=[ ...        
   9.997674e-01  -5.329345e-03  -2.089670e-02;
   5.981228e-03   9.994935e-01   3.125808e-02;
   2.071953e-02  -3.137580e-02   9.992929e-01]
U=[ ...        
   1.000786e+00   3.618576e-04   1.473546e-02;
   3.618576e-04   1.005540e+00  -1.696785e-02;
   1.473546e-02  -1.696785e-02   1.039988e+00]
l=[ ...        
  -1.266558e-01  -7.899510e-02   5.877450e-02;
  -3.756781e-02   1.176644e-01   1.768860e-01;
   1.890198e-01  -7.687974e-02   9.977972e-02]
d=[ ...        
  -1.266558e-01  -5.828146e-02   1.238972e-01;
  -5.828146e-02   1.176644e-01   5.000311e-02;
   1.238972e-01   5.000311e-02   9.977972e-02]
     iteration=        1150000       process=              4       (i,j,k)=              1              0              0       (x,y,z)=   1.500000e-02   5.000000e-03   5.085829e-03     particles=             74
fabric=[ ...   
   2.967494e-01   4.062880e-02   1.778342e-02;
   4.062880e-02   3.664816e-01  -1.839676e-02;
   1.778342e-02  -1.839676e-02   2.867690e-01]
sigma=[ ...    
  -1.780335e-01  -4.466237e-02   2.354658e-02;
   1.862657e-02  -1.369875e-01   1.647637e-02;
   2.609191e-02  -2.574864e-02  -6.316373e-03]
sigmaDot=[ ... 
   2.789539e+03   4.346033e+03  -1.167312e+04;
   1.617984e+04  -1.990478e+04   2.320919e+03;
  -2.913804e+03   9.732611e+03  -3.225111e+03]
intgraE=[ ...  
   4.054105e-03  -4.441501e-03  -9.070897e-03;
  -4.441501e-03  -2.192861e-02   6.261657e-03;
  -9.070897e-03   6.261657e-03   3.434711e-02]
E=[ ...        
  -9.081141e-02   3.114632e-03  -3.028632e-03;
   3.114632e-03  -2.886913e-02   1.346414e-02;
  -3.028632e-03   1.346414e-02   3.337336e-02]
e=[ ...        
  -1.111646e-01   2.693075e-03  -3.551238e-03;
   2.693075e-03  -3.138209e-02   1.222804e-02;
  -3.551238e-03   1.222804e-02   3.140010e-02]
intgraF=[ ...  
   1.003883e+00  -1.543141e-02  -8.747664e-04;
   7.136331e-03   9.774544e-01  -1.055128e-02;
  -1.662761e-02   2.207867e-02   1.033722e+00]
F=[ ...        
   9.043939e-01  -1.522848e-02  -1.724869e-03;
   2.075432e-02   9.700871e-01  -5.270470e-03;
  -4.248486e-03   3.099750e-02   1.032819e+00]
R=[ ...        
   9.998152e-01  -1.915738e-02   1.628583e-03;
   1.918369e-02   9.996528e-01  -1.806094e-02;
  -1.282017e-03   1.808885e-02   9.998356e-01]
U=[ ...        
   9.046303e-01   3.344447e-03  -3.149749e-03;
   3.344447e-03   9.706028e-01   1.344692e-02;
  -3.149749e-03   1.344692e-02   1.032742e+00]
l=[ ...        
   1.006781e-01  -2.663022e-01  -4.602525e-02;
   5.838314e-02  -4.172527e-01  -1.410661e-01;
  -1.461925e-02   2.789135e-01   4.288376e-02]
d=[ ...        
   1.006781e-01  -1.039595e-01  -3.032225e-02;
  -1.039595e-01  -4.172527e-01   6.892373e-02;
  -3.032225e-02   6.892373e-02   4.288376e-02]
     iteration=        1150000       process=              5       (i,j,k)=              1              0              1       (x,y,z)=   1.500000e-02   5.000000e-03   1.525749e-02     particles=             41
fabric=[ ...   
   1.973267e-01   5.715277e-02   5.893973e-02;
   5.715277e-02   4.413653e-01  -8.130421e-02;
   5.893973e-02  -8.130421e-02   2.988080e-01]
sigma=[ ...    
  -4.636249e-01  -1.670123e+00   3.765065e-01;
  -1.561455e+00  -6.227548e+00   3.450798e+00;
   6.602650e-02   3.502965e+00  -3.813735e+00]
sigmaDot=[ ... 
  -7.962715e+03   2.927243e+04  -4.152225e+04;
   3.892687e+04   1.091602e+05  -1.388643e+05;
  -1.283328e+04  -1.247908e+05   1.126669e+05]
intgraE=[ ...  
   1.359866e-03  -6.544482e-03  -1.383443e-02;
  -6.544482e-03  -4.841440e-03   1.946227e-02;
  -1.383443e-02   1.946227e-02   2.722971e-02]
E=[ ...        
   3.217538e-03  -5.030582e-03  -1.574791e-02;
  -5.030582e-03  -1.781466e-03   2.138573e-02;
  -1.574791e-02   2.138573e-02   2.802729e-02]
e=[ ...        
   1.843535e-03  -3.758387e-03  -1.391389e-02;
  -3.758387e-03  -2.892206e-03   2.024857e-02;
  -1.391389e-02   2.024857e-02   2.632593e-02]
intgraF=[ ...  
   1.000236e+00  -2.475550e-03   2.014602e-02;
  -9.360485e-03   9.947498e-01   1.028561e-02;
  -4.648591e-02   2.799753e-02   1.026620e+00]
F=[ ...        
   1.002202e+00   3.828504e-04   1.387484e-02;
  -9.284603e-03   9.978573e-01   1.527314e-02;
  -4.405074e-02   2.679065e-02   1.027438e+00]
R=[ ...        
   9.995842e-01   4.655368e-03   2.845476e-02;
  -4.494323e-03   9.999735e-01  -5.721026e-03;
  -2.848064e-02   5.590763e-03   9.995787e-01]
U=[ ...        
   1.003081e+00  -4.865016e-03  -1.546166e-02;
  -4.865016e-03   9.979824e-01   2.108149e-02;
  -1.546166e-02   2.108149e-02   1.027313e+00]
l=[ ...        
   5.610915e-02  -6.175511e-02   3.834073e-02;
  -3.732646e-02  -1.401812e-01   7.580538e-02;
  -9.678127e-02   2.058840e-01   1.693377e-01]
d=[ ...        
   5.610915e-02  -4.954079e-02  -2.922027e-02;
  -4.954079e-02  -1.401812e-01   1.408447e-01;
  -2.922027e-02   1.408447e-01   1.693377e-01]
     iteration=        1150000       process=              6       (i,j,k)=              1              1              0       (x,y,z)=   1.500000e-02   1.500000e-02   5.085829e-03     particles=             61
fabric=[ ...   
   3.131110e-01  -1.111606e-02  -5.084758e-02;
  -1.111606e-02   3.575957e-01  -5.558473e-02;
  -5.084758e-02  -5.558473e-02   3.292933e-01]
sigma=[ ...    
  -4.604537e-01   3.073827e-01  -1.666753e-01;
   5.881827e-02  -1.799096e+00   8.068086e-01;
   2.203296e-01  -2.717428e-01  -3.610975e-01]
sigmaDot=[ ... 
   1.411221e+04  -1.984391e+04   9.553061e+03;
  -2.898964e+04   6.420386e+04  -2.046586e+04;
  -1.158551e+04   4.589892e+04   1.250185e+04]
intgraE=[ ...  
   8.149919e-03  -1.703262e-03  -6.799838e-03;
  -1.703262e-03   3.262719e-02  -8.604390e-03;
  -6.799838e-03  -8.604390e-03   4.648066e-02]
E=[ ...        
   1.682721e-01   8.440034e-03   2.950810e-01;
   8.440034e-03  -3.182815e-01   7.875828e-02;
   2.950810e-01   7.875828e-02   5.637132e-01]
e=[ ...        
  -2.153710e-01   9.727423e-02  -3.973559e-01;
   9.727423e-02   2.656151e-01   1.650571e-01;
  -3.973559e-01   1.650571e-01  -6.781884e-01]
intgraF=[ ...  
   1.008005e+00   5.777747e-03  -1.077380e-03;
  -9.073654e-03   1.032035e+00  -5.388364e-03;
  -1.201661e-02  -1.113564e-02   1.045433e+00]
F=[ ...        
   8.499158e-01   2.215965e-01  -3.176290e-01;
   7.119453e-01   1.703292e-02   1.376015e+00;
  -3.275992e-01   5.603944e-01   3.648582e-01]
R=[ ...        
   8.263106e-01   4.199529e-01  -3.753004e-01;
   4.480373e-01  -8.634892e-02   8.898351e-01;
  -3.412820e-01   9.034287e-01   2.595056e-01]
U=[ ...        
   1.133076e+00  -5.136518e-04   2.295262e-01;
  -5.136518e-04   5.978657e-01   7.741672e-02;
   2.295262e-01   7.741672e-02   1.438315e+00]
l=[ ...        
   2.764831e-01   2.076110e-01   3.442110e-02;
   3.720880e-02   1.831672e-01  -1.583991e-02;
  -3.653559e-02   6.947986e-02   3.427110e-01]
d=[ ...        
   2.764831e-01   1.224099e-01  -1.057246e-03;
   1.224099e-01   1.831672e-01   2.681997e-02;
  -1.057246e-03   2.681997e-02   3.427110e-01]
     iteration=        1150000       process=              7       (i,j,k)=              1              1              1       (x,y,z)=   1.500000e-02   1.500000e-02   1.525749e-02     particles=             47
fabric=[ ...   
   5.298818e-01   1.588190e-02   2.222918e-02;
   1.588190e-02   3.456866e-01  -5.776007e-02;
   2.222918e-02  -5.776007e-02   1.244316e-01]
sigma=[ ...    
  -5.730321e-02  -5.543517e-04  -9.081069e-04;
   1.519271e-02  -3.719448e-02   2.305705e-02;
   5.169156e-03   1.811058e-02  -1.398041e-03]
sigmaDot=[ ... 
  -1.091881e+02  -2.151157e+02  -5.817040e+02;
   1.670539e+02  -4.700746e+02   3.475926e+02;
  -4.331285e+01   3.845064e+02  -4.970045e+02]
intgraE=[ ...  
   3.365673e-03   1.167568e-03   1.607426e-02;
   1.167568e-03  -2.589612e-03   2.420862e-02;
   1.607426e-02   2.420862e-02   3.581664e-02]
E=[ ...        
   6.676170e-03   4.416607e-03   2.058637e-02;
   4.416607e-03  -6.943773e-03   2.137138e-02;
   2.058637e-02   2.137138e-02   3.195233e-02]
e=[ ...        
   6.034899e-03   3.686180e-03   1.908671e-02;
   3.686180e-03  -8.186017e-03   2.008106e-02;
   1.908671e-02   2.008106e-02   2.846860e-02]
intgraF=[ ...  
   1.003269e+00  -4.657167e-03   1.983054e-02;
   6.671297e-03   9.969325e-01   1.709328e-02;
   1.173014e-02   3.040851e-02   1.034866e+00]
F=[ ...        
   1.006538e+00   2.471474e-04   2.766557e-02;
   8.292394e-03   9.926495e-01   1.443005e-02;
   1.280970e-02   2.755804e-02   1.030985e+00]
R=[ ...        
   9.999643e-01  -4.143385e-03   7.361014e-03;
   4.191468e-03   9.999699e-01  -6.528829e-03;
  -7.333741e-03   6.559450e-03   9.999516e-01]
U=[ ...        
   1.006443e+00   4.205694e-03   2.016409e-02;
   4.205694e-03   9.927993e-01   2.107769e-02;
   2.016409e-02   2.107769e-02   1.031045e+00]
l=[ ...        
   7.828503e-02  -4.552397e-02   2.217889e-01;
   1.729113e-01   5.399357e-02  -9.097155e-02;
   5.833866e-01   7.191086e-01   3.117797e-01]
d=[ ...        
   7.828503e-02   6.369366e-02   4.025878e-01;
   6.369366e-02   5.399357e-02   3.140685e-01;
   4.025878e-01   3.140685e-01   3.117797e-01]
