     iteration=         950000       process=              0       (i,j,k)=              0              0              0       (x,y,z)=   5.000000e-03   5.000000e-03   5.057084e-03     particles=             78
fabric=[ ...   
   1.540607e-01   3.337808e-02   1.749557e-02;
   3.337808e-02   9.107473e-02   6.404572e-03;
   1.749557e-02   6.404572e-03   1.419614e-01]
sigma=[ ...    
  -5.431816e-05  -1.213357e-04   9.453261e-05;
  -7.242296e-05  -8.036218e-06   2.084373e-05;
   3.491973e-05   4.941140e-05   2.189609e-05]
sigmaDot=[ ... 
   1.240890e+00   1.605225e+00  -1.649979e+00;
   1.100256e+00   1.004120e+00  -4.666397e-01;
  -1.023961e+00  -7.703926e-01   8.859403e-01]
intgraE=[ ...  
   3.072997e-03  -2.506049e-05   7.535347e-03;
  -2.506049e-05   4.770857e-03   9.250833e-03;
   7.535347e-03   9.250833e-03   2.688087e-02]
E=[ ...        
   3.660030e-03  -4.488532e-04   7.973696e-03;
  -4.488532e-04   5.847083e-03   9.464798e-03;
   7.973696e-03   9.464798e-03   2.818762e-02]
e=[ ...        
   3.533216e-03  -5.790445e-04   7.561134e-03;
  -5.790445e-04   5.577395e-03   8.803351e-03;
   7.561134e-03   8.803351e-03   2.642766e-02]
intgraF=[ ...  
   1.003045e+00   3.024676e-03   8.817219e-03;
  -3.140743e-03   1.004686e+00   6.392768e-03;
   6.085612e-03   1.174146e-02   1.026471e+00]
F=[ ...        
   1.003628e+00   2.171916e-03   9.386433e-03;
  -3.132811e-03   1.005762e+00   7.036975e-03;
   6.372220e-03   1.151240e-02   1.027734e+00]
R=[ ...        
   9.999955e-01   2.626182e-03   1.468452e-03;
  -2.622959e-03   9.999942e-01  -2.192251e-03;
  -1.474201e-03   2.188390e-03   9.999965e-01]
U=[ ...        
   1.003623e+00  -4.831378e-04   7.852846e-03;
  -4.831378e-04   1.005787e+00   9.310667e-03;
   7.852846e-03   9.310667e-03   1.027729e+00]
l=[ ...        
   3.746326e-03   5.188223e-03   1.429704e-02;
  -5.405773e-03   9.553706e-03   1.230327e-02;
   1.423812e-02   1.982685e-02   5.550073e-02]
d=[ ...        
   3.746326e-03  -1.087750e-04   1.426758e-02;
  -1.087750e-04   9.553706e-03   1.606506e-02;
   1.426758e-02   1.606506e-02   5.550073e-02]
     iteration=         950000       process=              1       (i,j,k)=              0              0              1       (x,y,z)=   5.000000e-03   5.000000e-03   1.517125e-02     particles=             45
fabric=[ ...   
   1.720832e-01  -2.581301e-02  -3.163420e-02;
  -2.581301e-02   2.467178e-01  -1.584102e-02;
  -3.163420e-02  -1.584102e-02   4.273748e-02]
sigma=[ ...    
   7.740410e-05  -1.098427e-04   7.830262e-05;
   1.253680e-04  -6.779047e-05   2.647211e-04;
  -1.458315e-04   2.343178e-04   1.969844e-04]
sigmaDot=[ ... 
  -2.359281e+02   6.308583e+01  -3.088889e+01;
   8.559090e+01  -2.204878e+01   2.112820e+00;
  -2.790689e+01  -9.225252e+00  -9.359601e-01]
intgraE=[ ...  
   4.783487e-03  -2.754535e-03   1.290338e-02;
  -2.754535e-03   9.189118e-03   3.934057e-04;
   1.290338e-02   3.934057e-04   9.838436e-03]
E=[ ...        
   7.450745e-03   1.308334e-03   1.456731e-02;
   1.308334e-03   4.587586e-03   2.843267e-03;
   1.456731e-02   2.843267e-03   1.883558e-02]
e=[ ...        
   6.451066e-03   9.662789e-04   1.364784e-02;
   9.662789e-04   4.458023e-03   2.530214e-03;
   1.364784e-02   2.530214e-03   1.830819e-02]
intgraF=[ ...  
   1.004404e+00  -2.276335e-03  -1.454374e-03;
  -3.686069e-03   1.008976e+00  -1.766139e-02;
   2.694284e-02   1.842590e-02   1.009635e+00]
F=[ ...        
   1.006904e+00  -1.631254e-04  -3.670059e-03;
   2.230587e-03   1.004437e+00  -1.133005e-02;
   3.225559e-02   1.675476e-02   1.018592e+00]
R=[ ...        
   9.998421e-01  -1.387525e-03  -1.771466e-02;
   1.141512e-03   9.999029e-01  -1.389010e-02;
   1.773221e-02   1.386769e-02   9.997466e-01]
U=[ ...        
   1.007320e+00   1.280576e-03   1.437947e-02;
   1.280576e-03   1.004572e+00   2.801661e-03;
   1.437947e-02   2.801661e-03   1.018556e+00]
l=[ ...        
   1.268385e-02   2.506556e-03  -1.251587e-03;
   2.603163e-03   1.419378e-02  -2.900277e-02;
   6.983121e-02   3.996639e-02   3.985730e-02]
d=[ ...        
   1.268385e-02   2.554860e-03   3.428981e-02;
   2.554860e-03   1.419378e-02   5.481809e-03;
   3.428981e-02   5.481809e-03   3.985730e-02]
     iteration=         950000       process=              2       (i,j,k)=              0              1              0       (x,y,z)=   5.000000e-03   1.500000e-02   5.057084e-03     particles=             80
fabric=[ ...   
   1.838184e-01   4.612802e-02   6.860781e-03;
   4.612802e-02   1.515953e-01   2.565296e-02;
   6.860781e-03   2.565296e-02   2.163105e-01]
sigma=[ ...    
  -1.824508e-05   2.204999e-06   3.827340e-05;
  -4.231435e-05  -2.157399e-05   1.501591e-05;
   2.993488e-05   1.696042e-05   5.303228e-06]
sigmaDot=[ ... 
   1.141329e+01  -2.437954e+01  -5.853797e+01;
  -5.263316e+00   4.910377e+01   3.632436e+01;
  -3.420731e+01   8.535560e+01   3.846810e+01]
intgraE=[ ...  
   2.442140e-03  -5.867971e-04   6.670917e-03;
  -5.867971e-04   2.043243e-03  -6.028746e-03;
   6.670917e-03  -6.028746e-03   1.779202e-02]
E=[ ...        
   3.758543e-03  -3.219170e-04   6.084174e-03;
  -3.219170e-04   2.879244e-03  -6.500064e-03;
   6.084174e-03  -6.500064e-03   2.100059e-02]
e=[ ...        
   3.625839e-03  -1.894925e-04   5.747307e-03;
  -1.894925e-04   2.708678e-03  -6.095381e-03;
   5.747307e-03  -6.095381e-03   2.011740e-02]
intgraF=[ ...  
   1.002403e+00  -8.335271e-04   4.664651e-03;
  -2.260621e-04   1.001955e+00   1.274573e-03;
   8.516165e-03  -1.309978e-02   1.017625e+00]
F=[ ...        
   1.003711e+00  -6.356523e-04   2.942055e-03;
   1.060892e-04   1.002798e+00  -3.098552e-04;
   9.027808e-03  -1.242925e-02   1.020780e+00]
R=[ ...        
   9.999954e-01  -3.523433e-04  -3.007433e-03;
   3.703440e-04   9.999820e-01   5.986953e-03;
   3.005270e-03  -5.988039e-03   9.999776e-01]
U=[ ...        
   1.003733e+00  -3.016224e-04   6.009647e-03;
  -3.016224e-04   1.002854e+00  -6.423359e-03;
   6.009647e-03  -6.423359e-03   1.020747e+00]
l=[ ...        
   4.747548e-03  -2.006463e-03   1.215495e-02;
  -2.044993e-03   5.434494e-03   8.939618e-04;
   1.593183e-02  -2.572850e-02   3.374953e-02]
d=[ ...        
   4.747548e-03  -2.025728e-03   1.404339e-02;
  -2.025728e-03   5.434494e-03  -1.241727e-02;
   1.404339e-02  -1.241727e-02   3.374953e-02]
     iteration=         950000       process=              3       (i,j,k)=              0              1              1       (x,y,z)=   5.000000e-03   1.500000e-02   1.517125e-02     particles=             39
fabric=[ ...   
   2.683709e-01  -4.445213e-03  -3.000423e-02;
  -4.445213e-03   1.588208e-01  -3.754739e-02;
  -3.000423e-02  -3.754739e-02   7.280832e-02]
sigma=[ ...    
  -4.325235e-04  -2.653167e-04  -4.885561e-04;
  -4.152643e-04  -5.547100e-04   3.072143e-04;
   1.040454e-03   5.304530e-04  -7.034245e-04]
sigmaDot=[ ... 
  -2.852697e+02   8.469747e+01   5.024393e+01;
   9.930201e+01   3.426260e+01   1.118283e+02;
  -4.213454e+01   1.234960e+01   8.342017e+01]
intgraE=[ ...  
   4.696465e-03   1.735306e-03   8.322283e-03;
   1.735306e-03  -5.613536e-03  -1.540203e-02;
   8.322283e-03  -1.540203e-02   3.024539e-02]
E=[ ...        
   5.792628e-03   1.249321e-03   6.507807e-03;
   1.249321e-03  -5.532488e-03  -1.596888e-02;
   6.507807e-03  -1.596888e-02   3.132322e-02]
e=[ ...        
   5.405135e-03   1.911014e-03   5.681873e-03;
   1.911014e-03  -6.714722e-03  -1.439390e-02;
   5.681873e-03  -1.439390e-02   2.980823e-02]
intgraF=[ ...  
   1.004319e+00  -1.544441e-03  -1.058672e-02;
   6.012215e-03   9.937170e-01   6.305697e-03;
   2.645272e-02  -3.601582e-02   1.029728e+00]
F=[ ...        
   1.005436e+00  -2.969333e-03  -1.307819e-02;
   6.469852e-03   9.937480e-01   6.509611e-03;
   2.534362e-02  -3.729880e-02   1.030744e+00]
R=[ ...        
   9.998095e-01  -4.594150e-03  -1.896835e-02;
   5.003434e-03   9.997545e-01   2.158644e-02;
   1.886452e-02  -2.167724e-02   9.995870e-01]
U=[ ...        
   1.005755e+00   1.299761e-03   6.401357e-03;
   1.299761e-03   9.943261e-01  -1.577559e-02;
   6.401357e-03  -1.577559e-02   1.030707e+00]
l=[ ...        
   8.646246e-03  -1.084297e-02  -3.506797e-02;
   1.862356e-02  -1.514298e-02   5.479059e-03;
   5.288380e-02  -7.063427e-02   6.855931e-02]
d=[ ...        
   8.646246e-03   3.890295e-03   8.907916e-03;
   3.890295e-03  -1.514298e-02  -3.257761e-02;
   8.907916e-03  -3.257761e-02   6.855931e-02]
     iteration=         950000       process=              4       (i,j,k)=              1              0              0       (x,y,z)=   1.500000e-02   5.000000e-03   5.057084e-03     particles=             72
fabric=[ ...   
   1.531378e-01   1.741330e-02   1.754970e-02;
   1.741330e-02   2.791165e-01  -3.071724e-02;
   1.754970e-02  -3.071724e-02   1.748886e-01]
sigma=[ ...    
   2.184539e-06  -3.473395e-06   3.784151e-06;
  -5.793633e-06   3.471434e-05   6.064011e-05;
   1.678272e-05   2.060316e-05   4.470963e-05]
sigmaDot=[ ... 
  -1.853420e-01  -8.980868e-03   1.828120e-01;
   4.631372e-01  -1.234859e-02   2.840668e-02;
   6.134876e-02  -1.602078e-02   2.891394e-03]
intgraE=[ ...  
   1.942134e-04  -2.219608e-04  -7.409313e-03;
  -2.219608e-04  -3.760198e-03   4.272574e-03;
  -7.409313e-03   4.272574e-03   2.780188e-02]
E=[ ...        
  -4.715423e-02   1.115176e-03  -5.954396e-04;
   1.115176e-03  -2.758960e-03   4.714600e-03;
  -5.954396e-04   4.714600e-03   2.724172e-02]
e=[ ...        
  -5.207224e-02   1.194982e-03  -5.549929e-04;
   1.194982e-03  -2.860819e-03   4.353515e-03;
  -5.549929e-04   4.353515e-03   2.583837e-02]
intgraF=[ ...  
   1.000072e+00  -1.899439e-03   1.141655e-03;
   1.618271e-03   9.961800e-01  -1.807831e-03;
  -1.553151e-02   1.007203e-02   1.027424e+00]
F=[ ...        
   9.516744e-01   6.702968e-06   4.298664e-04;
   2.245238e-03   9.971910e-01  -4.366747e-04;
  -1.557135e-03   9.606423e-03   1.026880e+00]
R=[ ...        
   9.999988e-01  -1.147054e-03   1.012595e-03;
   1.152065e-03   9.999870e-01  -4.961425e-03;
  -1.006891e-03   4.962585e-03   9.999872e-01]
U=[ ...        
   9.516774e-01   1.145859e-03  -6.045939e-04;
   1.145859e-03   9.972257e-01   4.658819e-03;
  -6.045939e-04   4.658819e-03   1.026870e+00]
l=[ ...        
  -2.684070e-03  -3.881882e-03   3.010184e-03;
   1.886561e-03  -8.388527e-03  -1.200632e-03;
  -2.869710e-02   1.966312e-02   5.258869e-02]
d=[ ...        
  -2.684070e-03  -9.976605e-04  -1.284346e-02;
  -9.976605e-04  -8.388527e-03   9.231242e-03;
  -1.284346e-02   9.231242e-03   5.258869e-02]
     iteration=         950000       process=              5       (i,j,k)=              1              0              1       (x,y,z)=   1.500000e-02   5.000000e-03   1.517125e-02     particles=             40
fabric=[ ...   
   3.480341e-01   6.430623e-02   9.955709e-04;
   6.430623e-02   2.415880e-01  -6.072302e-02;
   9.955709e-04  -6.072302e-02   7.704462e-02]
sigma=[ ...    
  -5.812247e-04   1.143501e-04  -2.832363e-04;
   2.650944e-04  -3.319674e-04   3.937151e-04;
   5.192923e-05   1.838764e-04  -7.895032e-05]
sigmaDot=[ ... 
   2.526180e+02  -1.314034e+02   1.710963e+02;
   6.506693e+01   5.811656e+01  -2.340433e+01;
   1.305585e+02   2.196773e+01   6.098262e+01]
intgraE=[ ...  
  -5.920045e-04  -3.646267e-03  -1.190903e-02;
  -3.646267e-03   1.408182e-03   1.239067e-02;
  -1.190903e-02   1.239067e-02   1.829503e-02]
E=[ ...        
   9.932800e-04  -3.476110e-03  -1.352008e-02;
  -3.476110e-03   2.225834e-03   1.488285e-02;
  -1.352008e-02   1.488285e-02   2.060156e-02]
e=[ ...        
   1.353641e-05  -2.696739e-03  -1.240704e-02;
  -2.696739e-03   1.697261e-03   1.420500e-02;
  -1.240704e-02   1.420500e-02   1.973343e-02]
intgraF=[ ...  
   9.986500e-01  -5.028252e-04   1.536594e-02;
  -6.094688e-03   1.001247e+00   6.554300e-03;
  -3.843178e-02   1.790443e-02   1.017994e+00]
F=[ ...        
   1.000296e+00  -5.303068e-04   1.066543e-02;
  -5.746255e-03   1.002062e+00   1.139564e-02;
  -3.689524e-02   1.798754e-02   1.020274e+00]
R=[ ...        
   9.997206e-01   2.490968e-03   2.350470e-02;
  -2.414835e-03   9.999917e-01  -3.266885e-03;
  -2.351264e-02   3.209212e-03   9.997184e-01]
U=[ ...        
   1.000898e+00  -3.372907e-03  -1.335441e-02;
  -3.372907e-03   1.002110e+00   1.469639e-02;
  -1.335441e-02   1.469639e-02   1.020200e+00]
l=[ ...        
  -5.263308e-03   1.169968e-03   2.300498e-02;
  -9.455851e-03  -1.019976e-03   2.224300e-02;
  -7.866865e-02   3.593469e-02   4.428438e-02]
d=[ ...        
  -5.263308e-03  -4.142942e-03  -2.783184e-02;
  -4.142942e-03  -1.019976e-03   2.908885e-02;
  -2.783184e-02   2.908885e-02   4.428438e-02]
     iteration=         950000       process=              6       (i,j,k)=              1              1              0       (x,y,z)=   1.500000e-02   1.500000e-02   5.057084e-03     particles=             64
fabric=[ ...   
   1.986579e-01  -6.559836e-03   3.837848e-02;
  -6.559836e-03   7.709171e-02   2.017856e-02;
   3.837848e-02   2.017856e-02   2.242504e-01]
sigma=[ ...    
  -7.065306e-06  -7.748628e-05  -1.105921e-05;
  -1.220956e-04  -5.655105e-05  -3.410308e-05;
   8.597691e-05  -1.125683e-05   2.335474e-05]
sigmaDot=[ ... 
   4.977392e-01  -8.737591e-01  -2.622724e-01;
   4.863176e+00   9.447980e-01   5.966852e-01;
   8.957963e-03  -1.115922e+00  -3.873331e-02]
intgraE=[ ...  
  -2.078539e-03   3.160228e-03  -2.481853e-03;
   3.160228e-03   1.292157e-03  -6.185605e-03;
  -2.481853e-03  -6.185605e-03   2.499294e-02]
E=[ ...        
  -1.013566e-03   3.125989e-03  -1.301671e-03;
   3.125989e-03   1.689687e-03  -5.227398e-03;
  -1.301671e-03  -5.227398e-03   2.172243e-02]
e=[ ...        
  -1.047157e-03   3.088264e-03  -1.159949e-03;
   3.088264e-03   1.575835e-03  -4.922192e-03;
  -1.159949e-03  -4.922192e-03   2.081071e-02]
intgraF=[ ...  
   9.978979e-01   2.966641e-03   8.325955e-04;
   3.296924e-03   1.001232e+00  -1.658846e-03;
  -5.649613e-03  -1.045470e-02   1.024687e+00]
F=[ ...        
   9.989703e-01   2.895245e-03   1.989469e-03;
   3.313736e-03   1.001643e+00  -1.237792e-03;
  -4.490172e-03  -9.026756e-03   1.021489e+00]
R=[ ...        
   9.999949e-01  -2.095248e-04   3.200158e-03;
   1.972183e-04   9.999926e-01   3.845445e-03;
  -3.200940e-03  -3.844794e-03   9.999875e-01]
U=[ ...        
   9.989802e-01   3.121666e-03  -1.280510e-03;
   3.121666e-03   1.001670e+00  -5.165613e-03;
  -1.280510e-03  -5.165613e-03   1.021478e+00]
l=[ ...        
  -6.620304e-03   4.590626e-03   3.278122e-03;
   6.975012e-03   6.358459e-04  -2.404520e-04;
  -1.111512e-02  -1.759604e-02   4.339180e-02]
d=[ ...        
  -6.620304e-03   5.782819e-03  -3.918497e-03;
   5.782819e-03   6.358459e-04  -8.918248e-03;
  -3.918497e-03  -8.918248e-03   4.339180e-02]
     iteration=         950000       process=              7       (i,j,k)=              1              1              1       (x,y,z)=   1.500000e-02   1.500000e-02   1.517125e-02     particles=             47
fabric=[ ...   
   1.778833e-01   5.489906e-02  -2.368157e-02;
   5.489906e-02   1.603134e-01   1.632838e-02;
  -2.368157e-02   1.632838e-02   6.180336e-02]
sigma=[ ...    
  -1.576844e-05  -2.523686e-05   3.783211e-05;
  -4.695152e-06  -5.068832e-05  -3.525163e-05;
  -1.678897e-04  -1.805568e-04   3.951873e-06]
sigmaDot=[ ... 
  -1.186100e+00  -9.878565e-01  -3.495806e+00;
  -3.111483e+00  -2.561852e-01   8.138263e-02;
   1.337450e+00   7.152788e+00  -7.155897e-01]
intgraE=[ ...  
  -1.704846e-03   1.731797e-03  -8.089557e-03;
   1.731797e-03  -5.250507e-03   2.892399e-03;
  -8.089557e-03   2.892399e-03   2.431765e-02]
E=[ ...        
   1.646583e-04   2.194160e-03  -6.600958e-03;
   2.194160e-03  -3.769975e-03   1.767381e-03;
  -6.600958e-03   1.767381e-03   2.325899e-02]
e=[ ...        
  -6.629053e-05   2.185719e-03  -6.091443e-03;
   2.185719e-03  -3.774239e-03   1.989520e-03;
  -6.091443e-03   1.989520e-03   2.223698e-02]
intgraF=[ ...  
   9.981137e-01   1.950210e-03   3.168284e-03;
   1.374971e-03   9.947024e-01   1.394164e-02;
  -1.890814e-02  -7.900124e-03   1.023929e+00]
F=[ ...        
   1.000006e+00   2.213252e-03   4.851026e-03;
   2.021031e-03   9.961784e-01   1.293454e-02;
  -1.767435e-02  -9.151499e-03   1.022901e+00]
R=[ ...        
   9.999381e-01  -1.010854e-05   1.112259e-02;
  -1.114158e-04   9.999403e-01   1.092523e-02;
  -1.112203e-02  -1.092579e-02   9.998785e-01]
U=[ ...        
   1.000141e+00   2.203908e-03  -6.527459e-03;
   2.203908e-03   9.962189e-01   1.757707e-03;
  -6.527459e-03   1.757707e-03   1.022972e+00]
l=[ ...        
   1.213504e-03   1.543573e-03   6.622341e-03;
  -2.375470e-04  -6.925866e-03   3.082825e-02;
  -4.123361e-02  -1.285284e-02   4.588580e-02]
d=[ ...        
   1.213504e-03   6.530132e-04  -1.730563e-02;
   6.530132e-04  -6.925866e-03   8.987704e-03;
  -1.730563e-02   8.987704e-03   4.588580e-02]
