     iteration=         650000       process=              0       (i,j,k)=              0              0              0       (x,y,z)=   5.000000e-03   5.000000e-03   5.035486e-03     particles=             78
fabric=[ ...   
   2.316340e-01   4.517953e-03   2.357071e-02;
   4.517953e-03   1.301452e-01   3.807092e-02;
   2.357071e-02   3.807092e-02   2.382208e-01]
sigma=[ ...    
   2.944994e-05  -1.592527e-05   3.301991e-06;
   5.280243e-06   5.079034e-05  -2.500996e-05;
  -4.008178e-05   2.883506e-06   7.225599e-05]
sigmaDot=[ ... 
   8.567376e-03  -5.461766e-03  -2.329079e-02;
  -2.153794e-01   3.062483e-02  -1.113479e-03;
   1.085774e-02  -1.024643e-01   6.384172e-03]
intgraE=[ ...  
   2.445639e-03  -6.536502e-05   5.305599e-03;
  -6.536502e-05   3.295574e-03   6.601064e-03;
   5.305599e-03   6.601064e-03   1.838337e-02]
E=[ ...        
   2.803071e-03  -2.084525e-04   5.392466e-03;
  -2.084525e-04   3.890722e-03   6.926061e-03;
   5.392466e-03   6.926061e-03   1.948364e-02]
e=[ ...        
   2.743093e-03  -2.750698e-04   5.197351e-03;
  -2.750698e-04   3.749662e-03   6.585020e-03;
   5.197351e-03   6.585020e-03   1.861979e-02]
intgraF=[ ...  
   1.002432e+00   2.172492e-03   6.562292e-03;
  -2.334623e-03   1.003252e+00   4.530380e-03;
   3.971301e-03   8.488389e-03   1.018186e+00]
F=[ ...        
   1.002788e+00   1.823784e-03   6.554962e-03;
  -2.272037e-03   1.003846e+00   5.210638e-03;
   4.143712e-03   8.446779e-03   1.019263e+00]
R=[ ...        
   9.999972e-01   2.033793e-03   1.183810e-03;
  -2.031903e-03   9.999967e-01  -1.595280e-03;
  -1.187051e-03   1.592870e-03   9.999980e-01]
U=[ ...        
   1.002785e+00  -2.259656e-04   5.334439e-03;
  -2.259656e-04   1.003860e+00   6.847506e-03;
   5.334439e-03   6.847506e-03   1.019260e+00]
l=[ ...        
   5.464248e-03   6.119764e-03   1.700303e-02;
  -7.309392e-03   8.359410e-03   1.343704e-02;
   1.418817e-02   2.366931e-02   5.359009e-02]
d=[ ...        
   5.464248e-03  -5.948142e-04   1.559560e-02;
  -5.948142e-04   8.359410e-03   1.855317e-02;
   1.559560e-02   1.855317e-02   5.359009e-02]
     iteration=         650000       process=              1       (i,j,k)=              0              0              1       (x,y,z)=   5.000000e-03   5.000000e-03   1.510646e-02     particles=             46
fabric=[ ...   
   1.604036e-01   1.507781e-03  -3.165988e-02;
   1.507781e-03   1.417302e-05  -2.976004e-04;
  -3.165988e-02  -2.976004e-04   6.248912e-03]
sigma=[ ...    
   1.771243e-04  -2.879557e-05   2.780797e-05;
   1.155177e-05   1.488577e-04   1.493224e-04;
  -1.529259e-04   1.687105e-05   1.768500e-04]
sigmaDot=[ ... 
   3.413512e-03  -9.625876e-05   3.969223e-04;
  -2.260327e-02  -2.367430e-04   3.217476e-03;
  -1.520413e-02  -7.531321e-04   3.165740e-03]
intgraE=[ ...  
   3.123008e-03  -1.959755e-03   8.066949e-03;
  -1.959755e-03   6.936891e-03   2.549052e-04;
   8.066949e-03   2.549052e-04   5.253766e-03]
E=[ ...        
   4.365254e-03  -2.182519e-03   8.682849e-03;
  -2.182519e-03   6.294798e-03  -3.797981e-04;
   8.682849e-03  -3.797981e-04   7.413712e-03]
e=[ ...        
   4.004009e-03  -2.222843e-03   8.427076e-03;
  -2.222843e-03   6.217885e-03  -3.714884e-04;
   8.427076e-03  -3.714884e-04   7.317400e-03]
intgraF=[ ...  
   1.002964e+00  -2.051502e-03  -1.426605e-03;
  -2.068682e-03   1.006831e+00  -1.213425e-02;
   1.744949e-02   1.265863e-02   1.005166e+00]
F=[ ...        
   1.004182e+00  -1.588287e-03  -1.228099e-03;
  -2.956467e-03   1.006213e+00  -1.187796e-02;
   1.842900e-02   1.110894e-02   1.007316e+00]
R=[ ...        
   9.999519e-01   5.738524e-04  -9.787641e-03;
  -6.856248e-04   9.999346e-01  -1.142021e-02;
   9.780447e-03   1.142637e-02   9.998869e-01]
U=[ ...        
   1.004316e+00  -2.169445e-03   8.632101e-03;
  -2.169445e-03   1.006273e+00  -3.679287e-04;
   8.632101e-03  -3.679287e-04   1.007349e+00]
l=[ ...        
   6.210772e-03  -3.134784e-03  -4.300250e-04;
  -1.167705e-02   1.580402e-02  -3.584002e-02;
   5.591271e-02   3.664591e-02   2.712542e-02]
d=[ ...        
   6.210772e-03  -7.405920e-03   2.774134e-02;
  -7.405920e-03   1.580402e-02   4.029475e-04;
   2.774134e-02   4.029475e-04   2.712542e-02]
     iteration=         650000       process=              2       (i,j,k)=              0              1              0       (x,y,z)=   5.000000e-03   1.500000e-02   5.035486e-03     particles=             80
fabric=[ ...   
   1.989743e-01   3.917226e-02   8.872802e-03;
   3.917226e-02   1.789385e-01   6.298965e-02;
   8.872802e-03   6.298965e-02   2.620872e-01]
sigma=[ ...    
  -2.042069e-05   4.098485e-05  -1.516783e-06;
   7.577385e-05  -9.779749e-07  -5.568836e-05;
   3.245281e-05  -5.324677e-05  -1.584910e-05]
sigmaDot=[ ... 
  -6.746767e+01   5.031455e+01   6.675835e+00;
   1.476632e+02  -3.731084e+01  -7.067889e+01;
   9.288709e+01  -9.165872e+01  -1.050184e+02]
intgraE=[ ...  
   1.638892e-03  -2.212556e-04   4.462245e-03;
  -2.212556e-04   1.219205e-03  -4.063796e-03;
   4.462245e-03  -4.063796e-03   1.253468e-02]
E=[ ...        
   2.280312e-03  -9.279110e-05   4.304770e-03;
  -9.279110e-05   1.637726e-03  -4.474883e-03;
   4.304770e-03  -4.474883e-03   1.438287e-02]
e=[ ...        
   2.217286e-03  -2.785394e-05   4.142856e-03;
  -2.785394e-05   1.556246e-03  -4.280485e-03;
   4.142856e-03  -4.280485e-03   1.396254e-02]
intgraF=[ ...  
   1.001619e+00  -5.284826e-04   2.781847e-03;
   1.420436e-04   1.001177e+00   1.121794e-03;
   6.062485e-03  -9.135476e-03   1.012453e+00]
F=[ ...        
   1.002258e+00  -3.950955e-04   2.195541e-03;
   2.655249e-04   1.001598e+00  -3.312518e-05;
   6.318827e-03  -8.790209e-03   1.014279e+00]
R=[ ...        
   9.999979e-01  -3.205049e-04  -2.045990e-03;
   3.293882e-04   9.999905e-01   4.342924e-03;
   2.044579e-03  -4.343588e-03   9.999885e-01]
U=[ ...        
   1.002269e+00  -8.315252e-05   4.269298e-03;
  -8.315252e-05   1.001627e+00  -4.439437e-03;
   4.269298e-03  -4.439437e-03   1.014262e+00]
l=[ ...        
   5.139011e-03  -1.583353e-03   1.173565e-02;
  -5.926113e-04   4.056327e-03   1.518906e-03;
   1.779678e-02  -2.736035e-02   3.493632e-02]
d=[ ...        
   5.139011e-03  -1.087982e-03   1.476621e-02;
  -1.087982e-03   4.056327e-03  -1.292072e-02;
   1.476621e-02  -1.292072e-02   3.493632e-02]
     iteration=         650000       process=              3       (i,j,k)=              0              1              1       (x,y,z)=   5.000000e-03   1.500000e-02   1.510646e-02     particles=             38
fabric=[ ...   
   3.212488e-01   6.904486e-02   1.601817e-02;
   6.904486e-02   1.487362e-01  -5.765410e-02;
   1.601817e-02  -5.765410e-02   3.001502e-02]
sigma=[ ...    
   6.088317e-05   1.675887e-05  -1.545352e-05;
   1.742040e-05   1.403121e-04  -3.337927e-04;
  -2.835334e-05   1.467272e-05   1.573728e-04]
sigmaDot=[ ... 
   1.071843e-03  -3.343489e-03   1.054376e-02;
  -4.905550e-03  -8.139190e-04   1.080868e-04;
  -9.232469e-03  -7.314136e-03   4.051271e-03]
intgraE=[ ...  
   3.028817e-03   1.418475e-03   6.020297e-03;
   1.418475e-03  -3.839015e-03  -9.872546e-03;
   6.020297e-03  -9.872546e-03   2.001715e-02]
E=[ ...        
   3.616708e-03  -2.287632e-03   4.971503e-03;
  -2.287632e-03  -2.115973e-03  -1.735847e-02;
   4.971503e-03  -1.735847e-02   1.701153e-02]
e=[ ...        
   3.430053e-03  -1.754398e-03   4.663262e-03;
  -1.754398e-03  -3.498996e-03  -1.641894e-02;
   4.663262e-03  -1.641894e-02   1.672174e-02]
intgraF=[ ...  
   1.002859e+00  -4.708375e-05  -6.223836e-03;
   3.340114e-03   9.958477e-01   5.449334e-03;
   1.790964e-02  -2.468367e-02   1.019787e+00]
F=[ ...        
   1.003439e+00  -7.079197e-03  -8.620123e-03;
   3.267734e-03   9.970564e-01   5.866432e-03;
   1.826644e-02  -3.995524e-02   1.016816e+00]
R=[ ...        
   9.998975e-01  -5.077655e-03  -1.338580e-02;
   5.380481e-03   9.997282e-01   2.268483e-02;
   1.326698e-02  -2.275453e-02   9.996530e-01]
U=[ ...        
   1.003596e+00  -2.243913e-03   4.902396e-03;
  -2.243913e-03   9.977305e-01  -1.722856e-02;
   4.902396e-03  -1.722856e-02   1.016711e+00]
l=[ ...        
   9.394012e-03  -7.772099e-03  -2.416140e-02;
   1.525366e-02  -1.405691e-02   7.366327e-03;
   5.589349e-02  -7.610680e-02   6.275705e-02]
d=[ ...        
   9.394012e-03   3.740782e-03   1.586605e-02;
   3.740782e-03  -1.405691e-02  -3.437024e-02;
   1.586605e-02  -3.437024e-02   6.275705e-02]
     iteration=         650000       process=              4       (i,j,k)=              1              0              0       (x,y,z)=   1.500000e-02   5.000000e-03   5.035486e-03     particles=             73
fabric=[ ...   
   2.135016e-01   1.132635e-02   5.074516e-02;
   1.132635e-02   3.155651e-01  -3.441287e-02;
   5.074516e-02  -3.441287e-02   2.209333e-01]
sigma=[ ...    
  -2.148123e-04   1.115307e-04   7.664945e-05;
   2.021358e-04  -1.328666e-03   1.065019e-04;
  -8.263637e-05  -6.286825e-05  -2.859620e-04]
sigmaDot=[ ... 
   7.695327e-02   9.862094e-02  -9.526715e-02;
   1.459827e-01   3.082272e-01  -8.268611e-02;
   5.973133e-02  -2.096737e-01   1.105189e-01]
intgraE=[ ...  
   3.681068e-04   2.098533e-05  -5.086939e-03;
   2.098533e-05  -2.614907e-03   2.687928e-03;
  -5.086939e-03   2.687928e-03   1.917432e-02]
E=[ ...        
  -2.405542e-02   6.758348e-04  -1.563204e-03;
   6.758348e-04  -2.348995e-03   2.583649e-03;
  -1.563204e-03   2.583649e-03   1.984735e-02]
e=[ ...        
  -2.528601e-02   7.128451e-04  -1.477431e-03;
   7.128451e-04  -2.393052e-03   2.406945e-03;
  -1.477431e-03   2.406945e-03   1.909997e-02]
intgraF=[ ...  
   1.000308e+00  -1.274049e-03   9.027975e-04;
   1.394650e-03   9.973573e-01  -1.617111e-03;
  -1.086829e-02   6.859566e-03   1.018992e+00]
F=[ ...        
   9.756391e-01  -2.112478e-04   8.437956e-04;
   1.587453e-03   9.976258e-01  -1.662266e-03;
  -3.870936e-03   6.694237e-03   1.019652e+00]
R=[ ...        
   9.999968e-01  -9.064636e-04   2.367366e-03;
   9.162628e-04   9.999910e-01  -4.141461e-03;
  -2.363591e-03   4.143616e-03   9.999886e-01]
U=[ ...        
   9.756466e-01   6.870178e-04  -1.567771e-03;
   6.870178e-04   9.976447e-01   2.562033e-03;
  -1.567771e-03   2.562033e-03   1.019650e+00]
l=[ ...        
  -1.027331e-03  -3.848660e-03   1.623260e-04;
   1.487774e-03  -8.213549e-03  -1.147872e-03;
  -3.212036e-02   2.149582e-02   5.835172e-02]
d=[ ...        
  -1.027331e-03  -1.180443e-03  -1.597902e-02;
  -1.180443e-03  -8.213549e-03   1.017397e-02;
  -1.597902e-02   1.017397e-02   5.835172e-02]
     iteration=         650000       process=              5       (i,j,k)=              1              0              1       (x,y,z)=   1.500000e-02   5.000000e-03   1.510646e-02     particles=             39
fabric=[ ...   
   3.128689e-01   7.960921e-02  -4.157696e-03;
   7.960921e-02   1.779509e-01   4.810290e-04;
  -4.157696e-03   4.810290e-04   9.180225e-03]
sigma=[ ...    
   1.096435e-04  -1.562137e-04   1.671007e-06;
  -2.660716e-05   1.053080e-04   1.750424e-04;
   2.595454e-04  -3.505883e-05   1.568524e-04]
sigmaDot=[ ... 
  -7.462258e-02  -1.494626e-01  -1.631151e+00;
   4.003881e+00  -7.654062e-01   1.699897e-01;
   5.456523e+00  -2.498380e+01  -2.532768e+00]
intgraE=[ ...  
  -2.244871e-04  -2.773695e-03  -7.544974e-03;
  -2.773695e-03   1.310103e-03   8.107000e-03;
  -7.544974e-03   8.107000e-03   1.119913e-02]
E=[ ...        
   1.990237e-04  -2.780025e-03  -6.621923e-03;
  -2.780025e-03   1.754310e-03   8.543314e-03;
  -6.621923e-03   8.543314e-03   1.374544e-02]
e=[ ...        
  -1.493152e-04  -2.477547e-03  -6.139282e-03;
  -2.477547e-03   1.542607e-03   8.271739e-03;
  -6.139282e-03   8.271739e-03   1.345698e-02]
intgraF=[ ...  
   9.994131e-01  -7.358391e-04   1.176732e-02;
  -4.484188e-03   1.001235e+00   3.940891e-03;
  -2.653914e-02   1.214259e-02   1.011061e+00]
F=[ ...        
   9.998582e-01  -9.222804e-04   1.287603e-02;
  -4.320132e-03   1.001680e+00   4.867130e-03;
  -2.574791e-02   1.205968e-02   1.013559e+00]
R=[ ...        
   9.998149e-01   1.661674e-03   1.916526e-02;
  -1.593646e-03   9.999924e-01  -3.564269e-03;
  -1.917103e-02   3.533067e-03   9.998100e-01]
U=[ ...        
   1.000174e+00  -2.749630e-03  -6.565080e-03;
  -2.749630e-03   1.001713e+00   8.469460e-03;
  -6.565080e-03   8.469460e-03   1.013596e+00]
l=[ ...        
  -2.505629e-03  -1.820210e-03   2.897965e-02;
  -1.003700e-02   3.036379e-03   1.380496e-02;
  -7.806829e-02   3.701840e-02   4.554026e-02]
d=[ ...        
  -2.505629e-03  -5.928606e-03  -2.454432e-02;
  -5.928606e-03   3.036379e-03   2.541168e-02;
  -2.454432e-02   2.541168e-02   4.554026e-02]
     iteration=         650000       process=              6       (i,j,k)=              1              1              0       (x,y,z)=   1.500000e-02   1.500000e-02   5.035486e-03     particles=             65
fabric=[ ...   
   2.346761e-01  -8.358383e-03   2.334662e-02;
  -8.358383e-03   5.438806e-02   3.244261e-02;
   2.334662e-02   3.244261e-02   2.403476e-01]
sigma=[ ...    
   2.096429e-05  -6.895584e-05  -3.652449e-06;
   9.390524e-06   2.309783e-05   6.478915e-06;
   7.985897e-05   7.610700e-06   4.582415e-05]
sigmaDot=[ ... 
  -5.608769e+00   4.652610e+00  -4.675018e+01;
   4.019094e+00   3.288119e-01   6.654728e-01;
   3.915257e-01   5.656627e+00  -6.417990e-01]
intgraE=[ ...  
  -1.167210e-03   2.250665e-03  -1.793919e-03;
   2.250665e-03   1.101275e-03  -4.624121e-03;
  -1.793919e-03  -4.624121e-03   1.800427e-02]
E=[ ...        
  -6.370790e-04   2.528236e-03  -1.530702e-03;
   2.528236e-03   1.225682e-03  -4.835953e-03;
  -1.530702e-03  -4.835953e-03   1.925432e-02]
e=[ ...        
  -6.601671e-04   2.499437e-03  -1.428162e-03;
   2.499437e-03   1.138600e-03  -4.591682e-03;
  -1.428162e-03  -4.591682e-03   1.852464e-02]
intgraF=[ ...  
   9.988219e-01   2.205741e-03   3.994230e-04;
   2.265883e-03   1.001069e+00  -1.475972e-03;
  -3.913612e-03  -7.635328e-03   1.017844e+00]
F=[ ...        
   9.993544e-01   2.432908e-03   1.535993e-04;
   2.597699e-03   1.001192e+00  -1.796993e-03;
  -3.150160e-03  -7.725806e-03   1.019071e+00]
R=[ ...        
   9.999987e-01  -8.307693e-05   1.632828e-03;
   7.828800e-05   9.999957e-01   2.932750e-03;
  -1.633064e-03  -2.932618e-03   9.999944e-01]
U=[ ...        
   9.993584e-01   2.523903e-03  -1.510750e-03;
   2.523903e-03   1.001210e+00  -4.785544e-03;
  -1.510750e-03  -4.785544e-03   1.019060e+00]
l=[ ...        
  -5.793226e-03   6.856122e-03  -8.441496e-04;
   8.248092e-03   2.313570e-03  -5.343483e-03;
  -1.127517e-02  -2.126283e-02   5.291359e-02]
d=[ ...        
  -5.793226e-03   7.552107e-03  -6.059660e-03;
   7.552107e-03   2.313570e-03  -1.330316e-02;
  -6.059660e-03  -1.330316e-02   5.291359e-02]
     iteration=         650000       process=              7       (i,j,k)=              1              1              1       (x,y,z)=   1.500000e-02   1.500000e-02   1.510646e-02     particles=             46
fabric=[ ...   
   2.031826e-01   8.091760e-03  -4.399961e-02;
   8.091760e-03   9.213531e-02   1.238338e-02;
  -4.399961e-02   1.238338e-02   1.237439e-02]
sigma=[ ...    
  -1.361874e-04   1.512221e-05  -5.839678e-06;
  -1.792228e-07   8.100068e-05   6.933101e-05;
  -7.981030e-05  -7.065494e-05   1.366474e-04]
sigmaDot=[ ... 
   9.187602e-01  -8.240668e-02  -3.746939e-02;
   1.046076e-01   7.163086e-02  -8.795464e-04;
   5.871815e-02   2.539956e-01  -2.723696e-02]
intgraE=[ ...  
  -1.259714e-03   1.571269e-03  -5.337181e-03;
   1.571269e-03  -3.652501e-03   1.743903e-03;
  -5.337181e-03   1.743903e-03   1.697671e-02]
E=[ ...        
  -2.738767e-05   1.745044e-03  -4.718487e-03;
   1.745044e-03  -2.056339e-03   1.628714e-03;
  -4.718487e-03   1.628714e-03   1.679217e-02]
e=[ ...        
  -1.434953e-04   1.746952e-03  -4.463707e-03;
   1.746952e-03  -2.052057e-03   1.718203e-03;
  -4.463707e-03   1.718203e-03   1.624236e-02]
intgraF=[ ...  
   9.986545e-01   1.735166e-03   2.496886e-03;
   1.340498e-03   9.963229e-01   9.333156e-03;
  -1.296277e-02  -5.719340e-03   1.016789e+00]
F=[ ...        
   9.998982e-01   1.706435e-03   2.822694e-03;
   1.719283e-03   9.979241e-01   9.006126e-03;
  -1.207431e-02  -5.641123e-03   1.016610e+00]
R=[ ...        
   9.999728e-01  -5.627512e-05   7.380879e-03;
   2.656797e-06   9.999736e-01   7.264299e-03;
  -7.381093e-03  -7.264081e-03   9.999464e-01]
U=[ ...        
   9.999601e-01   1.750677e-03  -4.681050e-03;
   1.750677e-03   9.979387e-01   1.620994e-03;
  -4.681050e-03   1.620994e-03   1.016641e+00]
l=[ ...        
  -5.737952e-03   8.392345e-04   2.681664e-03;
   3.091541e-03  -1.134413e-02   3.357841e-02;
  -3.915223e-02  -1.496332e-02   4.973782e-02]
d=[ ...        
  -5.737952e-03   1.965388e-03  -1.823528e-02;
   1.965388e-03  -1.134413e-02   9.307548e-03;
  -1.823528e-02   9.307548e-03   4.973782e-02]
