     iteration=        1000000       process=              0       (i,j,k)=              0              0              0       (x,y,z)=   5.000000e-03   5.000000e-03   5.060607e-03     particles=             77
fabric=[ ...   
   2.450922e-01   5.091659e-02   1.061911e-02;
   5.091659e-02   1.104199e-01  -1.190619e-03;
   1.061911e-02  -1.190619e-03   1.829495e-01]
sigma=[ ...    
  -2.881105e-05  -1.066254e-04  -1.655339e-05;
  -2.413628e-05  -1.606733e-04   8.268581e-05;
   1.332733e-05   1.373375e-04   2.599626e-05]
sigmaDot=[ ... 
   2.362557e-01   6.045888e-01   2.852513e-01;
   1.621831e+00   1.492815e+00  -5.628706e-01;
  -2.108017e-01  -8.976438e-02   1.916462e-01]
intgraE=[ ...  
   3.206252e-03  -6.417236e-06   7.915507e-03;
  -6.417236e-06   5.045471e-03   9.647880e-03;
   7.915507e-03   9.647880e-03   2.821960e-02]
E=[ ...        
   3.775851e-03  -6.487148e-04   8.061083e-03;
  -6.487148e-04   5.946427e-03   9.429378e-03;
   8.061083e-03   9.429378e-03   2.767028e-02]
e=[ ...        
   3.641912e-03  -7.762485e-04   7.649220e-03;
  -7.762485e-04   5.678277e-03   8.783824e-03;
   7.649220e-03   8.783824e-03   2.596068e-02]
intgraF=[ ...  
   1.003175e+00   3.181511e-03   9.215598e-03;
  -3.266781e-03   1.004954e+00   6.682315e-03;
   6.429443e-03   1.221191e-02   1.027769e+00]
F=[ ...        
   1.003742e+00   1.976625e-03   9.378505e-03;
  -3.336348e-03   1.005863e+00   7.128274e-03;
   6.553888e-03   1.136080e-02   1.027230e+00]
R=[ ...        
   9.999956e-01   2.630650e-03   1.375378e-03;
  -2.627796e-03   9.999944e-01  -2.072850e-03;
  -1.380824e-03   2.069227e-03   9.999969e-01]
U=[ ...        
   1.003737e+00  -6.822737e-04   7.941308e-03;
  -6.822737e-04   1.005886e+00   9.278478e-03;
   7.941308e-03   9.278478e-03   1.027225e+00]
l=[ ...        
   5.121190e-03   6.048213e-03   1.544257e-02;
  -5.061590e-03   1.052199e-02   1.126115e-02;
   1.346266e-02   1.810116e-02   5.035418e-02]
d=[ ...        
   5.121190e-03   4.933115e-04   1.445261e-02;
   4.933115e-04   1.052199e-02   1.468115e-02;
   1.445261e-02   1.468115e-02   5.035418e-02]
     iteration=        1000000       process=              1       (i,j,k)=              0              0              1       (x,y,z)=   5.000000e-03   5.000000e-03   1.518182e-02     particles=             46
fabric=[ ...   
   1.634558e-01   2.097099e-03  -5.851097e-02;
   2.097099e-03   1.953963e-01  -7.905701e-03;
  -5.851097e-02  -7.905701e-03   5.291259e-02]
sigma=[ ...    
  -4.826215e-04  -2.887375e-04   2.349723e-04;
  -1.098110e-04  -8.380629e-05   2.117206e-04;
  -1.221179e-04   2.112507e-04   1.763953e-04]
sigmaDot=[ ... 
   1.304444e+00   3.275633e-01   6.121277e+00;
   1.143574e+01   5.307162e-01  -1.777921e+00;
  -6.448069e-01  -4.093197e+00   1.099604e+00]
intgraE=[ ...  
   5.162501e-03  -2.667075e-03   1.366002e-02;
  -2.667075e-03   9.542805e-03   5.884422e-04;
   1.366002e-02   5.884422e-04   1.107970e-02]
E=[ ...        
   7.653005e-03   1.744867e-03   1.291345e-02;
   1.744867e-03   4.578303e-03   4.002731e-03;
   1.291345e-02   4.002731e-03   2.435800e-02]
e=[ ...        
   6.703875e-03   1.362217e-03   1.178965e-02;
   1.362217e-03   4.401428e-03   3.520951e-03;
   1.178965e-02   3.520951e-03   2.351929e-02]
intgraF=[ ...  
   1.004733e+00  -2.165561e-03  -1.749055e-03;
  -3.681256e-03   1.009309e+00  -1.828244e-02;
   2.869862e-02   1.941503e-02   1.010852e+00]
F=[ ...        
   1.007030e+00   4.328219e-04  -9.412571e-03;
   2.414629e-03   1.004403e+00  -1.059886e-02;
   3.450415e-02   1.821836e-02   1.023970e+00]
R=[ ...        
   9.997661e-01  -1.185886e-03  -2.159675e-02;
   8.791967e-04   9.998987e-01  -1.420469e-02;
   2.161140e-02   1.418238e-02   9.996658e-01]
U=[ ...        
   1.007542e+00   1.709512e-03   1.270975e-02;
   1.709512e-03   1.004559e+00   3.935704e-03;
   1.270975e-02   3.935704e-03   1.023982e+00]
l=[ ...        
   1.341717e-02   4.633154e-03  -1.157437e-02;
   8.952495e-04   1.361601e-02  -2.436552e-02;
   6.875011e-02   3.847373e-02   4.899402e-02]
d=[ ...        
   1.341717e-02   2.764202e-03   2.858787e-02;
   2.764202e-03   1.361601e-02   7.054104e-03;
   2.858787e-02   7.054104e-03   4.899402e-02]
     iteration=        1000000       process=              2       (i,j,k)=              0              1              0       (x,y,z)=   5.000000e-03   1.500000e-02   5.060607e-03     particles=             80
fabric=[ ...   
   1.656118e-01   3.283108e-02   1.784957e-02;
   3.283108e-02   1.419948e-01   3.372404e-02;
   1.784957e-02   3.372404e-02   2.096348e-01]
sigma=[ ...    
   2.695598e-05   2.406220e-05  -5.006976e-06;
   5.327880e-06   2.388993e-05  -1.523352e-05;
   5.128632e-06  -1.070918e-05   2.960665e-05]
sigmaDot=[ ... 
  -9.468081e-03   2.227484e-02   9.904458e-02;
   7.073721e-02   7.081525e-04  -3.271228e-03;
  -1.192076e-02  -8.114696e-02  -1.725153e-02]
intgraE=[ ...  
   2.563319e-03  -6.469325e-04   7.038130e-03;
  -6.469325e-04   2.187472e-03  -6.356480e-03;
   7.038130e-03  -6.356480e-03   1.866634e-02]
E=[ ...        
   4.012926e-03  -3.660942e-04   6.304300e-03;
  -3.660942e-04   3.099436e-03  -6.847691e-03;
   6.304300e-03  -6.847691e-03   2.215282e-02]
e=[ ...        
   3.867448e-03  -2.211168e-04   5.934194e-03;
  -2.211168e-04   2.910859e-03  -6.399990e-03;
   5.934194e-03  -6.399990e-03   2.117432e-02]
intgraF=[ ...  
   1.002520e+00  -8.896317e-04   4.976143e-03;
  -2.786933e-04   1.002090e+00   1.295609e-03;
   8.923018e-03  -1.375267e-02   1.018482e+00]
F=[ ...        
   1.003960e+00  -6.961195e-04   2.911395e-03;
   8.972462e-05   1.003010e+00  -3.974187e-04;
   9.478061e-03  -1.300972e-02   1.021909e+00]
R=[ ...        
   9.999947e-01  -3.730633e-04  -3.242856e-03;
   3.932486e-04   9.999805e-01   6.226114e-03;
   3.240471e-03  -6.227356e-03   9.999754e-01]
U=[ ...        
   1.003986e+00  -3.438411e-04   6.222688e-03;
  -3.438411e-04   1.003072e+00  -6.762285e-03;
   6.222688e-03  -6.762285e-03   1.021871e+00]
l=[ ...        
   4.577613e-03  -2.076155e-03   1.222549e-02;
  -2.106032e-03   5.404198e-03   8.297709e-04;
   1.594338e-02  -2.561110e-02   3.365748e-02]
d=[ ...        
   4.577613e-03  -2.091094e-03   1.408443e-02;
  -2.091094e-03   5.404198e-03  -1.239066e-02;
   1.408443e-02  -1.239066e-02   3.365748e-02]
     iteration=        1000000       process=              3       (i,j,k)=              0              1              1       (x,y,z)=   5.000000e-03   1.500000e-02   1.518182e-02     particles=             39
fabric=[ ...   
   2.956361e-01   1.292425e-02  -1.013693e-03;
   1.292425e-02   2.246669e-01  -2.692867e-03;
  -1.013693e-03  -2.692867e-03   1.815857e-02]
sigma=[ ...    
   9.707897e-05  -4.402810e-06  -2.872990e-05;
   1.206733e-05   1.135139e-04  -3.148530e-04;
  -5.799761e-06   2.788725e-05   1.801139e-04]
sigmaDot=[ ... 
   1.350497e-01   9.699550e-01  -5.350886e+00;
   1.524815e+00  -6.251377e-02  -4.309787e-04;
   1.256582e-01   7.927503e-01  -2.403531e-01]
intgraE=[ ...  
   4.952278e-03   1.766278e-03   8.611478e-03;
   1.766278e-03  -5.892544e-03  -1.630094e-02;
   8.611478e-03  -1.630094e-02   3.204173e-02]
E=[ ...        
   6.117983e-03   1.291922e-03   6.745069e-03;
   1.291922e-03  -5.729822e-03  -1.687969e-02;
   6.745069e-03  -1.687969e-02   3.326354e-02]
e=[ ...        
   5.694251e-03   2.022048e-03   5.830722e-03;
   2.022048e-03  -7.036411e-03  -1.512352e-02;
   5.830722e-03  -1.512352e-02   3.155130e-02]
intgraF=[ ...  
   1.004533e+00  -1.823802e-03  -1.151879e-02;
   6.462654e-03   9.933674e-01   6.464021e-03;
   2.787523e-02  -3.785318e-02   1.031460e+00]
F=[ ...        
   1.005720e+00  -3.267341e-03  -1.407903e-02;
   6.963342e-03   9.934750e-01   6.723343e-03;
   2.673118e-02  -3.920632e-02   1.032610e+00]
R=[ ...        
   9.997849e-01  -4.978827e-03  -2.013299e-02;
   5.433822e-03   9.997296e-01   2.260825e-02;
   2.001498e-02  -2.271279e-02   9.995417e-01]
U=[ ...        
   1.006077e+00   1.347014e-03   6.628204e-03;
   1.347014e-03   9.941131e-01  -1.666184e-02;
   6.628204e-03  -1.666184e-02   1.032572e+00]
l=[ ...        
   9.524076e-03  -1.253619e-02  -3.603175e-02;
   1.785370e-02  -1.381198e-02   6.418268e-03;
   5.528454e-02  -7.139826e-02   6.828687e-02]
d=[ ...        
   9.524076e-03   2.658754e-03   9.626394e-03;
   2.658754e-03  -1.381198e-02  -3.248999e-02;
   9.626394e-03  -3.248999e-02   6.828687e-02]
     iteration=        1000000       process=              4       (i,j,k)=              1              0              0       (x,y,z)=   1.500000e-02   5.000000e-03   5.060607e-03     particles=             72
fabric=[ ...   
   1.479179e-01   1.662903e-02   1.730123e-02;
   1.662903e-02   2.695050e-01  -3.012792e-02;
   1.730123e-02  -3.012792e-02   1.687840e-01]
sigma=[ ...    
   2.617153e-05   3.611165e-07  -5.656527e-06;
  -4.181223e-06   3.601579e-05   6.044932e-05;
   1.171067e-05   2.162638e-05   4.669849e-05]
sigmaDot=[ ... 
   5.449960e-04  -8.264946e-03   1.289800e-01;
   1.438727e-02  -7.415884e-03   6.942744e-03;
   1.423712e-02   6.887494e-03   3.204942e-03]
intgraE=[ ...  
   1.356368e-04  -2.560552e-04  -7.760473e-03;
  -2.560552e-04  -3.963004e-03   4.523992e-03;
  -7.760473e-03   4.523992e-03   2.918709e-02]
E=[ ...        
  -5.130857e-02   1.219932e-03  -3.653122e-04;
   1.219932e-03  -2.858572e-03   4.966406e-03;
  -3.653122e-04   4.966406e-03   2.874997e-02]
e=[ ...        
  -5.718365e-02   1.312283e-03  -3.253511e-04;
   1.312283e-03  -2.970959e-03   4.565728e-03;
  -3.253511e-04   4.565728e-03   2.719128e-02]
intgraF=[ ...  
   1.000002e+00  -1.998949e-03   1.218580e-03;
   1.665618e-03   9.959709e-01  -1.837948e-03;
  -1.626841e-02   1.057666e-02   1.028771e+00]
F=[ ...        
   9.472992e-01   7.154482e-05   4.901667e-04;
   2.390804e-03   9.970860e-01  -4.739457e-04;
  -1.160916e-03   1.011850e-02   1.028348e+00]
R=[ ...        
   9.999989e-01  -1.191765e-03   8.450007e-04;
   1.196168e-03   9.999856e-01  -5.229452e-03;
  -8.387563e-04   5.230457e-03   9.999860e-01]
U=[ ...        
   9.473020e-01   1.255740e-03  -3.729340e-04;
   1.255740e-03   9.971245e-01   4.904207e-03;
  -3.729340e-04   4.904207e-03   1.028336e+00]
l=[ ...        
  -2.761562e-03  -4.031145e-03   2.990852e-03;
   1.888863e-03  -8.377648e-03  -1.189365e-03;
  -2.869022e-02   1.967711e-02   5.251666e-02]
d=[ ...        
  -2.761562e-03  -1.071141e-03  -1.284969e-02;
  -1.071141e-03  -8.377648e-03   9.243872e-03;
  -1.284969e-02   9.243872e-03   5.251666e-02]
     iteration=        1000000       process=              5       (i,j,k)=              1              0              1       (x,y,z)=   1.500000e-02   5.000000e-03   1.518182e-02     particles=             40
fabric=[ ...   
   2.432350e-01   7.711514e-02  -8.371299e-03;
   7.711514e-02   1.258856e-01  -8.406785e-03;
  -8.371299e-03  -8.406785e-03   5.879375e-03]
sigma=[ ...    
  -5.272861e-04  -3.005878e-04  -2.353682e-04;
  -2.658794e-04   7.632803e-05   1.326297e-04;
   1.839928e-04   1.018014e-04   1.403403e-04]
sigmaDot=[ ... 
   2.615011e+00   7.241208e-01   6.723530e-01;
   9.027458e-01   1.518913e-01  -7.376378e-02;
   3.729039e-01  -2.183841e-01   7.787723e-02]
intgraE=[ ...  
  -6.611866e-04  -3.773545e-03  -1.266982e-02;
  -3.773545e-03   1.394808e-03   1.313997e-02;
  -1.266982e-02   1.313997e-02   1.943880e-02]
E=[ ...        
   9.696949e-04  -3.601503e-03  -1.423488e-02;
  -3.601503e-03   2.280540e-03   1.565301e-02;
  -1.423488e-02   1.565301e-02   2.214048e-02]
e=[ ...        
  -1.112157e-04  -2.741838e-03  -1.298406e-02;
  -2.741838e-03   1.697836e-03   1.489146e-02;
  -1.298406e-02   1.489146e-02   2.114689e-02]
intgraF=[ ...  
   9.984994e-01  -4.374124e-04   1.595501e-02;
  -6.341966e-03   1.001217e+00   7.115678e-03;
  -4.045278e-02   1.880336e-02   1.019104e+00]
F=[ ...        
   1.000197e+00  -4.913164e-04   1.130627e-02;
  -5.963340e-03   1.002099e+00   1.194192e-02;
  -3.886111e-02   1.893246e-02   1.021768e+00]
R=[ ...        
   9.996897e-01   2.607118e-03   2.477390e-02;
  -2.522093e-03   9.999908e-01  -3.462685e-03;
  -2.478270e-02   3.399128e-03   9.996871e-01]
U=[ ...        
   1.000865e+00  -3.487748e-03  -1.404953e-02;
  -3.487748e-03   1.002153e+00   1.544441e-02;
  -1.404953e-02   1.544441e-02   1.021687e+00]
l=[ ...        
  -5.127456e-03   2.195637e-03   2.320977e-02;
  -9.059664e-03  -1.592333e-03   2.220521e-02;
  -7.901969e-02   3.507512e-02   4.458659e-02]
d=[ ...        
  -5.127456e-03  -3.432014e-03  -2.790496e-02;
  -3.432014e-03  -1.592333e-03   2.864016e-02;
  -2.790496e-02   2.864016e-02   4.458659e-02]
     iteration=        1000000       process=              6       (i,j,k)=              1              1              0       (x,y,z)=   1.500000e-02   1.500000e-02   5.060607e-03     particles=             64
fabric=[ ...   
   2.199741e-01  -2.193468e-02   3.239924e-02;
  -2.193468e-02   7.644907e-02   1.618086e-02;
   3.239924e-02   1.618086e-02   1.818377e-01]
sigma=[ ...    
  -3.596731e-05  -5.306200e-05  -2.662723e-07;
   4.152436e-06   6.628295e-06   2.585824e-05;
   8.976572e-05   2.115325e-05   5.498729e-05]
sigmaDot=[ ... 
   5.024120e-01   1.209086e-02   4.999441e-01;
   2.167191e-01   2.878923e-02   8.952753e-03;
   2.602624e-01  -3.618628e-01   1.548526e-02]
intgraE=[ ...  
  -2.235725e-03   3.310765e-03  -2.595519e-03;
   3.310765e-03   1.313776e-03  -6.418525e-03;
  -2.595519e-03  -6.418525e-03   2.613800e-02]
E=[ ...        
  -1.094325e-03   3.246556e-03  -1.423360e-03;
   3.246556e-03   1.817440e-03  -5.468089e-03;
  -1.423360e-03  -5.468089e-03   2.291535e-02]
e=[ ...        
  -1.131651e-03   3.204284e-03  -1.264172e-03;
   3.204284e-03   1.693328e-03  -5.132096e-03;
  -1.264172e-03  -5.132096e-03   2.190323e-02]
intgraF=[ ...  
   9.977381e-01   3.079282e-03   9.041894e-04;
   3.480253e-03   1.001249e+00  -1.668801e-03;
  -5.934251e-03  -1.088800e-02   1.025803e+00]
F=[ ...        
   9.988877e-01   3.007388e-03   2.063822e-03;
   3.437847e-03   1.001767e+00  -1.311299e-03;
  -4.795103e-03  -9.415454e-03   1.022656e+00]
R=[ ...        
   9.999942e-01  -2.155768e-04   3.385524e-03;
   2.020401e-04   9.999920e-01   3.998243e-03;
  -3.386358e-03  -3.997536e-03   9.999863e-01]
U=[ ...        
   9.988988e-01   3.241652e-03  -1.399534e-03;
   3.241652e-03   1.001796e+00  -5.399836e-03;
  -1.399534e-03  -5.399836e-03   1.022643e+00]
l=[ ...        
  -6.404786e-03   4.548418e-03   2.807331e-03;
   7.344273e-03   6.386687e-04  -3.935411e-04;
  -1.110722e-02  -1.682284e-02   4.357679e-02]
d=[ ...        
  -6.404786e-03   5.946346e-03  -4.149944e-03;
   5.946346e-03   6.386687e-04  -8.608193e-03;
  -4.149944e-03  -8.608193e-03   4.357679e-02]
     iteration=        1000000       process=              7       (i,j,k)=              1              1              1       (x,y,z)=   1.500000e-02   1.500000e-02   1.518182e-02     particles=             47
fabric=[ ...   
   1.108790e-01   8.775819e-03  -3.518519e-02;
   8.775819e-03   5.178340e-02   1.830289e-02;
  -3.518519e-02   1.830289e-02   4.786391e-02]
sigma=[ ...    
   7.187330e-05   2.337692e-05   1.742849e-05;
   1.120995e-05   9.303168e-05   5.889349e-06;
  -5.192535e-05  -1.145647e-04   5.710381e-06]
sigmaDot=[ ... 
   1.353743e+00  -5.122679e-02   5.171799e+00;
  -4.058690e+00   4.152835e-01  -2.843433e+00;
  -2.633368e-01   1.110265e+01  -8.848801e-02]
intgraE=[ ...  
  -1.643025e-03   1.714814e-03  -8.554399e-03;
   1.714814e-03  -5.407697e-03   3.116268e-03;
  -8.554399e-03   3.116268e-03   2.559860e-02]
E=[ ...        
   2.798696e-04   2.247294e-03  -6.925408e-03;
   2.247294e-03  -3.939536e-03   1.863304e-03;
  -6.925408e-03   1.863304e-03   2.436918e-02]
e=[ ...        
   2.628758e-05   2.237829e-03  -6.364289e-03;
   2.237829e-03  -3.943678e-03   2.104918e-03;
  -6.364289e-03   2.104918e-03   2.325020e-02]
intgraF=[ ...  
   9.981559e-01   1.978886e-03   3.304045e-03;
   1.297461e-03   9.945416e-01   1.474541e-02;
  -1.992443e-02  -8.231755e-03   1.025168e+00]
F=[ ...        
   1.000105e+00   2.302776e-03   5.158072e-03;
   2.022445e-03   9.960044e-01   1.352916e-02;
  -1.859104e-02  -9.531826e-03   1.023977e+00]
R=[ ...        
   9.999313e-01   2.350585e-05   1.171995e-02;
  -1.571405e-04   9.999350e-01   1.140153e-02;
  -1.171892e-02  -1.140259e-02   9.998663e-01]
U=[ ...        
   1.000254e+00   2.257807e-03  -6.844311e-03;
   2.257807e-03   9.960484e-01   1.852411e-03;
  -6.844311e-03   1.852411e-03   1.024055e+00]
l=[ ...        
   1.792440e-03   1.191586e-03   5.281751e-03;
  -2.501132e-03  -6.210672e-03   3.149176e-02;
  -3.978859e-02  -1.287121e-02   4.868356e-02]
d=[ ...        
   1.792440e-03  -6.547731e-04  -1.725342e-02;
  -6.547731e-04  -6.210672e-03   9.310275e-03;
  -1.725342e-02   9.310275e-03   4.868356e-02]
