     iteration=          50000       process=              0       (i,j,k)=              0              0              0       (x,y,z)=   5.000000e-03   5.000000e-03   4.990862e-03     particles=             78
fabric=[ ...   
   2.994563e-01  -1.802114e-02   1.082066e-02;
  -1.802114e-02   8.498086e-02   2.415463e-02;
   1.082066e-02   2.415463e-02   2.309475e-01]
sigma=[ ...    
   3.814068e-05   2.167390e-05   3.148403e-05;
  -8.941739e-06   9.144012e-05  -5.025584e-05;
  -2.002339e-05   1.563991e-05   1.231987e-04]
sigmaDot=[ ... 
   1.689830e-02   6.771936e-03  -5.659408e-03;
   1.393376e-01   1.362652e-02  -6.305920e-03;
   8.810958e-02   7.343607e-02   3.498685e-03]
intgraE=[ ...  
   2.574271e-04   1.864929e-05   4.050807e-04;
   1.864929e-05   3.179282e-04   5.778473e-04;
   4.050807e-04   5.778473e-04   1.446872e-03]
E=[ ...        
   2.251432e-04   6.257945e-05   4.401710e-04;
   6.257945e-05   3.046008e-04   6.484590e-04;
   4.401710e-04   6.484590e-04   1.593582e-03]
e=[ ...        
   2.247569e-04   6.194025e-05   4.387513e-04;
   6.194025e-05   3.033066e-04   6.456310e-04;
   4.387513e-04   6.456310e-04   1.587454e-03]
intgraF=[ ...  
   1.000257e+00   2.380800e-04   5.920359e-04;
  -2.009415e-04   1.000318e+00   4.076522e-04;
   2.177404e-04   7.466926e-04   1.001446e+00]
F=[ ...        
   1.000225e+00   2.293290e-04   5.402901e-04;
  -1.044738e-04   1.000304e+00   4.592375e-04;
   3.394379e-04   8.360857e-04   1.001592e+00]
R=[ ...        
   1.000000e+00   1.667928e-04   1.002711e-04;
  -1.667740e-04   1.000000e+00  -1.882205e-04;
  -1.003025e-04   1.882037e-04   1.000000e+00]
U=[ ...        
   1.000225e+00   6.242049e-05   4.397512e-04;
   6.242049e-05   1.000304e+00   6.478310e-04;
   4.397512e-04   6.478310e-04   1.001592e+00]
l=[ ...        
   1.029400e-02   9.523202e-03   2.368143e-02;
  -8.037660e-03   1.270283e-02   1.630609e-02;
   8.709617e-03   2.986771e-02   5.782277e-02]
d=[ ...        
   1.029400e-02   7.427707e-04   1.619553e-02;
   7.427707e-04   1.270283e-02   2.308690e-02;
   1.619553e-02   2.308690e-02   5.782277e-02]
     iteration=          50000       process=              1       (i,j,k)=              0              0              1       (x,y,z)=   5.000000e-03   5.000000e-03   1.497259e-02     particles=             47
fabric=[ ...   
   2.025342e-01  -4.904157e-02   3.116980e-02;
  -4.904157e-02   1.880779e-01  -2.546484e-03;
   3.116980e-02  -2.546484e-03   6.393333e-02]
sigma=[ ...    
   1.629299e-04   3.049640e-05  -4.989063e-04;
   8.149004e-05   1.859150e-05   2.701442e-04;
  -4.095125e-04   2.821918e-04  -1.897600e-04]
sigmaDot=[ ... 
   4.153308e-02  -2.771543e-01   3.405802e+00;
   2.898800e-01   2.031941e-01  -1.745684e-01;
   1.503474e-01  -2.214358e-01   8.579758e-01]
intgraE=[ ...  
   2.064908e-04  -1.200280e-04   5.604616e-04;
  -1.200280e-04   5.101660e-04   1.825637e-04;
   5.604616e-04   1.825637e-04  -3.857522e-05]
E=[ ...        
   2.313805e-04  -8.973564e-05   5.763898e-04;
  -8.973564e-05   4.792782e-04   1.645776e-04;
   5.763898e-04   1.645776e-04  -8.000204e-05]
e=[ ...        
   2.296809e-04  -9.043590e-05   5.763995e-04;
  -9.043590e-05   4.784547e-04   1.650211e-04;
   5.763995e-04   1.650211e-04  -7.952658e-05]
intgraF=[ ...  
   1.000206e+00  -3.313358e-04  -2.585146e-04;
   8.995429e-05   1.000510e+00  -6.115275e-04;
   1.379599e-03   9.769188e-04   9.999612e-01]
F=[ ...        
   1.000230e+00  -2.606298e-04  -2.418984e-04;
   7.983493e-05   1.000479e+00  -6.350258e-04;
   1.394896e-03   9.644993e-04   9.999198e-01]
R=[ ...        
   9.999997e-01  -1.706622e-04  -8.182893e-04;
   1.700077e-04   9.999997e-01  -7.997585e-04;
   8.184255e-04   7.996191e-04   9.999993e-01]
U=[ ...        
   1.000231e+00  -8.975119e-05   5.763536e-04;
  -8.975119e-05   1.000479e+00   1.645706e-04;
   5.763536e-04   1.645706e-04   9.999198e-01]
l=[ ...        
   8.220558e-03  -1.325343e-02  -1.034058e-02;
   3.598172e-03   2.038017e-02  -2.446110e-02;
   5.518398e-02   3.907675e-02  -1.551855e-03]
d=[ ...        
   8.220558e-03  -4.827629e-03   2.242170e-02;
  -4.827629e-03   2.038017e-02   7.307825e-03;
   2.242170e-02   7.307825e-03  -1.551855e-03]
     iteration=          50000       process=              2       (i,j,k)=              0              1              0       (x,y,z)=   5.000000e-03   1.500000e-02   4.990862e-03     particles=             81
fabric=[ ...   
   2.395671e-01  -2.343037e-03  -7.989053e-02;
  -2.343037e-03   2.326860e-01   2.813336e-03;
  -7.989053e-02   2.813336e-03   3.372708e-01]
sigma=[ ...    
  -3.941850e-04   5.268453e-05   8.120671e-04;
  -1.182376e-04  -4.602628e-04  -3.543823e-05;
   7.118493e-04   3.700850e-04  -1.580385e-03]
sigmaDot=[ ... 
  -3.427905e+01   1.773896e+01   9.215473e+01;
   3.425950e+01  -5.654902e+01  -8.081284e+01;
   3.399473e+01  -5.292145e+01  -3.751714e+01]
intgraE=[ ...  
   7.402417e-05  -7.044020e-07   3.235050e-04;
  -7.044020e-07   1.083705e-04  -2.726508e-04;
   3.235050e-04  -2.726508e-04   1.040724e-03]
E=[ ...        
   9.561767e-05  -6.514558e-06   3.393537e-04;
  -6.514558e-06   1.352355e-04  -2.705292e-04;
   3.393537e-04  -2.705292e-04   1.088692e-03]
e=[ ...        
   9.522149e-05  -6.141713e-06   3.383523e-04;
  -6.141713e-06   1.348444e-04  -2.694749e-04;
   3.383523e-04  -2.694749e-04   1.086308e-03]
intgraF=[ ...  
   1.000074e+00  -9.354685e-05   1.179634e-04;
   9.248982e-05   1.000108e+00   1.268750e-04;
   5.284765e-04  -6.714808e-04   1.001040e+00]
F=[ ...        
   1.000095e+00  -7.909420e-05   1.188147e-04;
   6.643013e-05   1.000135e+00   1.148999e-04;
   5.592653e-04  -6.552513e-04   1.001088e+00]
R=[ ...        
   1.000000e+00  -7.267592e-05  -2.201176e-04;
   7.276063e-05   9.999999e-01   3.848192e-04;
   2.200896e-04  -3.848352e-04   9.999999e-01]
U=[ ...        
   1.000096e+00  -6.467965e-06   3.391521e-04;
  -6.467965e-06   1.000135e+00  -2.703627e-04;
   3.391521e-04  -2.703627e-04   1.001088e+00]
l=[ ...        
   2.955101e-03  -3.741874e-03   4.718536e-03;
   3.699593e-03   4.325394e-03   5.075000e-03;
   2.113906e-02  -2.685923e-02   4.160671e-02]
d=[ ...        
   2.955101e-03  -2.114065e-05   1.292880e-02;
  -2.114065e-05   4.325394e-03  -1.089212e-02;
   1.292880e-02  -1.089212e-02   4.160671e-02]
     iteration=          50000       process=              3       (i,j,k)=              0              1              1       (x,y,z)=   5.000000e-03   1.500000e-02   1.497259e-02     particles=             37
fabric=[ ...   
   5.942384e-01  -2.060451e-03   7.791147e-02;
  -2.060451e-03   1.851508e-01  -2.242293e-02;
   7.791147e-02  -2.242293e-02   2.206107e-01]
sigma=[ ...    
   2.529590e-05  -1.873455e-05   3.099881e-06;
  -9.331000e-05   9.122085e-05  -3.290691e-04;
  -1.688796e-04  -2.232338e-07  -2.891671e-04]
sigmaDot=[ ... 
   2.946278e-02  -1.564535e-02   7.847100e-02;
   1.028872e-01   2.476663e-02   2.444507e-01;
   1.644207e-01   1.029585e-01   1.745000e+00]
intgraE=[ ...  
   1.514012e-04   1.535096e-04   4.077841e-04;
   1.535096e-04  -2.983843e-04  -5.718724e-04;
   4.077841e-04  -5.718724e-04   1.567623e-03]
E=[ ...        
   1.476865e-04   1.276933e-04   4.163182e-04;
   1.276933e-04  -3.020195e-04  -5.149596e-04;
   4.163182e-04  -5.149596e-04   1.609401e-03]
e=[ ...        
   1.465114e-04   1.291206e-04   4.135385e-04;
   1.291206e-04  -3.039633e-04  -5.113555e-04;
   4.135385e-04  -5.113555e-04   1.605318e-03]
intgraF=[ ...  
   1.000150e+00   1.316282e-04  -5.125898e-04;
   1.777685e-04   9.997000e-01   6.269403e-04;
   1.326047e-03  -1.767661e-03   1.001566e+00]
F=[ ...        
   1.000147e+00   1.047760e-04  -4.872753e-04;
   1.528685e-04   9.996965e-01   6.630241e-04;
   1.317763e-03  -1.689974e-03   1.001608e+00]
R=[ ...        
   9.999996e-01  -2.350535e-05  -9.018232e-04;
   2.456568e-05   9.999993e-01   1.175773e-03;
   9.017949e-04  -1.175795e-03   9.999989e-01]
U=[ ...        
   1.000148e+00   1.278102e-04   4.159859e-04;
   1.278102e-04   9.996978e-01  -5.146502e-04;
   4.159859e-04  -5.146502e-04   1.001608e+00]
l=[ ...        
   6.019795e-03   5.265130e-03  -2.050359e-02;
   7.110738e-03  -1.200001e-02   2.507761e-02;
   5.304188e-02  -7.070646e-02   6.264276e-02]
d=[ ...        
   6.019795e-03   6.187934e-03   1.626915e-02;
   6.187934e-03  -1.200001e-02  -2.281442e-02;
   1.626915e-02  -2.281442e-02   6.264276e-02]
     iteration=          50000       process=              4       (i,j,k)=              1              0              0       (x,y,z)=   1.500000e-02   5.000000e-03   4.990862e-03     particles=             72
fabric=[ ...   
   2.016649e-01   3.418428e-02   6.889488e-02;
   3.418428e-02   4.931710e-01  -4.193185e-02;
   6.889488e-02  -4.193185e-02   2.463405e-01]
sigma=[ ...    
   2.494534e-06  -6.945464e-05   5.283558e-05;
   9.959013e-05  -4.744683e-04  -7.842414e-05;
  -8.646440e-06  -1.232363e-04  -5.579599e-05]
sigmaDot=[ ... 
   5.394708e-01   8.200475e-01  -3.274368e+00;
  -4.866240e+00   2.462449e-01   1.155217e+00;
   4.597075e-02   8.875797e-01   5.385024e-02]
intgraE=[ ...  
   2.942492e-05   7.260827e-06  -4.010485e-04;
   7.260827e-06  -9.829323e-05   1.752309e-04;
  -4.010485e-04   1.752309e-04   1.380343e-03]
E=[ ...        
   9.883464e-05   1.175931e-05  -4.117727e-04;
   1.175931e-05  -9.024073e-05   1.850993e-04;
  -4.117727e-04   1.850993e-04   1.397431e-03]
e=[ ...        
   9.808523e-05   1.215393e-05  -4.099532e-04;
   1.215393e-05  -9.044234e-05   1.840910e-04;
  -4.099532e-04   1.840910e-04   1.393639e-03]
intgraF=[ ...  
   1.000029e+00  -1.416284e-04   8.278073e-05;
   1.566304e-04   9.999016e-01  -1.717597e-04;
  -8.836343e-04   5.214969e-04   1.001379e+00]
F=[ ...        
   1.000098e+00  -1.071181e-04   6.291508e-05;
   1.311099e-04   9.999096e-01  -1.396956e-04;
  -8.852123e-04   5.091774e-04   1.001396e+00]
R=[ ...        
   9.999999e-01  -1.190138e-04   4.737418e-04;
   1.191674e-04   9.999999e-01  -3.241749e-04;
  -4.737032e-04   3.242313e-04   9.999998e-01]
U=[ ...        
   1.000099e+00   1.179731e-05  -4.114662e-04;
   1.179731e-05   9.999097e-01   1.849810e-04;
  -4.114662e-04   1.849810e-04   1.001396e+00]
l=[ ...        
   1.160873e-03  -5.665137e-03   3.311229e-03;
   6.265217e-03  -3.937763e-03  -6.870389e-03;
  -3.534537e-02   2.085988e-02   5.517496e-02]
d=[ ...        
   1.160873e-03   3.000399e-04  -1.601707e-02;
   3.000399e-04  -3.937763e-03   6.994744e-03;
  -1.601707e-02   6.994744e-03   5.517496e-02]
     iteration=          50000       process=              5       (i,j,k)=              1              0              1       (x,y,z)=   1.500000e-02   5.000000e-03   1.497259e-02     particles=             38
fabric=[ ...   
   4.254680e-01   6.358408e-02   5.130585e-02;
   6.358408e-02   2.002668e-01   2.168130e-02;
   5.130585e-02   2.168130e-02   7.426520e-02]
sigma=[ ...    
  -1.174318e-04  -2.525501e-04  -2.318196e-04;
  -3.647541e-04  -2.756932e-04   1.133955e-04;
   2.102888e-04  -2.270363e-04   6.470630e-05]
sigmaDot=[ ... 
   2.396376e-01   1.227210e-01   3.280610e-02;
   5.290345e-02   4.318939e-01   6.289003e-02;
  -7.252088e-02   3.106348e-01   9.327680e-02]
intgraE=[ ...  
   7.885056e-05  -2.445215e-04  -5.034657e-04;
  -2.445215e-04   1.709690e-04   5.755698e-04;
  -5.034657e-04   5.755698e-04   8.064509e-04]
E=[ ...        
   7.790513e-05  -2.528443e-04  -4.887692e-04;
  -2.528443e-04   1.556835e-04   5.524711e-04;
  -4.887692e-04   5.524711e-04   8.406651e-04]
e=[ ...        
   7.564588e-05  -2.511428e-04  -4.863620e-04;
  -2.511428e-04   1.546423e-04   5.513975e-04;
  -4.863620e-04   5.513975e-04   8.400697e-04]
intgraF=[ ...  
   1.000076e+00  -1.423053e-04   1.148198e-03;
  -3.448433e-04   1.000171e+00   3.032253e-04;
  -2.153378e-03   8.473435e-04   1.000805e+00]
F=[ ...        
   1.000076e+00  -1.293179e-04   1.136751e-03;
  -3.745264e-04   1.000155e+00   2.634433e-04;
  -2.112503e-03   8.408988e-04   1.000840e+00]
R=[ ...        
   9.999987e-01   1.224462e-04   1.623794e-03;
  -1.219778e-04   1.000000e+00  -2.885084e-04;
  -1.623829e-03   2.883100e-04   9.999986e-01]
U=[ ...        
   1.000078e+00  -2.526800e-04  -4.884753e-04;
  -2.526800e-04   1.000155e+00   5.521345e-04;
  -4.884753e-04   5.521345e-04   1.000840e+00]
l=[ ...        
   3.058787e-03  -5.692214e-03   4.592791e-02;
  -1.379373e-02   6.823413e-03   1.212901e-02;
  -8.613511e-02   3.389374e-02   3.221686e-02]
d=[ ...        
   3.058787e-03  -9.742974e-03  -2.010360e-02;
  -9.742974e-03   6.823413e-03   2.301138e-02;
  -2.010360e-02   2.301138e-02   3.221686e-02]
     iteration=          50000       process=              6       (i,j,k)=              1              1              0       (x,y,z)=   1.500000e-02   1.500000e-02   4.990862e-03     particles=             66
fabric=[ ...   
   2.646813e-01   7.666525e-02  -6.164788e-03;
   7.666525e-02   3.008844e-01  -4.560346e-02;
  -6.164788e-03  -4.560346e-02   2.677676e-01]
sigma=[ ...    
  -2.480208e-04  -1.870350e-04   1.393448e-04;
  -3.041766e-04  -1.569716e-04   3.463053e-05;
  -1.701019e-05  -4.167283e-05   4.289693e-05]
sigmaDot=[ ... 
   2.887568e+00   1.350060e+00  -2.242109e+00;
   1.320127e+01  -3.851357e+00  -7.871372e-01;
   1.616599e+00   1.140650e+01   6.482069e-01]
intgraE=[ ...  
  -4.447936e-06   7.778316e-05  -1.511371e-04;
   7.778316e-05   1.787916e-04  -3.775430e-04;
  -1.511371e-04  -3.775430e-04   1.450745e-03]
E=[ ...        
  -1.702315e-05   9.566673e-05  -1.560979e-04;
   9.566673e-05   1.601125e-04  -3.798555e-04;
  -1.560979e-04  -3.798555e-04   1.457150e-03]
e=[ ...        
  -1.718797e-05   9.535926e-05  -1.551622e-04;
   9.535926e-05   1.595415e-04  -3.782577e-04;
  -1.551622e-04  -3.782577e-04   1.452892e-03]
intgraF=[ ...  
   9.999954e-01   4.908417e-05   1.394159e-04;
   1.061731e-04   1.000179e+00  -9.574863e-05;
  -4.410398e-04  -6.583726e-04   1.001450e+00]
F=[ ...        
   9.999829e-01   6.146647e-05   1.370120e-04;
   1.295464e-04   1.000160e+00  -8.793734e-05;
  -4.485409e-04  -6.707914e-04   1.001456e+00]
R=[ ...        
   1.000000e+00  -3.404734e-05   2.925406e-04;
   3.396215e-05   1.000000e+00   2.911854e-04;
  -2.925506e-04  -2.911754e-04   9.999999e-01]
U=[ ...        
   9.999830e-01   9.563029e-05  -1.559675e-04;
   9.563029e-05   1.000160e+00  -3.795414e-04;
  -1.559675e-04  -3.795414e-04   1.001456e+00]
l=[ ...        
  -1.820336e-04   1.963367e-03   5.576635e-03;
   4.246922e-03   7.142311e-03  -3.829945e-03;
  -1.764159e-02  -2.633490e-02   5.798720e-02]
d=[ ...        
  -1.820336e-04   3.105144e-03  -6.032479e-03;
   3.105144e-03   7.142311e-03  -1.508242e-02;
  -6.032479e-03  -1.508242e-02   5.798720e-02]
     iteration=          50000       process=              7       (i,j,k)=              1              1              1       (x,y,z)=   1.500000e-02   1.500000e-02   1.497259e-02     particles=             46
fabric=[ ...   
   1.465680e-01   6.778201e-02  -2.588483e-02;
   6.778201e-02   3.473107e-01  -2.652143e-02;
  -2.588483e-02  -2.652143e-02   6.121326e-03]
sigma=[ ...    
   9.406674e-05   7.301169e-06   3.244206e-06;
   1.251497e-05   1.077976e-04   1.148156e-04;
  -6.044349e-05  -1.381974e-06   1.303997e-04]
sigmaDot=[ ... 
   1.084129e-02  -9.626875e-03   1.107239e-02;
   5.595635e-04   3.417996e-03  -8.093520e-04;
   1.245713e-03  -2.230832e-02   3.041881e-04]
intgraE=[ ...  
  -9.226802e-05   1.716826e-04  -3.166622e-04;
   1.716826e-04  -2.457302e-04   5.828181e-05;
  -3.166622e-04   5.828181e-05   1.285756e-03]
E=[ ...        
  -7.333453e-05   1.624165e-04  -3.026483e-04;
   1.624165e-04  -2.102843e-04   6.017920e-05;
  -3.026483e-04   6.017920e-05   1.284579e-03]
e=[ ...        
  -7.398483e-05   1.624219e-04  -3.011096e-04;
   1.624219e-04  -2.103705e-04   6.084679e-05;
  -3.011096e-04   6.084679e-05   1.281440e-03]
intgraF=[ ...  
   9.999072e-01   1.736051e-04   3.815952e-04;
   1.693368e-04   9.997541e-01   5.918139e-04;
  -1.013682e-03  -4.745614e-04   1.001285e+00]
F=[ ...        
   9.999262e-01   1.713086e-04   3.730826e-04;
   1.531005e-04   9.997896e-01   6.007382e-04;
  -9.771893e-04  -4.797016e-04   1.001284e+00]
R=[ ...        
   9.999998e-01   8.821243e-06   6.746860e-04;
  -9.185487e-06   9.999999e-01   5.398710e-04;
  -6.746811e-04  -5.398770e-04   9.999996e-01]
U=[ ...        
   9.999266e-01   1.624487e-04  -3.024701e-04;
   1.624487e-04   9.997897e-01   6.017148e-05;
  -3.024701e-04   6.017148e-05   1.001284e+00]
l=[ ...        
  -3.712018e-03   6.944202e-03   1.526381e-02;
   6.773472e-03  -9.835524e-03   2.367256e-02;
  -4.054728e-02  -1.898246e-02   5.138731e-02]
d=[ ...        
  -3.712018e-03   6.858837e-03  -1.264174e-02;
   6.858837e-03  -9.835524e-03   2.345051e-03;
  -1.264174e-02   2.345051e-03   5.138731e-02]
