     iteration=         450000       process=              0       (i,j,k)=              0              0              0       (x,y,z)=   5.000000e-03   5.000000e-03   5.021374e-03     particles=             78
fabric=[ ...   
   3.014528e-01   1.375223e-02  -4.751643e-03;
   1.375223e-02   1.531080e-01   3.714635e-02;
  -4.751643e-03   3.714635e-02   2.240106e-01]
sigma=[ ...    
  -1.400618e-02  -9.998644e-03   6.989851e-03;
  -1.062968e-02  -1.954351e-02   8.620814e-03;
   8.189657e-03   1.091039e-02  -7.417517e-03]
sigmaDot=[ ... 
   5.838050e+01   6.998773e+00  -3.961260e+01;
   3.711364e+01   7.065498e+01  -2.690191e+01;
  -1.810840e+01  -2.865816e+01   2.059678e+01]
intgraE=[ ...  
   1.896346e-03  -1.892196e-05   3.676466e-03;
  -1.892196e-05   2.401272e-03   4.634306e-03;
   3.676466e-03   4.634306e-03   1.280837e-02]
E=[ ...        
   2.101606e-03  -1.499447e-05   3.667052e-03;
  -1.499447e-05   2.704291e-03   4.961870e-03;
   3.667052e-03   4.961870e-03   1.358800e-02]
e=[ ...        
   2.074233e-03  -4.874231e-05   3.574690e-03;
  -4.874231e-05   2.629752e-03   4.786130e-03;
   3.574690e-03   4.786130e-03   1.316185e-02]
intgraF=[ ...  
   1.001890e+00   1.575544e-03   4.791248e-03;
  -1.627675e-03   1.002379e+00   3.166283e-03;
   2.525677e-03   6.010843e-03   1.012711e+00]
F=[ ...        
   1.002095e+00   1.501435e-03   4.717314e-03;
  -1.546535e-03   1.002680e+00   3.573017e-03;
   2.577688e-03   6.249819e-03   1.013480e+00]
R=[ ...        
   9.999983e-01   1.516050e-03   1.056832e-03;
  -1.514648e-03   9.999980e-01  -1.325718e-03;
  -1.058840e-03   1.324115e-03   9.999986e-01]
U=[ ...        
   1.002093e+00  -2.389262e-05   3.638781e-03;
  -2.389262e-05   1.002689e+00   4.922126e-03;
   3.638781e-03   4.922126e-03   1.013478e+00]
l=[ ...        
   5.276362e-03   2.203872e-03   1.924274e-02;
  -6.865133e-03   9.117905e-03   1.322945e-02;
   1.432013e-02   2.516578e-02   5.308800e-02]
d=[ ...        
   5.276362e-03  -2.330631e-03   1.678144e-02;
  -2.330631e-03   9.117905e-03   1.919761e-02;
   1.678144e-02   1.919761e-02   5.308800e-02]
     iteration=         450000       process=              1       (i,j,k)=              0              0              1       (x,y,z)=   5.000000e-03   5.000000e-03   1.506412e-02     particles=             46
fabric=[ ...   
   1.424330e-01  -8.060400e-04  -7.730239e-03;
  -8.060400e-04   4.561444e-06   4.374604e-05;
  -7.730239e-03   4.374604e-05   4.195417e-04]
sigma=[ ...    
   1.495865e-04  -6.310244e-05   2.596820e-05;
   2.491219e-06   1.454984e-04   1.292437e-04;
  -1.400282e-04   1.408607e-05   1.757478e-04]
sigmaDot=[ ... 
   2.842902e-04  -1.282467e-04   8.535640e-04;
  -1.085176e-02   2.482732e-05   3.081766e-04;
  -8.867439e-03  -3.993804e-04   6.266050e-04]
intgraE=[ ...  
   2.302333e-03  -1.294356e-03   5.479548e-03;
  -1.294356e-03   4.992266e-03   1.916188e-04;
   5.479548e-03   1.916188e-04   2.751350e-03]
E=[ ...        
   2.963852e-03  -1.220285e-03   5.761787e-03;
  -1.220285e-03   4.898059e-03   5.102477e-05;
   5.761787e-03   5.102477e-05   3.691177e-03]
e=[ ...        
   2.800676e-03  -1.246885e-03   5.671763e-03;
  -1.246885e-03   4.846203e-03   6.583637e-05;
   5.671763e-03   6.583637e-05   3.678145e-03]
intgraF=[ ...  
   1.002226e+00  -1.671887e-03  -1.173841e-03;
  -1.012364e-03   1.004942e+00  -8.222202e-03;
   1.209441e-02   8.620718e-03   1.002713e+00]
F=[ ...        
   1.002879e+00  -1.415263e-03  -1.154758e-03;
  -1.114758e-03   1.004855e+00  -7.726140e-03;
   1.262690e-02   7.835432e-03   1.003654e+00]
R=[ ...        
   9.999764e-01  -1.982670e-04  -6.872243e-03;
   1.449853e-04   9.999699e-01  -7.752818e-03;
   6.873574e-03   7.751638e-03   9.999463e-01]
U=[ ...        
   1.002942e+00  -1.215683e-03   5.742839e-03;
  -1.215683e-03   1.004885e+00   5.428336e-05;
   5.742839e-03   5.428336e-05   1.003668e+00]
l=[ ...        
   9.793840e-03  -4.122744e-03  -5.927388e-03;
  -6.444686e-03   2.162240e-02  -4.653025e-02;
   5.088827e-02   4.304803e-02   2.319229e-02]
d=[ ...        
   9.793840e-03  -5.283715e-03   2.248044e-02;
  -5.283715e-03   2.162240e-02  -1.741113e-03;
   2.248044e-02  -1.741113e-03   2.319229e-02]
     iteration=         450000       process=              2       (i,j,k)=              0              1              0       (x,y,z)=   5.000000e-03   1.500000e-02   5.021374e-03     particles=             80
fabric=[ ...   
   1.898617e-01   3.330556e-02   3.614751e-02;
   3.330556e-02   1.135726e-01   4.312977e-02;
   3.614751e-02   4.312977e-02   1.965657e-01]
sigma=[ ...    
   3.062494e-05   2.988846e-05  -4.656461e-06;
  -9.247794e-07   2.622659e-05  -5.788017e-06;
  -1.627186e-05  -3.557245e-06   3.706943e-05]
sigmaDot=[ ... 
   7.279009e-04   1.099540e-02  -1.481063e-01;
   5.175918e-03   1.889648e-03  -1.790723e-03;
   9.994872e-03   4.789293e-02  -4.014561e-03]
intgraE=[ ...  
   1.079396e-03  -1.255943e-04   3.059070e-03;
  -1.255943e-04   8.202377e-04  -2.659998e-03;
   3.059070e-03  -2.659998e-03   8.892199e-03]
E=[ ...        
   1.422966e-03  -7.085129e-05   2.954776e-03;
  -7.085129e-05   1.040750e-03  -2.963371e-03;
   2.954776e-03  -2.963371e-03   9.778630e-03]
e=[ ...        
   1.393363e-03  -3.996938e-05   2.878544e-03;
  -3.996938e-05   1.003287e-03  -2.872637e-03;
   2.878544e-03  -2.872637e-03   9.584116e-03]
intgraF=[ ...  
   1.001070e+00  -3.874877e-04   1.810800e-03;
   1.634599e-04   1.000800e+00   1.033789e-03;
   4.267463e-03  -6.298166e-03   1.008851e+00]
F=[ ...        
   1.001412e+00  -3.583399e-04   1.440857e-03;
   2.438271e-04   1.001022e+00   2.212871e-04;
   4.423564e-03  -6.088497e-03   1.009730e+00]
R=[ ...        
   9.999989e-01  -2.959675e-04  -1.483896e-03;
   3.006218e-04   9.999950e-01   3.137305e-03;
   1.482960e-03  -3.137747e-03   9.999940e-01]
U=[ ...        
   1.001418e+00  -6.643957e-05   2.938311e-03;
  -6.643957e-05   1.001036e+00  -2.947419e-03;
   2.938311e-03  -2.947419e-03   1.009723e+00]
l=[ ...        
   5.562735e-03  -1.110854e-03   7.887091e-03;
   4.437936e-04   3.165950e-03   1.456404e-03;
   1.817417e-02  -2.843650e-02   3.779424e-02]
d=[ ...        
   5.562735e-03  -3.335301e-04   1.303063e-02;
  -3.335301e-04   3.165950e-03  -1.349005e-02;
   1.303063e-02  -1.349005e-02   3.779424e-02]
     iteration=         450000       process=              3       (i,j,k)=              0              1              1       (x,y,z)=   5.000000e-03   1.500000e-02   1.506412e-02     particles=             38
fabric=[ ...   
   5.051196e-01   1.096254e-01   5.956237e-03;
   1.096254e-01   2.712116e-01  -3.438656e-02;
   5.956237e-03  -3.438656e-02   8.081167e-02]
sigma=[ ...    
  -3.286784e-04  -1.410162e-04   1.753465e-04;
  -1.646965e-04   3.009690e-05  -1.917529e-04;
   1.910707e-04   9.197911e-05   1.809419e-05]
sigmaDot=[ ... 
   4.682655e+00   2.012391e+00  -2.243239e+00;
   2.371400e+00   1.048556e+00  -1.242489e+00;
  -2.688465e+00  -1.195468e+00   1.372171e+00]
intgraE=[ ...  
   1.979148e-03   1.102131e-03   4.259844e-03;
   1.102131e-03  -2.775463e-03  -6.242279e-03;
   4.259844e-03  -6.242279e-03   1.380735e-02]
E=[ ...        
   2.311310e-03  -1.223469e-03   3.445895e-03;
  -1.223469e-03  -2.764138e-03  -1.126440e-02;
   3.445895e-03  -1.126440e-02   1.129082e-02]
e=[ ...        
   2.221286e-03  -9.830558e-04   3.299341e-03;
  -9.830558e-04  -3.370143e-03  -1.086084e-02;
   3.299341e-03  -1.086084e-02   1.116573e-02]
intgraF=[ ...  
   1.001899e+00   4.051685e-04  -3.992513e-03;
   2.012099e-03   9.970783e-01   4.606572e-03;
   1.234150e-02  -1.684536e-02   1.013695e+00]
F=[ ...        
   1.002229e+00  -4.070408e-03  -5.761606e-03;
   1.967377e-03   9.968780e-01   4.011958e-03;
   1.251810e-02  -2.625750e-02   1.011203e+00]
R=[ ...        
   9.999541e-01  -2.976428e-03  -9.109319e-03;
   3.113294e-03   9.998819e-01   1.504771e-02;
   9.063455e-03  -1.507537e-02   9.998453e-01]
U=[ ...        
   1.002302e+00  -1.204631e-03   3.416146e-03;
  -1.204631e-03   9.971682e-01  -1.121564e-02;
   3.416146e-03  -1.121564e-02   1.011160e+00]
l=[ ...        
   9.884817e-03  -4.741476e-04  -1.847498e-02;
   1.220233e-02  -1.674044e-02   1.062291e-02;
   5.482495e-02  -7.618613e-02   5.711297e-02]
d=[ ...        
   9.884817e-03   5.864094e-03   1.817499e-02;
   5.864094e-03  -1.674044e-02  -3.278161e-02;
   1.817499e-02  -3.278161e-02   5.711297e-02]
     iteration=         450000       process=              4       (i,j,k)=              1              0              0       (x,y,z)=   1.500000e-02   5.000000e-03   5.021374e-03     particles=             73
fabric=[ ...   
   2.290877e-01   1.173595e-02   4.620190e-02;
   1.173595e-02   3.001751e-01  -3.507806e-02;
   4.620190e-02  -3.507806e-02   2.207373e-01]
sigma=[ ...    
  -1.012943e-04   4.337652e-05  -3.799525e-04;
  -3.406401e-04  -1.279918e-04   4.696593e-05;
   5.885709e-06  -9.175703e-04   5.823437e-05]
sigmaDot=[ ... 
   1.708255e+00  -2.263892e+00   3.752026e+01;
  -8.280747e+02   2.734208e+01  -6.570244e+01;
   6.039584e+01  -2.038278e+03   4.169617e+01]
intgraE=[ ...  
   3.468538e-04   1.305076e-04  -3.398841e-03;
   1.305076e-04  -1.768381e-03   1.639809e-03;
  -3.398841e-03   1.639809e-03   1.315963e-02]
E=[ ...        
  -1.226815e-02   4.864624e-04  -1.535132e-03;
   4.864624e-04  -1.798973e-03   1.601794e-03;
  -1.535132e-03   1.601794e-03   1.348989e-02]
e=[ ...        
  -1.258977e-02   5.051113e-04  -1.474555e-03;
   5.051113e-04  -1.819450e-03   1.519811e-03;
  -1.474555e-03   1.519811e-03   1.314218e-02]
intgraF=[ ...  
   1.000317e+00  -8.599207e-04   9.108328e-04;
   1.158937e-03   9.982187e-01  -1.471419e-03;
  -7.607645e-03   4.687915e-03   1.013073e+00]
F=[ ...        
   9.876475e-01  -2.778632e-04   7.949408e-04;
   1.267064e-03   9.981889e-01  -1.439628e-03;
  -3.802611e-03   4.579471e-03   1.013399e+00]
R=[ ...        
   9.999971e-01  -7.740796e-04   2.300070e-03;
   7.809583e-04   9.999952e-01  -2.991282e-03;
  -2.297743e-03   2.993069e-03   9.999929e-01]
U=[ ...        
   9.876543e-01   4.911591e-04  -1.534716e-03;
   4.911591e-04   9.981980e-01   1.592936e-03;
  -1.534716e-03   1.592936e-03   1.013398e+00]
l=[ ...        
   1.900557e-03  -3.372189e-03   4.843451e-03;
   4.472231e-03  -9.460916e-03  -6.589352e-03;
  -3.250989e-02   2.094585e-02   5.907249e-02]
d=[ ...        
   1.900557e-03   5.500212e-04  -1.383322e-02;
   5.500212e-04  -9.460916e-03   7.178248e-03;
  -1.383322e-02   7.178248e-03   5.907249e-02]
     iteration=         450000       process=              5       (i,j,k)=              1              0              1       (x,y,z)=   1.500000e-02   5.000000e-03   1.506412e-02     particles=             39
fabric=[ ...   
   3.844128e-01   7.195112e-02   4.065788e-02;
   7.195112e-02   1.885153e-01   1.160499e-02;
   4.065788e-02   1.160499e-02   2.707193e-02]
sigma=[ ...    
  -1.970291e-03  -7.403443e-04  -1.508319e-03;
  -1.051048e-03  -1.317105e-04   1.311870e-04;
   3.750270e-04   1.668659e-03   2.895896e-04]
sigmaDot=[ ... 
  -2.222808e+02  -7.016172e+01  -2.238118e+03;
  -1.202623e+03   6.204119e+01   1.406640e+01;
  -4.963645e+02   3.484238e+03   1.803434e+02]
intgraE=[ ...  
  -1.027138e-04  -2.047221e-03  -4.960508e-03;
  -2.047221e-03   8.985625e-04   5.505700e-03;
  -4.960508e-03   5.505700e-03   7.037418e-03]
E=[ ...        
   1.010049e-04  -2.063543e-03  -4.591120e-03;
  -2.063543e-03   1.171613e-03   5.665691e-03;
  -4.591120e-03   5.665691e-03   8.090684e-03]
e=[ ...        
  -7.487989e-05  -1.918670e-03  -4.384596e-03;
  -1.918670e-03   1.073530e-03   5.559542e-03;
  -4.384596e-03   5.559542e-03   8.010102e-03]
intgraF=[ ...  
   9.997183e-01  -5.297213e-04   8.826791e-03;
  -3.406778e-03   1.000863e+00   2.617211e-03;
  -1.860670e-02   8.338480e-03   1.006971e+00]
F=[ ...        
   9.999298e-01  -5.845504e-04   9.167365e-03;
  -3.387065e-03   1.001136e+00   2.930369e-03;
  -1.819327e-02   8.336250e-03   1.008012e+00]
R=[ ...        
   9.999063e-01   1.386332e-03   1.361656e-02;
  -1.349833e-03   9.999955e-01  -2.689300e-03;
  -1.362022e-02   2.670668e-03   9.999037e-01]
U=[ ...        
   1.000088e+00  -2.049403e-03  -4.566803e-03;
  -2.049403e-03   1.001153e+00   5.635132e-03;
  -4.566803e-03   5.635132e-03   1.008032e+00]
l=[ ...        
  -2.558031e-03  -2.746558e-03   3.210394e-02;
  -1.151771e-02   3.901640e-03   1.383990e-02;
  -7.913135e-02   3.748113e-02   3.680317e-02]
d=[ ...        
  -2.558031e-03  -7.132136e-03  -2.351370e-02;
  -7.132136e-03   3.901640e-03   2.566051e-02;
  -2.351370e-02   2.566051e-02   3.680317e-02]
     iteration=         450000       process=              6       (i,j,k)=              1              1              0       (x,y,z)=   1.500000e-02   1.500000e-02   5.021374e-03     particles=             65
fabric=[ ...   
   2.125259e-01  -1.570109e-02   1.394805e-02;
  -1.570109e-02   1.152085e-01   2.613221e-02;
   1.394805e-02   2.613221e-02   2.722656e-01]
sigma=[ ...    
   1.112685e-06  -7.414954e-05   3.723550e-07;
   3.343701e-06   2.354451e-05  -7.235537e-07;
   8.573802e-05   1.524865e-05   4.775665e-05]
sigmaDot=[ ... 
   1.696782e+02   3.456465e+01   9.933264e+01;
   2.793997e+02  -4.182075e+01  -1.923175e+01;
  -4.135049e+01  -2.007323e+02   4.389825e+00]
intgraE=[ ...  
  -6.231891e-04   1.430932e-03  -1.193626e-03;
   1.430932e-03   8.715820e-04  -3.292387e-03;
  -1.193626e-03  -3.292387e-03   1.250925e-02]
E=[ ...        
  -3.409936e-04   1.760155e-03  -8.952199e-04;
   1.760155e-03   7.593063e-04  -3.423034e-03;
  -8.952199e-04  -3.423034e-03   1.314517e-02]
e=[ ...        
  -3.514863e-04   1.746826e-03  -8.488895e-04;
   1.746826e-03   7.151207e-04  -3.303007e-03;
  -8.488895e-04  -3.303007e-03   1.280140e-02]
intgraF=[ ...  
   9.993718e-01   1.422634e-03   4.188066e-04;
   1.423746e-03   1.000855e+00  -1.043523e-03;
  -2.769876e-03  -5.472918e-03   1.012431e+00]
F=[ ...        
   9.996550e-01   1.610106e-03   3.239344e-04;
   1.897659e-03   1.000742e+00  -1.163949e-03;
  -2.084827e-03  -5.608534e-03   1.013059e+00]
R=[ ...        
   9.999993e-01  -1.440143e-04   1.194449e-03;
   1.413789e-04   9.999976e-01   2.206163e-03;
  -1.194764e-03  -2.205993e-03   9.999969e-01]
U=[ ...        
   9.996570e-01   1.758289e-03  -8.865972e-04;
   1.758289e-03   1.000752e+00  -3.398793e-03;
  -8.865972e-04  -3.398793e-03   1.013054e+00]
l=[ ...        
  -4.721713e-03   8.027669e-03   4.334042e-04;
   7.290506e-03   2.005216e-03  -3.370340e-03;
  -1.029230e-02  -2.232759e-02   5.357495e-02]
d=[ ...        
  -4.721713e-03   7.659088e-03  -4.929448e-03;
   7.659088e-03   2.005216e-03  -1.284896e-02;
  -4.929448e-03  -1.284896e-02   5.357495e-02]
     iteration=         450000       process=              7       (i,j,k)=              1              1              1       (x,y,z)=   1.500000e-02   1.500000e-02   1.506412e-02     particles=             46
fabric=[ ...   
   2.347279e-01   3.464236e-02  -4.459068e-02;
   3.464236e-02   8.244711e-02   1.185758e-02;
  -4.459068e-02   1.185758e-02   5.782498e-02]
sigma=[ ...    
  -1.983480e-04  -6.313543e-05   2.202570e-05;
  -2.288159e-04   5.137256e-05   4.222289e-05;
  -9.720021e-06  -7.197835e-05  -1.689270e-05]
sigmaDot=[ ... 
   1.729671e+02   1.217545e+02  -3.355959e+02;
   2.171503e+01   3.667635e+01  -3.538380e+01;
  -9.272744e+01   1.233190e+02   2.388635e+01]
intgraE=[ ...  
  -7.831450e-04   1.314859e-03  -3.370971e-03;
   1.314859e-03  -2.519638e-03   8.426619e-04;
  -3.370971e-03   8.426619e-04   1.173768e-02]
E=[ ...        
   5.056509e-05   1.318068e-03  -3.026444e-03;
   1.318068e-03  -1.715676e-03   7.871824e-04;
  -3.026444e-03   7.871824e-04   1.162108e-02]
e=[ ...        
  -2.516494e-06   1.316821e-03  -2.903632e-03;
   1.316821e-03  -1.718895e-03   8.376638e-04;
  -2.903632e-03   8.376638e-04   1.136265e-02]
intgraF=[ ...  
   9.991754e-01   1.548972e-03   2.368968e-03;
   1.047078e-03   9.974672e-01   5.918095e-03;
  -9.010190e-03  -4.172840e-03   1.011650e+00]
F=[ ...        
   1.000014e+00   1.518678e-03   2.549113e-03;
   1.084006e-03   9.982731e-01   5.776713e-03;
  -8.510137e-03  -4.148394e-03   1.011535e+00]
R=[ ...        
   9.999849e-01   1.943622e-04   5.494966e-03;
  -2.214740e-04   9.999878e-01   4.933765e-03;
  -5.493940e-03  -4.934907e-03   9.999727e-01]
U=[ ...        
   1.000045e+00   1.320354e-03  -3.009515e-03;
   1.320354e-03   9.982817e-01   7.853089e-04;
  -3.009515e-03   7.853089e-04   1.011550e+00]
l=[ ...        
  -4.910065e-03   2.624295e-03   6.722677e-04;
   3.075384e-03  -1.234087e-02   2.957632e-02;
  -3.855225e-02  -1.513657e-02   5.383322e-02]
d=[ ...        
  -4.910065e-03   2.849839e-03  -1.893999e-02;
   2.849839e-03  -1.234087e-02   7.219871e-03;
  -1.893999e-02   7.219871e-03   5.383322e-02]
