     iteration=        1800000       process=              0       (i,j,k)=              0              0              0       (x,y,z)=   5.000000e-03   5.000000e-03   5.253276e-03     particles=             80
fabric=[ ...   
   3.407079e-01   6.666157e-03  -4.673034e-04;
   6.666157e-03   3.072064e-01   5.701347e-04;
  -4.673034e-04   5.701347e-04   3.520856e-01]
sigma=[ ...    
  -3.171029e+02  -2.418580e+01   2.391235e+01;
  -2.418587e+01  -2.446837e+02  -2.607073e+01;
   2.391228e+01  -2.607102e+01  -3.736040e+02]
sigmaDot=[ ... 
   6.880277e+00  -1.733492e+01   1.153785e+01;
  -1.191679e+01   1.487832e+01  -1.749709e+00;
   8.293549e+00  -1.074135e+00   2.337590e+00]
intgraE=[ ...  
   4.533700e+01  -1.806206e+01  -6.086417e-02;
  -1.806206e+01   1.188862e+01   8.604187e-03;
  -6.086417e-02   8.604187e-03  -4.998743e-01]
E=[ ...        
   1.857055e+05  -5.445751e+04  -1.992073e+00;
  -5.445751e+04   8.827308e+05   1.407192e+00;
  -1.992073e+00   1.407192e+00  -4.997948e-01]
e=[ ...        
  -4.184452e+01  -3.641257e+00  -2.366714e+02;
  -3.641257e+00   1.868829e-01  -2.035167e+01;
  -2.366714e+02  -2.035167e+01  -1.322300e+03]
intgraF=[ ...  
   6.092707e+00  -3.970911e+00  -3.534616e-03;
  -5.135986e-01   2.636010e+00  -6.446093e-03;
  -7.368116e+00   1.435465e+00   1.404751e-02]
F=[ ...        
   5.030133e+02  -8.537723e+02  -2.696655e-03;
  -3.334472e+02  -1.004113e+03   2.820378e-03;
  -8.486741e+01   1.682029e+02   1.988095e-02]
R=[ ...        
   7.722872e-01  -6.103804e-01   1.760914e-01;
  -6.221223e-01  -7.827735e-01   1.514882e-02;
  -1.285931e-01   1.212496e-01   9.842573e-01]
U=[ ...        
   6.068291e+02  -5.630596e+01  -6.393765e-03;
  -5.630596e+01   1.327514e+03   1.848826e-03;
  -6.393765e-03   1.848826e-03   1.913583e-02]
l=[ ...        
   6.888606e-03   9.536542e-04  -2.956767e-04;
   6.538622e-03   9.061432e-04  -2.814726e-04;
  -9.657629e-05  -1.340161e-05   4.226251e-06]
d=[ ...        
   6.888606e-03   3.746138e-03  -1.961265e-04;
   3.746138e-03   9.061432e-04  -1.474371e-04;
  -1.961265e-04  -1.474371e-04   4.226251e-06]
     iteration=        1800000       process=              1       (i,j,k)=              0              0              1       (x,y,z)=   5.000000e-03   5.000000e-03   1.575983e-02     particles=             46
fabric=[ ...   
   3.564787e-01  -1.130126e-02   2.350286e-02;
  -1.130126e-02   3.196542e-01   3.392465e-04;
   2.350286e-02   3.392465e-04   3.238671e-01]
sigma=[ ...    
  -6.728141e+01   8.005208e+00   6.938438e-01;
   8.005087e+00  -7.686980e+01   1.505273e+00;
   6.939414e-01   1.505232e+00  -1.060304e+02]
sigmaDot=[ ... 
   3.629247e+01  -1.067285e+01  -3.292195e+01;
  -1.151950e+01   1.080693e+01   8.744133e+00;
  -3.456682e+01   5.805531e+00   1.387978e+01]
intgraE=[ ...  
   9.541111e-02  -6.456878e-02  -6.784940e-01;
  -6.456878e-02   1.150404e-02   3.409815e-01;
  -6.784940e-01   3.409815e-01   3.604721e+00]
E=[ ...        
   6.649839e+05  -8.275409e+05   3.175634e+00;
  -8.275409e+05   1.803571e+06  -2.435672e+01;
   3.175634e+00  -2.435672e+01  -4.994458e-01]
e=[ ...        
  -1.548012e+05  -7.114522e+04   1.213273e+05;
  -7.114522e+04  -3.269709e+04   5.576072e+04;
   1.213273e+05   5.576072e+04  -9.509087e+04]
intgraF=[ ...  
   9.981293e-01   3.866698e-04  -9.610486e-02;
  -3.448876e-02   9.878713e-01   6.129179e-02;
  -4.397393e-01   2.170674e-01   2.862944e+00]
F=[ ...        
   4.045324e+02  -1.217120e+03   1.976895e-02;
  -1.073970e+03   1.174091e+03  -1.298038e-03;
  -1.136228e+02  -8.644495e+02   2.675489e-02]
R=[ ...        
   6.245659e-03  -6.724524e-01  -7.401141e-01;
  -8.660895e-01   3.663227e-01  -3.401420e-01;
  -4.998499e-01  -6.431294e-01   5.801160e-01]
U=[ ...        
   9.894754e+02  -5.923744e+02  -1.212574e-02;
  -5.923744e+02   1.804504e+03  -3.097603e-02;
  -1.212574e-02  -3.097603e-02   1.331180e-03]
l=[ ...        
   1.488128e-06  -5.023582e-07  -5.511623e-07;
  -2.840688e-07   1.251167e-07   3.357571e-07;
   3.670537e-07  -7.016865e-09   1.488584e-07]
d=[ ...        
   1.488128e-06  -3.932135e-07  -9.205428e-08;
  -3.932135e-07   1.251167e-07   1.643701e-07;
  -9.205428e-08   1.643701e-07   1.488584e-07]
     iteration=        1800000       process=              2       (i,j,k)=              0              1              0       (x,y,z)=   5.000000e-03   1.500000e-02   5.253276e-03     particles=             81
fabric=[ ...   
   3.310394e-01  -4.811751e-04   1.680433e-03;
  -4.811751e-04   3.223736e-01   1.540875e-02;
   1.680433e-03   1.540875e-02   3.465869e-01]
sigma=[ ...    
  -2.982435e+02  -7.170611e+00   2.961655e+01;
  -7.170762e+00  -2.536116e+02  -3.487024e+01;
   2.961654e+01  -3.487009e+01  -2.909937e+02]
sigmaDot=[ ... 
   2.117731e+00  -1.276009e+00   2.819399e-01;
  -1.375110e+00   1.299566e+00  -5.164250e-01;
   5.818821e-01  -3.082971e-01  -2.109839e+00]
intgraE=[ ...  
   1.494393e+01  -1.573196e+01  -2.006891e-01;
  -1.573196e+01   1.588638e+01   2.068465e-01;
  -2.006891e-01   2.068465e-01  -4.973757e-01]
E=[ ...        
   3.428238e+05   1.217575e+05   6.584766e+02;
   1.217575e+05   1.984024e+05   3.941614e+01;
   6.584766e+02   3.941614e+01   1.010425e+00]
e=[ ...        
  -6.293428e+01   6.163444e+01   1.424369e+01;
   6.163444e+01  -5.938566e+01  -1.383954e+01;
   1.424369e+01  -1.383954e+01  -2.698312e+00]
intgraF=[ ...  
   4.292909e+00  -4.910956e+00  -5.941557e-02;
   1.162402e+00  -9.053972e-01  -1.383752e-02;
   3.332809e+00  -2.799199e+00  -3.907447e-02]
F=[ ...        
  -4.847096e+02   4.784224e+01  -1.251212e+00;
  -3.692994e+02   1.877573e+02  -1.065750e+00;
  -5.606453e+02  -5.993864e+02  -5.652372e-01]
R=[ ...        
  -6.529488e-01   2.638378e-01  -7.099630e-01;
  -5.567956e-01   4.682472e-01   6.860927e-01;
  -5.134554e-01  -8.432877e-01   1.588378e-01]
U=[ ...        
   8.099812e+02   1.719772e+02   1.700607e+00;
   1.719772e+02   6.059947e+02  -3.524942e-01;
   1.700607e+00  -3.524942e-01   6.733003e-02]
l=[ ...        
  -3.828902e-03   4.991954e-04   4.832161e-03;
   1.326603e-02  -4.660867e-04   1.108984e-04;
  -5.698119e-05  -1.037910e-05  -1.659385e-04]
d=[ ...        
  -3.828902e-03   6.882612e-03   2.387590e-03;
   6.882612e-03  -4.660867e-04   5.025966e-05;
   2.387590e-03   5.025966e-05  -1.659385e-04]
     iteration=        1800000       process=              3       (i,j,k)=              0              1              1       (x,y,z)=   5.000000e-03   1.500000e-02   1.575983e-02     particles=             39
fabric=[ ...   
   3.401695e-01   1.689124e-02   1.971504e-02;
   1.689124e-02   3.265184e-01   1.261560e-03;
   1.971504e-02   1.261560e-03   3.333122e-01]
sigma=[ ...    
  -1.009375e+02  -1.025224e+01  -9.286944e+00;
  -1.025487e+01  -8.770569e+01  -1.423177e+00;
  -9.282816e+00  -1.423528e+00  -1.334310e+02]
sigmaDot=[ ... 
  -1.208814e+00   3.934135e+00   1.947549e+00;
   3.514192e+00  -3.355771e+00  -1.060909e+00;
   1.417494e+00  -1.243467e+00   3.394977e+00]
intgraE=[ ...  
  -4.111339e-02   7.395219e-02  -3.250967e-02;
   7.395219e-02   7.158015e-02  -4.380868e-02;
  -3.250967e-02  -4.380868e-02  -1.447513e-01]
E=[ ...        
   5.583546e+05  -5.813301e+05   7.708498e+00;
  -5.813301e+05   9.202359e+05  -3.667513e-01;
   7.708498e+00  -3.667513e-01  -4.995269e-01]
e=[ ...        
   4.396293e-01   4.276354e+00   8.084738e+00;
   4.276354e+00  -3.024246e+02  -5.726996e+02;
   8.084738e+00  -5.726996e+02  -1.082228e+03]
intgraF=[ ...  
   9.471465e-01  -1.347464e-04  -9.096779e-02;
   1.362075e-01   1.067701e+00  -1.257955e-01;
   4.619818e-02   5.634629e-02   8.284913e-01]
F=[ ...        
  -5.269642e+02  -1.393131e+02  -2.412838e-02;
  -8.113097e+02   1.192445e+03   6.136284e-03;
   4.252006e+02  -6.317742e+02   1.806355e-02]
R=[ ...        
  -8.715980e-01  -4.901762e-01  -6.646410e-03;
  -4.360138e-01   7.689504e-01   4.675545e-01;
   2.240733e-01  -4.104175e-01   8.839393e-01]
U=[ ...        
   9.083193e+02  -5.400614e+02   2.240230e-02;
  -5.400614e+02   1.244511e+03   9.132057e-03;
   2.240230e-02   9.132057e-03   1.899650e-02]
l=[ ...        
  -2.635309e-08   1.019532e-07  -1.150071e-09;
   6.382849e-08  -6.147533e-08  -7.220459e-08;
   4.121699e-08   1.961821e-09   4.313018e-08]
d=[ ...        
  -2.635309e-08   8.289082e-08   2.003346e-08;
   8.289082e-08  -6.147533e-08  -3.512139e-08;
   2.003346e-08  -3.512139e-08   4.313018e-08]
     iteration=        1800000       process=              4       (i,j,k)=              1              0              0       (x,y,z)=   1.500000e-02   5.000000e-03   5.253276e-03     particles=             77
fabric=[ ...   
   3.322167e-01   4.587726e-03  -1.146393e-02;
   4.587726e-03   3.198833e-01   2.024531e-02;
  -1.146393e-02   2.024531e-02   3.479000e-01]
sigma=[ ...    
  -2.891895e+02   1.824627e+01  -3.757827e+00;
   1.824875e+01  -2.588799e+02  -4.826494e+01;
  -3.748891e+00  -4.824761e+01  -3.696893e+02]
sigmaDot=[ ... 
  -4.660087e+01   6.387330e+01   6.558135e+01;
   6.458257e+01   4.929219e+00   1.313400e+02;
  -6.114345e+01  -2.131057e+02  -1.337377e+02]
intgraE=[ ...  
   1.997178e+01  -1.507005e+00   1.549153e-02;
  -1.507005e+00   2.807021e+00   2.983774e-02;
   1.549153e-02   2.983774e-02  -4.996866e-01]
E=[ ...        
   1.458506e+06  -7.914933e+05   8.648046e+00;
  -7.914933e+05   4.650835e+05  -4.766082e+00;
   8.648046e+00  -4.766082e+00  -4.996759e-01]
e=[ ...        
  -7.131429e+02   2.837087e+02   2.542073e+02;
   2.837087e+02  -1.122884e+02  -1.010601e+02;
   2.542073e+02  -1.010601e+02  -9.005136e+01]
intgraF=[ ...  
   4.235424e+00   9.829238e-01   1.482414e-02;
   8.721507e-01   1.543406e+00   1.753235e-02;
   4.716365e+00  -1.807153e+00  -9.985294e-03]
F=[ ...        
  -7.272220e+00  -1.216325e+02  -2.038515e-02;
  -1.149839e+03   4.503834e+02   1.728080e-03;
   1.262866e+03  -8.441139e+02   1.515194e-02]
R=[ ...        
  -2.039293e-01  -4.244542e-01  -8.821856e-01;
  -8.860377e-01  -3.032165e-01   3.507091e-01;
   4.163532e-01  -8.531696e-01   3.142477e-01]
U=[ ...        
   1.546082e+03  -7.257018e+02   8.934541e-03;
  -7.257018e+02   6.352361e+02  -4.798593e-03;
   8.934541e-03  -4.798593e-03   2.335100e-02]
l=[ ...        
  -1.351714e-06   1.770721e-04   1.258684e-04;
   1.987317e-06   2.712618e-05   1.814714e-05;
   8.724054e-07   3.105148e-05  -5.750247e-06]
d=[ ...        
  -1.351714e-06   8.952970e-05   6.337041e-05;
   8.952970e-05   2.712618e-05   2.459931e-05;
   6.337041e-05   2.459931e-05  -5.750247e-06]
     iteration=        1800000       process=              5       (i,j,k)=              1              0              1       (x,y,z)=   1.500000e-02   5.000000e-03   1.575983e-02     particles=             35
fabric=[ ...   
   3.330019e-01   1.096332e-02   3.956540e-03;
   1.096332e-02   3.613500e-01   2.199389e-03;
   3.956540e-03   2.199389e-03   3.056481e-01]
sigma=[ ...    
  -1.124536e+02  -1.976403e+00   1.124733e+00;
  -1.976852e+00  -1.196865e+02   1.553542e+01;
   1.124799e+00   1.553510e+01  -1.336996e+02]
sigmaDot=[ ... 
  -3.297329e+01  -1.663042e+01  -5.097041e+00;
  -2.017462e+01  -2.635188e+01   1.823436e+01;
  -2.474170e+01   1.323046e+01  -1.198033e+01]
intgraE=[ ...  
  -9.614593e-03   1.044752e-02  -6.499426e-02;
   1.044752e-02   4.347372e-02   1.493198e-01;
  -6.499426e-02   1.493198e-01  -4.027498e-01]
E=[ ...        
   1.446285e+06  -4.948988e+05  -6.632021e+03;
  -4.948988e+05   9.678349e+05   9.123865e+03;
  -6.632021e+03   9.123865e+03   1.197083e+02]
e=[ ...        
   4.994273e-01  -2.034181e-03   3.976825e-04;
  -2.034181e-03   4.927722e-01   1.413318e-03;
   3.976825e-04   1.413318e-03   4.997233e-01]
intgraF=[ ...  
   9.892159e-01   2.952762e-02  -1.144071e-01;
   2.639686e-03   1.015634e+00   2.124687e-01;
  -4.707100e-02   2.335858e-01   3.691455e-01]
F=[ ...        
  -1.124083e+03   1.271325e+03   1.067151e+01;
   5.422837e+02  -2.595663e+02  -1.056540e+01;
   1.155394e+03   5.020247e+02   3.861076e+00]
R=[ ...        
  -5.138166e-01   8.180652e-01  -2.583831e-01;
   3.000325e-01  -1.108089e-01  -9.474713e-01;
   8.037244e-01   5.643498e-01   1.885107e-01]
U=[ ...        
   1.668894e+03  -3.276168e+02  -5.549919e+00;
  -3.276168e+02   1.352107e+03   1.207973e+01;
  -5.549919e+00   1.207973e+01   7.980928e+00]
l=[ ...        
  -3.300745e-07  -2.065164e-06  -2.919308e-06;
   3.396270e-07   5.191562e-07   1.136059e-06;
   3.664590e-07   5.117043e-07   4.910291e-07]
d=[ ...        
  -3.300745e-07  -8.627687e-07  -1.276424e-06;
  -8.627687e-07   5.191562e-07   8.238816e-07;
  -1.276424e-06   8.238816e-07   4.910291e-07]
     iteration=        1800000       process=              6       (i,j,k)=              1              1              0       (x,y,z)=   1.500000e-02   1.500000e-02   5.253276e-03     particles=             70
fabric=[ ...   
   3.124460e-01  -1.563023e-03   9.855634e-03;
  -1.563023e-03   3.305170e-01   2.087566e-02;
   9.855634e-03   2.087566e-02   3.570370e-01]
sigma=[ ...    
  -3.142603e+02  -4.055345e+01   1.807415e+01;
  -4.055034e+01  -3.488692e+02   2.117105e+01;
   1.807815e+01   2.118319e+01  -3.555856e+02]
sigmaDot=[ ... 
   5.123869e+00  -2.417224e+00  -1.904147e+00;
  -4.999212e-01   1.813301e+01   7.340191e-01;
  -1.636255e+00  -1.914386e-01   1.354115e+00]
intgraE=[ ...  
   3.590464e-01  -8.525389e-01  -3.528084e-02;
  -8.525389e-01   3.558544e-01   3.695136e-02;
  -3.528084e-02   3.695136e-02  -4.981666e-01]
E=[ ...        
   1.249008e+06  -1.014017e+06   5.635280e-01;
  -1.014017e+06   8.530428e+05   4.381391e-01;
   5.635280e-01   4.381391e-01  -4.999363e-01]
e=[ ...        
  -4.662600e+02  -1.117520e+03   1.313558e+03;
  -1.117520e+03  -2.675073e+03   3.144930e+03;
   1.313558e+03   3.144930e+03  -3.696123e+03]
intgraF=[ ...  
   4.849883e-01  -6.112022e-01  -4.566847e-02;
  -1.114285e+00   1.058301e+00   3.606108e-02;
  -4.911706e-01   4.670535e-01   1.675729e-02]
F=[ ...        
   5.947690e+02  -2.658374e+02   4.556064e-03;
  -1.212862e+03   1.019108e+03  -4.860576e-03;
  -8.205066e+02   7.725514e+02   9.113831e-03]
R=[ ...        
   8.191490e-01   5.106500e-01  -2.612117e-01;
  -5.465668e-01   5.568154e-01  -6.254770e-01;
  -1.739531e-01   6.551284e-01   7.352190e-01]
U=[ ...        
   1.292844e+03  -9.091588e+02   4.803345e-03;
  -9.091588e+02   9.378256e+02   5.590841e-03;
   4.803345e-03   5.590841e-03   8.550743e-03]
l=[ ...        
  -1.631453e-02  -5.024436e-04  -9.026745e-03;
   8.029522e-02   2.240933e-02  -3.897291e-03;
   2.660694e-02  -2.739259e-03   1.227353e-03]
d=[ ...        
  -1.631453e-02   3.989639e-02   8.790098e-03;
   3.989639e-02   2.240933e-02  -3.318275e-03;
   8.790098e-03  -3.318275e-03   1.227353e-03]
     iteration=        1800000       process=              7       (i,j,k)=              1              1              1       (x,y,z)=   1.500000e-02   1.500000e-02   1.575983e-02     particles=             48
fabric=[ ...   
   3.295687e-01  -1.015338e-02  -9.363665e-03;
  -1.015338e-02   3.120910e-01  -6.333301e-03;
  -9.363665e-03  -6.333301e-03   3.583403e-01]
sigma=[ ...    
  -7.718928e+01   4.756581e-01   1.208591e+01;
   4.756750e-01  -7.532867e+01   4.114347e+00;
   1.208590e+01   4.114363e+00  -1.001832e+02]
sigmaDot=[ ... 
   3.265002e+00   1.356575e+00  -1.716878e+00;
   1.396622e+00  -3.189807e-01   2.484926e+00;
  -4.636285e-01   2.800240e+00   5.009669e+00]
intgraE=[ ...  
   1.740593e-02   7.398290e-02  -9.779643e-02;
   7.398290e-02   1.064828e-02  -3.851894e-02;
  -9.779643e-02  -3.851894e-02  -4.664300e-01]
E=[ ...        
   6.940563e+05  -5.277906e+05   1.521941e+01;
  -5.277906e+05   4.208986e+05  -1.237949e+01;
   1.521941e+01  -1.237949e+01  -4.996319e-01]
e=[ ...        
  -2.903275e+04  -1.319684e+04  -7.425969e+04;
  -1.319684e+04  -5.998017e+03  -3.375416e+04;
  -7.425969e+04  -3.375416e+04  -1.899370e+05]
intgraF=[ ...  
   1.008011e+00   2.683119e-02  -1.737981e-01;
   1.045809e-01   9.911030e-01  -3.574203e-02;
  -8.825154e-02  -1.956822e-01   1.888298e-01]
F=[ ...        
  -6.868624e+02   6.663999e+02  -2.046772e-02;
  -8.595599e+02   5.223412e+02  -1.319020e-02;
   4.212961e+02  -3.533681e+02   1.196912e-02]
R=[ ...        
  -9.087297e-02   9.288244e-01   3.592039e-01;
  -9.737723e-01  -1.584258e-01   1.633060e-01;
   2.085898e-01  -3.349427e-01   9.188600e-01]
U=[ ...        
   9.873109e+02  -6.429081e+02   1.720085e-02;
  -6.429081e+02   6.545742e+02  -2.093021e-02;
   1.720085e-02  -2.093021e-02   1.491819e-03]
l=[ ...        
  -1.268197e-08   1.454919e-07  -5.471821e-08;
  -1.406417e-07  -2.541517e-08   2.198266e-08;
   1.052724e-07  -7.123790e-08   1.780494e-07]
d=[ ...        
  -1.268197e-08   2.425110e-09   2.527707e-08;
   2.425110e-09  -2.541517e-08  -2.462762e-08;
   2.527707e-08  -2.462762e-08   1.780494e-07]
