     iteration=        3650000       process=              0       (i,j,k)=              0              0              0       (x,y,z)=   5.000000e-03   5.000000e-03   5.253276e-03     particles=             80
fabric=[ ...   
   3.406914e-01   6.661753e-03  -4.588737e-04;
   6.661753e-03   3.072381e-01   5.846838e-04;
  -4.588737e-04   5.846838e-04   3.520705e-01]
sigma=[ ...    
  -3.166893e+02  -2.427177e+01   2.414396e+01;
  -2.427184e+01  -2.445635e+02  -2.613001e+01;
   2.414387e+01  -2.613011e+01  -3.729325e+02]
sigmaDot=[ ... 
  -2.845141e+00  -1.812360e+01   2.277572e+01;
   2.331495e+00  -1.074150e+00   4.263234e+00;
   5.222668e+00  -9.381304e-01  -1.034896e+01]
intgraE=[ ...  
   4.533259e+01  -1.806020e+01  -6.085863e-02;
  -1.806020e+01   1.188795e+01   8.601532e-03;
  -6.085863e-02   8.601532e-03  -4.998743e-01]
E=[ ...        
   1.863461e+05  -5.311655e+04  -1.988880e+00;
  -5.311655e+04   8.839586e+05   1.421675e+00;
  -1.988880e+00   1.421675e+00  -4.997946e-01]
e=[ ...        
  -4.150966e+01  -3.926941e+00  -2.356252e+02;
  -3.926941e+00   1.329201e-01  -2.202556e+01;
  -2.356252e+02  -2.202556e+01  -1.321083e+03]
intgraF=[ ...  
   6.091932e+00  -3.970463e+00  -3.534000e-03;
  -5.143302e-01   2.636434e+00  -6.445513e-03;
  -7.368107e+00   1.435459e+00   1.404750e-02]
F=[ ...        
   5.031714e+02  -8.531361e+02  -2.708438e-03;
  -3.353135e+02  -1.005764e+03   2.809380e-03;
  -8.412218e+01   1.688679e+02   1.988688e-02]
R=[ ...        
   7.725020e-01  -6.102818e-01   1.754901e-01;
  -6.221112e-01  -7.827569e-01   1.641081e-02;
  -1.273508e-01   1.218517e-01   9.843444e-01]
U=[ ...        
   6.080163e+02  -5.485788e+01  -6.372632e-03;
  -5.485788e+01   1.328499e+03   1.877100e-03;
  -6.372632e-03   1.877100e-03   1.914634e-02]
l=[ ...        
  -1.977881e-02  -2.743731e-03   8.517917e-04;
  -1.835292e-02  -2.545455e-03   7.894481e-04;
   6.503942e-05   8.975447e-06  -2.645073e-06]
d=[ ...        
  -1.977881e-02  -1.054832e-02   4.584156e-04;
  -1.054832e-02  -2.545455e-03   3.992118e-04;
   4.584156e-04   3.992118e-04  -2.645073e-06]
     iteration=        3650000       process=              1       (i,j,k)=              0              0              1       (x,y,z)=   5.000000e-03   5.000000e-03   1.575983e-02     particles=             46
fabric=[ ...   
   3.546013e-01  -9.976435e-03   2.483709e-02;
  -9.976435e-03   3.200316e-01   3.457356e-03;
   2.483709e-02   3.457356e-03   3.253672e-01]
sigma=[ ...    
  -6.660325e+01   8.009621e+00   9.533374e-01;
   8.009530e+00  -7.674960e+01   1.473613e+00;
   9.533459e-01   1.473554e+00  -1.060707e+02]
sigmaDot=[ ... 
   3.720336e+01  -5.975057e+00  -2.025242e+01;
   8.485753e-01   7.722188e+00   1.220147e+01;
  -2.305361e+01   8.158771e+00   1.314367e+01]
intgraE=[ ...  
   9.541125e-02  -6.456884e-02  -6.784942e-01;
  -6.456884e-02   1.150405e-02   3.409816e-01;
  -6.784942e-01   3.409816e-01   3.604721e+00]
E=[ ...        
   6.649840e+05  -8.275410e+05   3.175635e+00;
  -8.275410e+05   1.803571e+06  -2.435672e+01;
   3.175635e+00  -2.435672e+01  -4.994458e-01]
e=[ ...        
  -1.548502e+05  -7.116773e+04   1.213656e+05;
  -7.116773e+04  -3.270743e+04   5.577837e+04;
   1.213656e+05   5.577837e+04  -9.512095e+04]
intgraF=[ ...  
   9.981294e-01   3.866209e-04  -9.610508e-02;
  -3.448881e-02   9.878713e-01   6.129193e-02;
  -4.397393e-01   2.170674e-01   2.862944e+00]
F=[ ...        
   4.045324e+02  -1.217120e+03   1.976895e-02;
  -1.073970e+03   1.174091e+03  -1.298039e-03;
  -1.136228e+02  -8.644495e+02   2.675489e-02]
R=[ ...        
   6.245659e-03  -6.724523e-01  -7.401141e-01;
  -8.660895e-01   3.663228e-01  -3.401420e-01;
  -4.998499e-01  -6.431294e-01   5.801160e-01]
U=[ ...        
   9.894754e+02  -5.923744e+02  -1.212574e-02;
  -5.923744e+02   1.804504e+03  -3.097603e-02;
  -1.212574e-02  -3.097603e-02   1.331180e-03]
l=[ ...        
   1.527927e-06  -6.946963e-07  -6.465025e-07;
  -4.870312e-07   7.109039e-08   6.252691e-07;
   2.502617e-07   9.419791e-08   1.375369e-07]
d=[ ...        
   1.527927e-06  -5.908638e-07  -1.981204e-07;
  -5.908638e-07   7.109039e-08   3.597335e-07;
  -1.981204e-07   3.597335e-07   1.375369e-07]
     iteration=        3650000       process=              2       (i,j,k)=              0              1              0       (x,y,z)=   5.000000e-03   1.500000e-02   5.253276e-03     particles=             81
fabric=[ ...   
   3.310602e-01  -4.734186e-04   1.428468e-03;
  -4.734186e-04   3.223491e-01   1.547193e-02;
   1.428468e-03   1.547193e-02   3.465907e-01]
sigma=[ ...    
  -2.983111e+02  -7.125488e+00   2.964597e+01;
  -7.125425e+00  -2.536385e+02  -3.485449e+01;
   2.964597e+01  -3.485469e+01  -2.909821e+02]
sigmaDot=[ ... 
   4.415647e+00  -2.793025e+00   3.571258e-02;
  -3.000352e+00   7.310776e-01  -8.516353e-02;
   1.430438e+00  -1.238792e-01  -1.465267e+00]
intgraE=[ ...  
   1.494171e+01  -1.573006e+01  -2.006622e-01;
  -1.573006e+01   1.588494e+01   2.068246e-01;
  -2.006622e-01   2.068246e-01  -4.973761e-01]
E=[ ...        
   3.378696e+05   1.168841e+05   6.554992e+02;
   1.168841e+05   1.935760e+05   3.660829e+01;
   6.554992e+02   3.660829e+01   1.009740e+00]
e=[ ...        
  -6.581348e+01   6.443034e+01   1.494965e+01;
   6.443034e+01  -6.210068e+01  -1.452512e+01;
   1.494965e+01  -1.452512e+01  -2.870238e+00]
intgraF=[ ...  
   4.292757e+00  -4.910950e+00  -5.941462e-02;
   1.160988e+00  -9.037723e-01  -1.381791e-02;
   3.332831e+00  -2.799220e+00  -3.907474e-02]
F=[ ...        
  -4.836398e+02   4.884716e+01  -1.250243e+00;
  -3.695833e+02   1.874705e+02  -1.066277e+00;
  -5.524862e+02  -5.912882e+02  -5.651776e-01]
R=[ ...        
  -6.535606e-01   2.624921e-01  -7.098989e-01;
  -5.572720e-01   4.677916e-01   6.860167e-01;
  -5.121587e-01  -8.439603e-01   1.594507e-01]
U=[ ...        
   8.050070e+02   1.664368e+02   1.700776e+00;
   1.664368e+02   5.995428e+02  -3.499869e-01;
   1.700776e+00  -3.499869e-01   6.594439e-02]
l=[ ...        
  -1.319331e-03   4.277542e-04   5.075938e-03;
   5.787616e-03  -2.519839e-04  -6.067653e-04;
   5.721680e-05   7.746174e-06   1.299329e-04]
d=[ ...        
  -1.319331e-03   3.107685e-03   2.566578e-03;
   3.107685e-03  -2.519839e-04  -2.995096e-04;
   2.566578e-03  -2.995096e-04   1.299329e-04]
     iteration=        3650000       process=              3       (i,j,k)=              0              1              1       (x,y,z)=   5.000000e-03   1.500000e-02   1.575983e-02     particles=             39
fabric=[ ...   
   3.400255e-01   1.748787e-02   2.042464e-02;
   1.748787e-02   3.267249e-01   1.326530e-03;
   2.042464e-02   1.326530e-03   3.332496e-01]
sigma=[ ...    
  -1.011888e+02  -1.035260e+01  -9.138907e+00;
  -1.035119e+01  -8.801236e+01  -1.376344e+00;
  -9.145378e+00  -1.375910e+00  -1.335784e+02]
sigmaDot=[ ... 
  -3.329534e+00   3.595898e+00   2.906603e+00;
   3.966875e+00  -1.721116e+00  -8.928069e-01;
   2.924807e+00  -1.483017e+00  -1.506788e-01]
intgraE=[ ...  
  -4.111339e-02   7.395220e-02  -3.250967e-02;
   7.395220e-02   7.158015e-02  -4.380867e-02;
  -3.250967e-02  -4.380867e-02  -1.447513e-01]
E=[ ...        
   5.288650e+05  -4.703073e+05   9.370458e+00;
  -4.703073e+05   6.975034e+05  -2.275535e+00;
   9.370458e+00  -2.275535e+00  -4.995806e-01]
e=[ ...        
   2.070100e-02   1.416746e+01   2.795769e+01;
   1.416746e+01  -4.182732e+02  -8.263961e+02;
   2.795769e+01  -8.263961e+02  -1.630288e+03]
intgraF=[ ...  
   9.471465e-01  -1.347485e-04  -9.096779e-02;
   1.362075e-01   1.067701e+00  -1.257955e-01;
   4.619818e-02   5.634630e-02   8.284913e-01]
F=[ ...        
  -6.096926e+02  -5.957897e+01  -2.409359e-02;
  -7.429768e+02   1.051800e+03   2.377115e-03;
   3.660484e+02  -5.340173e+02   1.589235e-02]
R=[ ...        
  -8.956981e-01  -4.443982e-01  -1.533327e-02;
  -4.026611e-01   7.959814e-01   4.519709e-01;
   1.886500e-01  -4.110036e-01   8.919009e-01]
U=[ ...        
   9.143234e+02  -4.708967e+02   2.362151e-02;
  -4.708967e+02   1.083173e+03   6.067473e-03;
   2.362151e-02   6.067473e-03   1.561822e-02]
l=[ ...        
  -1.136979e-08   1.413318e-07   3.761319e-08;
   1.329953e-08  -5.126814e-08  -6.797167e-09;
   7.078160e-08  -2.518834e-08   8.198894e-08]
d=[ ...        
  -1.136979e-08   7.731566e-08   5.419740e-08;
   7.731566e-08  -5.126814e-08  -1.599275e-08;
   5.419740e-08  -1.599275e-08   8.198894e-08]
     iteration=        3650000       process=              4       (i,j,k)=              1              0              0       (x,y,z)=   1.500000e-02   5.000000e-03   5.253276e-03     particles=             77
fabric=[ ...   
   3.322064e-01   4.589454e-03  -1.144599e-02;
   4.589454e-03   3.199008e-01   2.026738e-02;
  -1.144599e-02   2.026738e-02   3.478928e-01]
sigma=[ ...    
  -2.896129e+02   1.831747e+01  -3.942695e+00;
   1.831872e+01  -2.594750e+02  -4.827755e+01;
  -3.935265e+00  -4.826515e+01  -3.708175e+02]
sigmaDot=[ ... 
  -5.394843e+01   1.308623e+02   4.728540e+01;
   1.446239e+02  -1.088752e+00   9.354343e+01;
  -7.975985e+01  -1.799465e+02  -2.651278e+01]
intgraE=[ ...  
   1.997166e+01  -1.506903e+00   1.549239e-02;
  -1.506903e+00   2.806971e+00   2.983738e-02;
   1.549239e-02   2.983738e-02  -4.996866e-01]
E=[ ...        
   1.458665e+06  -7.916299e+05   8.648081e+00;
  -7.916299e+05   4.651940e+05  -4.766010e+00;
   8.648081e+00  -4.766010e+00  -4.996759e-01]
e=[ ...        
  -7.130136e+02   2.837022e+02   2.542364e+02;
   2.837022e+02  -1.123037e+02  -1.010877e+02;
   2.542364e+02  -1.010877e+02  -9.008856e+01]
intgraF=[ ...  
   4.235399e+00   9.829431e-01   1.482429e-02;
   8.721452e-01   1.543400e+00   1.753227e-02;
   4.716362e+00  -1.807120e+00  -9.984961e-03]
F=[ ...        
  -7.188586e+00  -1.217154e+02  -2.038587e-02;
  -1.149870e+03   4.504177e+02   1.727911e-03;
   1.262964e+03  -8.442146e+02   1.515204e-02]
R=[ ...        
  -2.039279e-01  -4.245442e-01  -8.821426e-01;
  -8.860264e-01  -3.032050e-01   3.507476e-01;
   4.163779e-01  -8.531289e-01   3.143254e-01]
U=[ ...        
   1.546152e+03  -7.257732e+02   8.935249e-03;
  -7.257732e+02   6.353286e+02  -4.795857e-03;
   8.935249e-03  -4.795857e-03   2.335198e-02]
l=[ ...        
   3.780359e-07  -4.609565e-04  -3.647136e-04;
   1.856019e-06  -6.989685e-05  -5.751712e-05;
   5.140609e-07   3.093553e-05  -6.307333e-06]
d=[ ...        
   3.780359e-07  -2.295502e-04  -1.820998e-04;
  -2.295502e-04  -6.989685e-05  -1.329079e-05;
  -1.820998e-04  -1.329079e-05  -6.307333e-06]
     iteration=        3650000       process=              5       (i,j,k)=              1              0              1       (x,y,z)=   1.500000e-02   5.000000e-03   1.575983e-02     particles=             35
fabric=[ ...   
   3.330019e-01   1.096332e-02   3.956542e-03;
   1.096332e-02   3.613500e-01   2.199406e-03;
   3.956542e-03   2.199406e-03   3.056481e-01]
sigma=[ ...    
  -1.116116e+02  -2.226197e+00   1.341420e+00;
  -2.226463e+00  -1.195136e+02   1.539956e+01;
   1.341282e+00   1.539927e+01  -1.341545e+02]
sigmaDot=[ ... 
  -1.695031e+01  -1.357899e+01   1.783999e+01;
  -1.935676e-01  -4.019572e+01  -1.297011e+01;
  -2.039675e+00   6.090369e+00   2.661141e+01]
intgraE=[ ...  
  -9.614616e-03   1.044756e-02  -6.499424e-02;
   1.044756e-02   4.347374e-02   1.493198e-01;
  -6.499424e-02   1.493198e-01  -4.027498e-01]
E=[ ...        
   1.446285e+06  -4.948990e+05  -6.632022e+03;
  -4.948990e+05   9.678354e+05   9.123866e+03;
  -6.632022e+03   9.123866e+03   1.197082e+02]
e=[ ...        
   4.994273e-01  -2.034182e-03   3.976826e-04;
  -2.034182e-03   4.927722e-01   1.413319e-03;
   3.976826e-04   1.413319e-03   4.997233e-01]
intgraF=[ ...  
   9.892159e-01   2.952773e-02  -1.144070e-01;
   2.639676e-03   1.015634e+00   2.124687e-01;
  -4.707104e-02   2.335859e-01   3.691455e-01]
F=[ ...        
  -1.124084e+03   1.271325e+03   1.067151e+01;
   5.422836e+02  -2.595662e+02  -1.056539e+01;
   1.155394e+03   5.020250e+02   3.861074e+00]
R=[ ...        
  -5.138168e-01   8.180651e-01  -2.583830e-01;
   3.000325e-01  -1.108088e-01  -9.474713e-01;
   8.037243e-01   5.643500e-01   1.885107e-01]
U=[ ...        
   1.668894e+03  -3.276169e+02  -5.549921e+00;
  -3.276169e+02   1.352107e+03   1.207972e+01;
  -5.549921e+00   1.207972e+01   7.980925e+00]
l=[ ...        
  -3.768835e-07  -4.990648e-07  -8.170323e-07;
   4.433023e-07   1.477992e-07   7.199903e-07;
   2.039836e-07   9.141121e-07   4.933474e-07]
d=[ ...        
  -3.768835e-07  -2.788122e-08  -3.065243e-07;
  -2.788122e-08   1.477992e-07   8.170512e-07;
  -3.065243e-07   8.170512e-07   4.933474e-07]
     iteration=        3650000       process=              6       (i,j,k)=              1              1              0       (x,y,z)=   1.500000e-02   1.500000e-02   5.253276e-03     particles=             70
fabric=[ ...   
   3.125317e-01  -2.507687e-03   1.025620e-02;
  -2.507687e-03   3.301881e-01   2.205507e-02;
   1.025620e-02   2.205507e-02   3.572802e-01]
sigma=[ ...    
  -3.143111e+02  -4.057509e+01   1.808373e+01;
  -4.057826e+01  -3.492674e+02   2.115633e+01;
   1.808467e+01   2.115173e+01  -3.555394e+02]
sigmaDot=[ ... 
   1.114199e+01  -1.335576e+00   5.925467e-01;
   1.692192e+00   1.348073e+01  -2.540903e+00;
  -3.547218e-01  -6.727564e-01   9.546105e+00]
intgraE=[ ...  
   3.553657e-01  -8.489570e-01  -3.514203e-02;
  -8.489570e-01   3.523621e-01   3.681504e-02;
  -3.514203e-02   3.681504e-02  -4.981721e-01]
E=[ ...        
   1.112428e+06  -8.849892e+05  -8.606395e-02;
  -8.849892e+05   7.315486e+05   1.012511e+00;
  -8.606395e-02   1.012511e+00  -4.999359e-01]
e=[ ...        
  -6.095724e+02  -1.420706e+03   1.555796e+03;
  -1.420706e+03  -3.307969e+03   3.623060e+03;
   1.555796e+03   3.623060e+03  -3.967064e+03]
intgraF=[ ...  
   4.848457e-01  -6.110107e-01  -4.565291e-02;
  -1.111039e+00   1.055134e+00   3.593451e-02;
  -4.911703e-01   4.669924e-01   1.674530e-02]
F=[ ...        
   6.126188e+02  -2.837384e+02   4.728747e-03;
  -1.115304e+03   9.215634e+02  -3.894023e-03;
  -7.782363e+02   7.302818e+02   9.524184e-03]
R=[ ...        
   8.303606e-01   4.828693e-01  -2.780982e-01;
  -5.333256e-01   5.440935e-01  -6.477083e-01;
  -1.614470e-01   6.861483e-01   7.093204e-01]
U=[ ...        
   1.229158e+03  -8.450003e+02   4.465697e-03;
  -8.450003e+02   8.654898e+02   6.699657e-03;
   4.465697e-03   6.699657e-03   7.962833e-03]
l=[ ...        
   3.611598e-02   1.102075e-03  -8.274700e-03;
   2.172130e-01  -3.091205e-02  -9.704627e-02;
  -3.390813e-02   2.534076e-03   1.244383e-02]
d=[ ...        
   3.611598e-02   1.091575e-01  -2.109141e-02;
   1.091575e-01  -3.091205e-02  -4.725610e-02;
  -2.109141e-02  -4.725610e-02   1.244383e-02]
     iteration=        3650000       process=              7       (i,j,k)=              1              1              1       (x,y,z)=   1.500000e-02   1.500000e-02   1.575983e-02     particles=             48
fabric=[ ...   
   3.295687e-01  -1.015339e-02  -9.363665e-03;
  -1.015339e-02   3.120910e-01  -6.333301e-03;
  -9.363665e-03  -6.333301e-03   3.583403e-01]
sigma=[ ...    
  -7.721816e+01   5.015420e-01   1.204048e+01;
   5.015620e-01  -7.537027e+01   4.093347e+00;
   1.204050e+01   4.093359e+00  -1.002249e+02]
sigmaDot=[ ... 
   1.430405e+00   1.403593e+00   1.476815e-01;
   1.572323e+00   9.242090e+00   5.813834e+00;
   9.075531e-01   5.317932e+00   7.782491e+00]
intgraE=[ ...  
   1.740593e-02   7.398292e-02  -9.779643e-02;
   7.398292e-02   1.064830e-02  -3.851894e-02;
  -9.779643e-02  -3.851894e-02  -4.664300e-01]
E=[ ...        
   6.940563e+05  -5.277906e+05   1.521941e+01;
  -5.277906e+05   4.208986e+05  -1.237949e+01;
   1.521941e+01  -1.237949e+01  -4.996319e-01]
e=[ ...        
  -2.901833e+04  -1.319028e+04  -7.422279e+04;
  -1.319028e+04  -5.995035e+03  -3.373738e+04;
  -7.422279e+04  -3.373738e+04  -1.898425e+05]
intgraF=[ ...  
   1.008011e+00   2.683121e-02  -1.737981e-01;
   1.045809e-01   9.911030e-01  -3.574202e-02;
  -8.825153e-02  -1.956822e-01   1.888298e-01]
F=[ ...        
  -6.868624e+02   6.663999e+02  -2.046772e-02;
  -8.595599e+02   5.223412e+02  -1.319020e-02;
   4.212961e+02  -3.533681e+02   1.196912e-02]
R=[ ...        
  -9.087298e-02   9.288243e-01   3.592039e-01;
  -9.737723e-01  -1.584258e-01   1.633060e-01;
   2.085898e-01  -3.349427e-01   9.188600e-01]
U=[ ...        
   9.873109e+02  -6.429081e+02   1.720085e-02;
  -6.429081e+02   6.545742e+02  -2.093021e-02;
   1.720085e-02  -2.093021e-02   1.491818e-03]
l=[ ...        
   3.793263e-08   9.037899e-08   1.560993e-08;
  -1.085848e-08   2.850840e-07   3.077059e-07;
   1.035680e-07  -1.334604e-08   1.875105e-07]
d=[ ...        
   3.793263e-08   3.976026e-08   5.958898e-08;
   3.976026e-08   2.850840e-07   1.471799e-07;
   5.958898e-08   1.471799e-07   1.875105e-07]
