     iteration=        2950000       process=              0       (i,j,k)=              0              0              0       (x,y,z)=   5.000000e-03   5.000000e-03   5.253276e-03     particles=             80
fabric=[ ...   
   3.407018e-01   6.664472e-03  -4.641995e-04;
   6.664472e-03   3.072183e-01   5.754142e-04;
  -4.641995e-04   5.754142e-04   3.520799e-01]
sigma=[ ...    
  -3.169191e+02  -2.423273e+01   2.403524e+01;
  -2.423286e+01  -2.446228e+02  -2.610398e+01;
   2.403525e+01  -2.610421e+01  -3.732511e+02]
sigmaDot=[ ... 
  -1.314957e+01  -1.418865e+01   1.271031e+01;
  -1.124983e+01   5.238744e+00  -2.403396e+00;
   8.901986e+00  -1.096682e+00   5.331277e+00]
intgraE=[ ...  
   4.532986e+01  -1.805906e+01  -6.085517e-02;
  -1.805906e+01   1.188754e+01   8.599882e-03;
  -6.085517e-02   8.599882e-03  -4.998743e-01]
E=[ ...        
   1.859417e+05  -5.396288e+04  -1.990891e+00;
  -5.396288e+04   8.831836e+05   1.412541e+00;
  -1.990891e+00   1.412541e+00  -4.997947e-01]
e=[ ...        
  -4.172026e+01  -3.747371e+00  -2.362834e+02;
  -3.747371e+00   1.673912e-01  -2.097197e+01;
  -2.362834e+02  -2.097197e+01  -1.321848e+03]
intgraF=[ ...  
   6.091456e+00  -3.970187e+00  -3.533622e-03;
  -5.147868e-01   2.636698e+00  -6.445150e-03;
  -7.368098e+00   1.435454e+00   1.404749e-02]
F=[ ...        
   5.030720e+02  -8.535372e+02  -2.700995e-03;
  -3.341363e+02  -1.004723e+03   2.816307e-03;
  -8.459203e+01   1.684487e+02   1.988315e-02]
R=[ ...        
   7.723670e-01  -6.103437e-01   1.758687e-01;
  -6.221183e-01  -7.827675e-01   1.561620e-02;
  -1.281331e-01   1.214726e-01   9.842898e-01]
U=[ ...        
   6.072676e+02  -5.577142e+01  -6.385924e-03;
  -5.577142e+01   1.327877e+03   1.859279e-03;
  -6.385924e-03   1.859279e-03   1.913974e-02]
l=[ ...        
  -1.507416e-02  -2.090667e-03   6.487888e-04;
  -1.418904e-02  -1.967771e-03   6.106001e-04;
   1.518967e-04   2.061478e-05  -6.108614e-06]
d=[ ...        
  -1.507416e-02  -8.139855e-03   4.003428e-04;
  -8.139855e-03  -1.967771e-03   3.156075e-04;
   4.003428e-04   3.156075e-04  -6.108614e-06]
     iteration=        2950000       process=              1       (i,j,k)=              0              0              1       (x,y,z)=   5.000000e-03   5.000000e-03   1.575983e-02     particles=             46
fabric=[ ...   
   3.564787e-01  -1.130125e-02   2.350287e-02;
  -1.130125e-02   3.196542e-01   3.392484e-04;
   2.350287e-02   3.392484e-04   3.238671e-01]
sigma=[ ...    
  -6.731104e+01   8.026228e+00   7.491420e-01;
   8.026077e+00  -7.668930e+01   1.505915e+00;
   7.492044e-01   1.505932e+00  -1.060264e+02]
sigmaDot=[ ... 
   3.443673e+01  -1.266679e+01  -3.201273e+01;
  -1.171012e+01   1.054924e+01   5.648430e+00;
  -3.372115e+01   1.971091e-01   3.453163e+00]
intgraE=[ ...  
   9.541107e-02  -6.456878e-02  -6.784939e-01;
  -6.456878e-02   1.150404e-02   3.409815e-01;
  -6.784939e-01   3.409815e-01   3.604720e+00]
E=[ ...        
   6.649840e+05  -8.275411e+05   3.175638e+00;
  -8.275411e+05   1.803571e+06  -2.435673e+01;
   3.175638e+00  -2.435673e+01  -4.994458e-01]
e=[ ...        
  -1.548175e+05  -7.115272e+04   1.213401e+05;
  -7.115272e+04  -3.270053e+04   5.576660e+04;
   1.213401e+05   5.576660e+04  -9.510089e+04]
intgraF=[ ...  
   9.981293e-01   3.866691e-04  -9.610483e-02;
  -3.448875e-02   9.878713e-01   6.129175e-02;
  -4.397393e-01   2.170674e-01   2.862944e+00]
F=[ ...        
   4.045325e+02  -1.217120e+03   1.976895e-02;
  -1.073970e+03   1.174091e+03  -1.298042e-03;
  -1.136228e+02  -8.644495e+02   2.675489e-02]
R=[ ...        
   6.245680e-03  -6.724523e-01  -7.401141e-01;
  -8.660895e-01   3.663227e-01  -3.401420e-01;
  -4.998499e-01  -6.431295e-01   5.801160e-01]
U=[ ...        
   9.894754e+02  -5.923744e+02  -1.212574e-02;
  -5.923744e+02   1.804504e+03  -3.097603e-02;
  -1.212574e-02  -3.097603e-02   1.331181e-03]
l=[ ...        
   1.340723e-06  -4.482158e-07  -6.032775e-07;
  -2.050185e-07   6.110748e-08   3.010532e-07;
   6.055264e-07  -1.653383e-08   2.336204e-07]
d=[ ...        
   1.340723e-06  -3.266171e-07   1.124424e-09;
  -3.266171e-07   6.110748e-08   1.422597e-07;
   1.124424e-09   1.422597e-07   2.336204e-07]
     iteration=        2950000       process=              2       (i,j,k)=              0              1              0       (x,y,z)=   5.000000e-03   1.500000e-02   5.253276e-03     particles=             81
fabric=[ ...   
   3.310512e-01  -4.619373e-04   1.490849e-03;
  -4.619373e-04   3.223614e-01   1.546824e-02;
   1.490849e-03   1.546824e-02   3.465874e-01]
sigma=[ ...    
  -2.983175e+02  -7.133861e+00   2.963470e+01;
  -7.133825e+00  -2.536574e+02  -3.484398e+01;
   2.963472e+01  -3.484404e+01  -2.910435e+02]
sigmaDot=[ ... 
   5.661338e-01   3.173218e+00   1.327942e-01;
   2.942165e+00  -1.118076e+00  -5.053679e-01;
   2.892746e-01  -2.751688e-01  -1.360000e-01]
intgraE=[ ...  
   1.493978e+01  -1.572817e+01  -2.006377e-01;
  -1.572817e+01   1.588317e+01   2.068011e-01;
  -2.006377e-01   2.068011e-01  -4.973764e-01]
E=[ ...        
   3.428010e+05   1.217362e+05   6.582374e+02;
   1.217362e+05   1.983761e+05   3.938607e+01;
   6.582374e+02   3.938607e+01   1.009406e+00]
e=[ ...        
  -6.310185e+01   6.179723e+01   1.428058e+01;
   6.179723e+01  -5.954381e+01  -1.387539e+01;
   1.428058e+01  -1.387539e+01  -2.706432e+00]
intgraF=[ ...  
   4.292383e+00  -4.910654e+00  -5.941035e-02;
   1.160746e+00  -9.034684e-01  -1.381437e-02;
   3.332817e+00  -2.799207e+00  -3.907457e-02]
F=[ ...        
  -4.847013e+02   4.784501e+01  -1.250749e+00;
  -3.693065e+02   1.877439e+02  -1.065450e+00;
  -5.606071e+02  -5.993466e+02  -5.650254e-01]
R=[ ...        
  -6.529498e-01   2.638343e-01  -7.099634e-01;
  -5.568042e-01   4.682350e-01   6.860940e-01;
  -5.134449e-01  -8.432956e-01   1.588299e-01]
U=[ ...        
   8.099579e+02   1.719544e+02   1.700033e+00;
   1.719544e+02   6.059578e+02  -3.523882e-01;
   1.700033e+00  -3.523882e-01   6.724433e-02]
l=[ ...        
   3.836813e-03  -6.511003e-04  -6.858415e-03;
  -1.404810e-02   5.126826e-04   1.494627e-04;
  -9.476308e-06  -7.460253e-06  -1.043661e-04]
d=[ ...        
   3.836813e-03  -7.349599e-03  -3.433946e-03;
  -7.349599e-03   5.126826e-04   7.100124e-05;
  -3.433946e-03   7.100124e-05  -1.043661e-04]
     iteration=        2950000       process=              3       (i,j,k)=              0              1              1       (x,y,z)=   5.000000e-03   1.500000e-02   1.575983e-02     particles=             39
fabric=[ ...   
   3.400571e-01   1.724919e-02   2.008994e-02;
   1.724919e-02   3.266733e-01   1.382899e-03;
   2.008994e-02   1.382899e-03   3.332696e-01]
sigma=[ ...    
  -1.011688e+02  -1.033169e+01  -9.162301e+00;
  -1.032980e+01  -8.798250e+01  -1.339167e+00;
  -9.163163e+00  -1.339573e+00  -1.335962e+02]
sigmaDot=[ ... 
  -1.694027e+01   6.504643e+01   1.513123e+01;
  -7.342452e-01   1.270437e+00  -2.161381e+00;
   1.037337e+00   9.998977e+00   9.061122e+00]
intgraE=[ ...  
  -4.111339e-02   7.395220e-02  -3.250967e-02;
   7.395220e-02   7.158015e-02  -4.380868e-02;
  -3.250967e-02  -4.380868e-02  -1.447513e-01]
E=[ ...        
   5.472750e+05  -5.379731e+05   9.156657e+00;
  -5.379731e+05   9.161081e+05  -1.787410e+00;
   9.156657e+00  -1.787410e+00  -4.995784e-01]
e=[ ...        
  -3.152879e+00   4.064293e+01   7.175224e+01;
   4.064293e+01  -4.517045e+02  -7.983353e+02;
   7.175224e+01  -7.983353e+02  -1.408905e+03]
intgraF=[ ...  
   9.471465e-01  -1.347437e-04  -9.096779e-02;
   1.362075e-01   1.067701e+00  -1.257955e-01;
   4.619819e-02   5.634628e-02   8.284913e-01]
F=[ ...        
  -5.672751e+02  -1.808251e+02  -2.397058e-02;
  -7.769519e+02   1.163249e+03   2.503275e-03;
   4.112124e+02  -6.681100e+02   1.619679e-02]
R=[ ...        
  -8.734935e-01  -4.848167e-01  -4.429314e-02;
  -4.413452e-01   7.501873e-01   4.923752e-01;
   2.054836e-01  -4.496351e-01   8.692553e-01]
U=[ ...        
   9.229125e+02  -4.927305e+02   2.316152e-02;
  -4.927305e+02   1.260727e+03   6.216620e-03;
   2.316152e-02   6.216620e-03   1.637343e-02]
l=[ ...        
   1.887952e-09   1.576563e-07   2.008045e-08;
   9.053626e-10   2.923037e-09  -3.037681e-09;
   1.288024e-07  -6.682564e-08   1.222235e-07]
d=[ ...        
   1.887952e-09   7.928081e-08   7.444141e-08;
   7.928081e-08   2.923037e-09  -3.493166e-08;
   7.444141e-08  -3.493166e-08   1.222235e-07]
     iteration=        2950000       process=              4       (i,j,k)=              1              0              0       (x,y,z)=   1.500000e-02   5.000000e-03   5.253276e-03     particles=             77
fabric=[ ...   
   3.322139e-01   4.588334e-03  -1.145744e-02;
   4.588334e-03   3.198893e-01   2.025564e-02;
  -1.145744e-02   2.025564e-02   3.478968e-01]
sigma=[ ...    
  -2.894093e+02   1.830651e+01  -3.975144e+00;
   1.830782e+01  -2.592382e+02  -4.834039e+01;
  -3.965748e+00  -4.832310e+01  -3.701333e+02]
sigmaDot=[ ... 
   2.556367e+01   9.402333e+01   1.624573e+01;
   9.529998e+01   2.251784e+01   1.425055e+02;
  -1.185659e+02  -2.117620e+02  -4.842087e+01]
intgraE=[ ...  
   1.997172e+01  -1.506941e+00   1.549209e-02;
  -1.506941e+00   2.806990e+00   2.983751e-02;
   1.549209e-02   2.983751e-02  -4.996866e-01]
E=[ ...        
   1.458605e+06  -7.915787e+05   8.648050e+00;
  -7.915787e+05   4.651529e+05  -4.766013e+00;
   8.648050e+00  -4.766013e+00  -4.996759e-01]
e=[ ...        
  -7.130580e+02   2.837049e+02   2.542272e+02;
   2.837049e+02  -1.122988e+02  -1.010787e+02;
   2.542272e+02  -1.010787e+02  -9.007633e+01]
intgraF=[ ...  
   4.235412e+00   9.829356e-01   1.482424e-02;
   8.721478e-01   1.543402e+00   1.753229e-02;
   4.716364e+00  -1.807133e+00  -9.985092e-03]
F=[ ...        
  -7.217069e+00  -1.216873e+02  -2.038561e-02;
  -1.149858e+03   4.504041e+02   1.727965e-03;
   1.262928e+03  -8.441772e+02   1.515201e-02]
R=[ ...        
  -2.039283e-01  -4.245143e-01  -8.821570e-01;
  -8.860301e-01  -3.032090e-01   3.507348e-01;
   4.163699e-01  -8.531424e-01   3.142995e-01]
U=[ ...        
   1.546126e+03  -7.257461e+02   8.935012e-03;
  -7.257461e+02   6.352947e+02  -4.796773e-03;
   8.935012e-03  -4.796773e-03   2.335163e-02]
l=[ ...        
   7.538119e-09  -3.395422e-05  -3.429615e-05;
   1.390881e-06  -4.010636e-06  -6.394990e-06;
   4.079577e-07   2.975202e-05  -5.119106e-06]
d=[ ...        
   7.538119e-09  -1.628167e-05  -1.694410e-05;
  -1.628167e-05  -4.010636e-06   1.167852e-05;
  -1.694410e-05   1.167852e-05  -5.119106e-06]
     iteration=        2950000       process=              5       (i,j,k)=              1              0              1       (x,y,z)=   1.500000e-02   5.000000e-03   1.575983e-02     particles=             35
fabric=[ ...   
   3.330019e-01   1.096332e-02   3.956545e-03;
   1.096332e-02   3.613500e-01   2.199395e-03;
   3.956545e-03   2.199395e-03   3.056481e-01]
sigma=[ ...    
  -1.120157e+02  -1.533638e+00   9.414399e-01;
  -1.534082e+00  -1.197780e+02   1.521889e+01;
   9.417080e-01   1.521843e+01  -1.337030e+02]
sigmaDot=[ ... 
  -3.264865e+01  -2.486832e+01  -8.018313e+00;
  -2.574933e+01  -1.185359e+01   6.315624e+00;
  -3.566791e+01   5.821143e+00  -2.126982e-01]
intgraE=[ ...  
  -9.614584e-03   1.044753e-02  -6.499425e-02;
   1.044753e-02   4.347372e-02   1.493198e-01;
  -6.499425e-02   1.493198e-01  -4.027498e-01]
E=[ ...        
   1.446285e+06  -4.948989e+05  -6.632022e+03;
  -4.948989e+05   9.678349e+05   9.123867e+03;
  -6.632022e+03   9.123867e+03   1.197083e+02]
e=[ ...        
   4.994273e-01  -2.034181e-03   3.976824e-04;
  -2.034181e-03   4.927722e-01   1.413318e-03;
   3.976824e-04   1.413318e-03   4.997233e-01]
intgraF=[ ...  
   9.892159e-01   2.952768e-02  -1.144071e-01;
   2.639671e-03   1.015634e+00   2.124687e-01;
  -4.707104e-02   2.335857e-01   3.691455e-01]
F=[ ...        
  -1.124083e+03   1.271325e+03   1.067151e+01;
   5.422837e+02  -2.595664e+02  -1.056540e+01;
   1.155394e+03   5.020246e+02   3.861076e+00]
R=[ ...        
  -5.138166e-01   8.180652e-01  -2.583831e-01;
   3.000325e-01  -1.108089e-01  -9.474713e-01;
   8.037244e-01   5.643498e-01   1.885107e-01]
U=[ ...        
   1.668894e+03  -3.276168e+02  -5.549920e+00;
  -3.276168e+02   1.352107e+03   1.207973e+01;
  -5.549920e+00   1.207973e+01   7.980928e+00]
l=[ ...        
  -2.132804e-07  -2.343792e-06  -3.729778e-06;
   5.050747e-07   3.118430e-07   6.731356e-07;
   8.817503e-07   1.285926e-06   8.902102e-07]
d=[ ...        
  -2.132804e-07  -9.193584e-07  -1.424014e-06;
  -9.193584e-07   3.118430e-07   9.795307e-07;
  -1.424014e-06   9.795307e-07   8.902102e-07]
     iteration=        2950000       process=              6       (i,j,k)=              1              1              0       (x,y,z)=   1.500000e-02   1.500000e-02   5.253276e-03     particles=             70
fabric=[ ...   
   3.125532e-01  -1.617369e-03   1.041719e-02;
  -1.617369e-03   3.303217e-01   2.069613e-02;
   1.041719e-02   2.069613e-02   3.571251e-01]
sigma=[ ...    
  -3.140740e+02  -4.053755e+01   1.807538e+01;
  -4.053414e+01  -3.488720e+02   2.116176e+01;
   1.807775e+01   2.117255e+01  -3.552882e+02]
sigmaDot=[ ... 
   3.105827e+01   4.610503e-01   6.751677e-01;
   2.670193e+00   3.466024e+01  -1.737394e+00;
   1.159885e+00  -1.992444e+00   3.586735e+01]
intgraE=[ ...  
   3.544525e-01  -8.483669e-01  -3.516637e-02;
  -8.483669e-01   3.520855e-01   3.685133e-02;
  -3.516637e-02   3.685133e-02  -4.981687e-01]
E=[ ...        
   1.251088e+06  -1.016487e+06   5.390204e-01;
  -1.016487e+06   8.557762e+05   4.547968e-01;
   5.390204e-01   4.547968e-01  -4.999365e-01]
e=[ ...        
  -4.567646e+02  -1.099178e+03   1.304599e+03;
  -1.099178e+03  -2.641715e+03   3.136009e+03;
   1.304599e+03   3.136009e+03  -3.721585e+03]
intgraF=[ ...  
   4.852533e-01  -6.115344e-01  -4.569363e-02;
  -1.109877e+00   1.054340e+00   3.595574e-02;
  -4.915361e-01   4.675079e-01   1.679084e-02]
F=[ ...        
   5.910967e+02  -2.624442e+02   4.541333e-03;
  -1.217592e+03   1.024002e+03  -4.815847e-03;
  -8.186899e+02   7.707763e+02   9.124408e-03]
R=[ ...        
   8.181879e-01   5.133759e-01  -2.588703e-01;
  -5.477485e-01   5.591447e-01  -6.223574e-01;
  -1.747573e-01   6.510011e-01   7.386863e-01]
U=[ ...        
   1.293634e+03  -9.103231e+02   4.758979e-03;
  -9.103231e+02   9.396090e+02   5.578655e-03;
   4.758979e-03   5.578655e-03   8.561637e-03]
l=[ ...        
   3.805309e-02   1.156327e-02  -2.304288e-02;
  -7.366831e-02   2.275954e-02  -1.706268e-01;
  -4.884886e-02  -2.975048e-03   1.949161e-02]
d=[ ...        
   3.805309e-02  -3.105252e-02  -3.594587e-02;
  -3.105252e-02   2.275954e-02  -8.680094e-02;
  -3.594587e-02  -8.680094e-02   1.949161e-02]
     iteration=        2950000       process=              7       (i,j,k)=              1              1              1       (x,y,z)=   1.500000e-02   1.500000e-02   1.575983e-02     particles=             48
fabric=[ ...   
   3.295687e-01  -1.015338e-02  -9.363665e-03;
  -1.015338e-02   3.120910e-01  -6.333302e-03;
  -9.363665e-03  -6.333302e-03   3.583403e-01]
sigma=[ ...    
  -7.722276e+01   4.722421e-01   1.205848e+01;
   4.722497e-01  -7.539776e+01   4.089082e+00;
   1.205848e+01   4.089090e+00  -1.001986e+02]
sigmaDot=[ ... 
   2.031285e+00   6.940799e-02   1.896798e-02;
   1.067019e+00   3.252751e+00   1.644687e+00;
   1.908650e+00   1.646886e+00   7.559121e+00]
intgraE=[ ...  
   1.740594e-02   7.398291e-02  -9.779643e-02;
   7.398291e-02   1.064827e-02  -3.851895e-02;
  -9.779643e-02  -3.851895e-02  -4.664300e-01]
E=[ ...        
   6.940563e+05  -5.277906e+05   1.521941e+01;
  -5.277906e+05   4.208986e+05  -1.237949e+01;
   1.521941e+01  -1.237949e+01  -4.996319e-01]
e=[ ...        
  -2.902746e+04  -1.319443e+04  -7.424616e+04;
  -1.319443e+04  -5.996924e+03  -3.374801e+04;
  -7.424616e+04  -3.374801e+04  -1.899023e+05]
intgraF=[ ...  
   1.008011e+00   2.683121e-02  -1.737981e-01;
   1.045809e-01   9.911030e-01  -3.574203e-02;
  -8.825155e-02  -1.956823e-01   1.888298e-01]
F=[ ...        
  -6.868624e+02   6.663999e+02  -2.046772e-02;
  -8.595599e+02   5.223412e+02  -1.319020e-02;
   4.212961e+02  -3.533681e+02   1.196912e-02]
R=[ ...        
  -9.087298e-02   9.288243e-01   3.592039e-01;
  -9.737723e-01  -1.584258e-01   1.633060e-01;
   2.085898e-01  -3.349427e-01   9.188600e-01]
U=[ ...        
   9.873109e+02  -6.429081e+02   1.720085e-02;
  -6.429081e+02   6.545742e+02  -2.093021e-02;
   1.720085e-02  -2.093021e-02   1.491818e-03]
l=[ ...        
   4.467446e-08   1.277155e-07   2.216411e-08;
   1.116722e-09   1.041967e-07  -8.294899e-08;
   7.963905e-08  -1.658074e-07   1.554461e-07]
d=[ ...        
   4.467446e-08   6.441612e-08   5.090158e-08;
   6.441612e-08   1.041967e-07  -1.243782e-07;
   5.090158e-08  -1.243782e-07   1.554461e-07]
