     iteration=        3300000       process=              0       (i,j,k)=              0              0              0       (x,y,z)=   5.000000e-03   5.000000e-03   5.253276e-03     particles=             80
fabric=[ ...   
   3.406750e-01   6.657933e-03  -4.499196e-04;
   6.657933e-03   3.072693e-01   5.997396e-04;
  -4.499196e-04   5.997396e-04   3.520557e-01]
sigma=[ ...    
  -3.167137e+02  -2.422914e+01   2.406632e+01;
  -2.422913e+01  -2.445153e+02  -2.609460e+01;
   2.406612e+01  -2.609457e+01  -3.729636e+02]
sigmaDot=[ ... 
   1.739960e+01  -9.907018e+00   1.385749e+00;
  -7.700025e+00   1.003049e+01   6.318809e+00;
  -1.207004e+00   5.485968e+00  -2.828213e+00]
intgraE=[ ...  
   4.535719e+01  -1.807071e+01  -6.088908e-02;
  -1.807071e+01   1.189188e+01   8.616195e-03;
  -6.088908e-02   8.616195e-03  -4.998743e-01]
E=[ ...        
   1.870045e+05  -5.174028e+04  -1.985638e+00;
  -5.174028e+04   8.852195e+05   1.436480e+00;
  -1.985638e+00   1.436480e+00  -4.997945e-01]
e=[ ...        
  -4.117250e+01  -4.213698e+00  -2.345694e+02;
  -4.213698e+00   7.393283e-02  -2.371839e+01;
  -2.345694e+02  -2.371839e+01  -1.319863e+03]
intgraF=[ ...  
   6.096314e+00  -3.972998e+00  -3.537480e-03;
  -5.103046e-01   2.634105e+00  -6.448709e-03;
  -7.368102e+00   1.435456e+00   1.404750e-02]
F=[ ...        
   5.033304e+02  -8.524872e+02  -2.720586e-03;
  -3.372228e+02  -1.007452e+03   2.798213e-03;
  -8.336160e+01   1.695463e+02   1.989286e-02]
R=[ ...        
   7.727180e-01  -6.101833e-01   1.748805e-01;
  -6.220995e-01  -7.827384e-01   1.768947e-02;
  -1.260918e-01   1.224620e-01   9.844308e-01]
U=[ ...        
   6.092299e+02  -5.337523e+01  -6.351340e-03;
  -5.337523e+01   1.329508e+03   1.905908e-03;
  -6.351340e-03   1.905908e-03   1.915687e-02]
l=[ ...        
   1.784992e-02   2.474129e-03  -7.673899e-04;
   1.618833e-02   2.244378e-03  -6.969153e-04;
   1.271658e-04   1.792253e-05  -5.639593e-06]
d=[ ...        
   1.784992e-02   9.331228e-03  -3.201120e-04;
   9.331228e-03   2.244378e-03  -3.394964e-04;
  -3.201120e-04  -3.394964e-04  -5.639593e-06]
     iteration=        3300000       process=              1       (i,j,k)=              0              0              1       (x,y,z)=   5.000000e-03   5.000000e-03   1.575983e-02     particles=             46
fabric=[ ...   
   3.546013e-01  -9.976432e-03   2.483709e-02;
  -9.976432e-03   3.200316e-01   3.457353e-03;
   2.483709e-02   3.457353e-03   3.253672e-01]
sigma=[ ...    
  -6.730614e+01   8.048042e+00   7.764817e-01;
   8.048113e+00  -7.667554e+01   1.509932e+00;
   7.764649e-01   1.509829e+00  -1.060306e+02]
sigmaDot=[ ... 
   6.548089e+00   4.262900e+00   6.258138e+00;
   1.019885e+01  -6.784410e-01   9.586558e+00;
   5.479692e+00   9.533675e+00   9.804825e+00]
intgraE=[ ...  
   9.541113e-02  -6.456880e-02  -6.784941e-01;
  -6.456880e-02   1.150405e-02   3.409815e-01;
  -6.784941e-01   3.409815e-01   3.604721e+00]
E=[ ...        
   6.649839e+05  -8.275409e+05   3.175636e+00;
  -8.275409e+05   1.803571e+06  -2.435672e+01;
   3.175636e+00  -2.435672e+01  -4.994458e-01]
e=[ ...        
  -1.548393e+05  -7.116272e+04   1.213571e+05;
  -7.116272e+04  -3.270513e+04   5.577444e+04;
   1.213571e+05   5.577444e+04  -9.511425e+04]
intgraF=[ ...  
   9.981293e-01   3.866538e-04  -9.610497e-02;
  -3.448877e-02   9.878713e-01   6.129182e-02;
  -4.397393e-01   2.170674e-01   2.862944e+00]
F=[ ...        
   4.045324e+02  -1.217120e+03   1.976895e-02;
  -1.073970e+03   1.174091e+03  -1.298039e-03;
  -1.136228e+02  -8.644495e+02   2.675489e-02]
R=[ ...        
   6.245666e-03  -6.724523e-01  -7.401141e-01;
  -8.660895e-01   3.663228e-01  -3.401420e-01;
  -4.998499e-01  -6.431295e-01   5.801160e-01]
U=[ ...        
   9.894753e+02  -5.923744e+02  -1.212574e-02;
  -5.923744e+02   1.804504e+03  -3.097604e-02;
  -1.212574e-02  -3.097604e-02   1.331180e-03]
l=[ ...        
   4.989718e-07  -4.359760e-07  -1.528807e-07;
  -3.114674e-07   4.730493e-08   2.760356e-07;
  -5.426002e-08   1.147826e-07  -9.499488e-08]
d=[ ...        
   4.989718e-07  -3.737217e-07  -1.035703e-07;
  -3.737217e-07   4.730493e-08   1.954091e-07;
  -1.035703e-07   1.954091e-07  -9.499488e-08]
     iteration=        3300000       process=              2       (i,j,k)=              0              1              0       (x,y,z)=   5.000000e-03   1.500000e-02   5.253276e-03     particles=             81
fabric=[ ...   
   3.310364e-01  -4.749940e-04   1.706804e-03;
  -4.749940e-04   3.223804e-01   1.541075e-02;
   1.706804e-03   1.541075e-02   3.465832e-01]
sigma=[ ...    
  -2.983500e+02  -7.116678e+00   2.962859e+01;
  -7.116841e+00  -2.536837e+02  -3.484121e+01;
   2.962861e+01  -3.484100e+01  -2.910515e+02]
sigmaDot=[ ... 
   3.184738e+00  -4.974041e+00   4.198781e-01;
  -4.833219e+00  -7.780512e-01  -1.488474e-01;
   9.722366e-01  -5.299987e-01  -1.716641e-01]
intgraE=[ ...  
   1.494334e+01  -1.573133e+01  -2.006812e-01;
  -1.573133e+01   1.588572e+01   2.068382e-01;
  -2.006812e-01   2.068382e-01  -4.973759e-01]
E=[ ...        
   3.416778e+05   1.212414e+05   6.570633e+02;
   1.212414e+05   1.985342e+05   3.804894e+01;
   6.570633e+02   3.804894e+01   1.010188e+00]
e=[ ...        
  -6.709528e+01   6.571053e+01   1.554031e+01;
   6.571053e+01  -6.337834e+01  -1.510701e+01;
   1.554031e+01  -1.510701e+01  -3.072756e+00]
intgraF=[ ...  
   4.292735e+00  -4.910797e+00  -5.941344e-02;
   1.162511e+00  -9.055137e-01  -1.383897e-02;
   3.332817e+00  -2.799205e+00  -3.907455e-02]
F=[ ...        
  -4.851168e+02   4.748319e+01  -1.251485e+00;
  -3.665865e+02   1.904554e+02  -1.065252e+00;
  -5.600292e+02  -5.987833e+02  -5.651550e-01]
R=[ ...        
  -6.540504e-01   2.627147e-01  -7.093652e-01;
  -5.545907e-01   4.712022e-01   6.858554e-01;
  -5.144387e-01  -8.419914e-01   1.624909e-01]
U=[ ...        
   8.086970e+02   1.713561e+02   1.700051e+00;
   1.713561e+02   6.063879e+02  -3.548768e-01;
   1.700051e+00  -3.548768e-01   6.531893e-02]
l=[ ...        
  -2.306946e-03   1.735985e-04   1.214829e-03;
   7.412035e-03  -2.286087e-04   4.864450e-04;
  -5.588572e-05  -2.264787e-06  -5.657485e-05]
d=[ ...        
  -2.306946e-03   3.792817e-03   5.794717e-04;
   3.792817e-03  -2.286087e-04   2.420901e-04;
   5.794717e-04   2.420901e-04  -5.657485e-05]
     iteration=        3300000       process=              3       (i,j,k)=              0              1              1       (x,y,z)=   5.000000e-03   1.500000e-02   1.575983e-02     particles=             39
fabric=[ ...   
   3.401604e-01   1.691381e-02   1.973104e-02;
   1.691381e-02   3.265309e-01   1.275417e-03;
   1.973104e-02   1.275417e-03   3.333087e-01]
sigma=[ ...    
  -1.011777e+02  -1.028725e+01  -9.149988e+00;
  -1.028972e+01  -8.802629e+01  -1.347872e+00;
  -9.146031e+00  -1.348228e+00  -1.335900e+02]
sigmaDot=[ ... 
  -1.187099e+00  -1.251333e+00   1.134760e+00;
  -4.901792e-01   1.422209e+00   6.411773e-01;
   1.412708e+00   5.494248e-01  -2.540632e+00]
intgraE=[ ...  
  -4.111339e-02   7.395219e-02  -3.250967e-02;
   7.395219e-02   7.158015e-02  -4.380867e-02;
  -3.250967e-02  -4.380867e-02  -1.447513e-01]
E=[ ...        
   5.583667e+05  -5.806064e+05   7.722648e+00;
  -5.806064e+05   9.183737e+05  -3.870830e-01;
   7.722648e+00  -3.870830e-01  -4.995270e-01]
e=[ ...        
   4.259177e-01   4.739697e+00   8.951836e+00;
   4.739697e+00  -3.027477e+02  -5.727420e+02;
   8.951836e+00  -5.727420e+02  -1.081234e+03]
intgraF=[ ...  
   9.471465e-01  -1.347530e-04  -9.096779e-02;
   1.362075e-01   1.067701e+00  -1.257955e-01;
   4.619818e-02   5.634630e-02   8.284913e-01]
F=[ ...        
  -5.269702e+02  -1.396225e+02  -2.412974e-02;
  -8.113184e+02   1.190890e+03   6.104554e-03;
   4.252049e+02  -6.316918e+02   1.806747e-02]
R=[ ...        
  -8.713736e-01  -4.905649e-01  -7.359358e-03;
  -4.365576e-01   7.684227e-01   4.679145e-01;
   2.238873e-01  -4.109411e-01   8.837431e-01]
U=[ ...        
   9.085731e+02  -5.396566e+02   2.240611e-02;
  -5.396566e+02   1.243189e+03   9.103414e-03;
   2.240611e-02   9.103414e-03   1.900099e-02]
l=[ ...        
   7.542670e-09   2.702721e-08  -2.109152e-09;
  -3.661048e-08  -2.692454e-08   9.992490e-08;
   1.046204e-08  -5.536323e-08  -2.477726e-09]
d=[ ...        
   7.542670e-09  -4.791639e-09   4.176442e-09;
  -4.791639e-09  -2.692454e-08   2.228084e-08;
   4.176442e-09   2.228084e-08  -2.477726e-09]
     iteration=        3300000       process=              4       (i,j,k)=              1              0              0       (x,y,z)=   1.500000e-02   5.000000e-03   5.253276e-03     particles=             77
fabric=[ ...   
   3.321909e-01   4.591692e-03  -1.142770e-02;
   4.591692e-03   3.199209e-01   2.027971e-02;
  -1.142770e-02   2.027971e-02   3.478881e-01]
sigma=[ ...    
  -2.894346e+02   1.833243e+01  -4.021534e+00;
   1.833412e+01  -2.593338e+02  -4.838682e+01;
  -4.016588e+00  -4.837912e+01  -3.702467e+02]
sigmaDot=[ ... 
  -1.145298e+02   1.026482e+02   7.581536e+01;
   1.349099e+02  -2.323079e+01   2.337163e+01;
  -2.664064e+01  -1.473544e+02  -5.986990e+01]
intgraE=[ ...  
   1.997193e+01  -1.506880e+00   1.549303e-02;
  -1.506880e+00   2.806982e+00   2.983753e-02;
   1.549303e-02   2.983753e-02  -4.996866e-01]
E=[ ...        
   1.458637e+06  -7.916055e+05   8.648139e+00;
  -7.916055e+05   4.651733e+05  -4.766105e+00;
   8.648139e+00  -4.766105e+00  -4.996759e-01]
e=[ ...        
  -7.130506e+02   2.837026e+02   2.542256e+02;
   2.837026e+02  -1.122981e+02  -1.010783e+02;
   2.542256e+02  -1.010783e+02  -9.007614e+01]
intgraF=[ ...  
   4.235460e+00   9.829417e-01   1.482439e-02;
   8.721550e-01   1.543402e+00   1.753231e-02;
   4.716363e+00  -1.807125e+00  -9.985013e-03]
F=[ ...        
  -7.213335e+00  -1.216907e+02  -2.038571e-02;
  -1.149866e+03   4.504141e+02   1.727974e-03;
   1.262945e+03  -8.441956e+02   1.515202e-02]
R=[ ...        
  -2.039288e-01  -4.245153e-01  -8.821564e-01;
  -8.860303e-01  -3.032078e-01   3.507353e-01;
   4.163692e-01  -8.531423e-01   3.143006e-01]
U=[ ...        
   1.546139e+03  -7.257614e+02   8.935028e-03;
  -7.257614e+02   6.353094e+02  -4.796716e-03;
   8.935028e-03  -4.796716e-03   2.335173e-02]
l=[ ...        
  -7.891938e-07   3.231104e-04   2.282163e-04;
   1.342297e-06   5.013136e-05   3.469601e-05;
  -1.056644e-07   2.897486e-05  -6.741180e-06]
d=[ ...        
  -7.891938e-07   1.622264e-04   1.140553e-04;
   1.622264e-04   5.013136e-05   3.183543e-05;
   1.140553e-04   3.183543e-05  -6.741180e-06]
     iteration=        3300000       process=              5       (i,j,k)=              1              0              1       (x,y,z)=   1.500000e-02   5.000000e-03   1.575983e-02     particles=             35
fabric=[ ...   
   3.330019e-01   1.096332e-02   3.956546e-03;
   1.096332e-02   3.613500e-01   2.199396e-03;
   3.956546e-03   2.199396e-03   3.056481e-01]
sigma=[ ...    
  -1.118559e+02  -1.397017e+00   8.940964e-01;
  -1.397047e+00  -1.198497e+02   1.512291e+01;
   8.937352e-01   1.512302e+01  -1.336900e+02]
sigmaDot=[ ... 
   1.103566e+01   1.173211e+01   2.486654e+01;
   1.968199e+01  -3.990962e+01  -2.560910e+01;
   2.195138e+01  -9.502900e+00   5.333855e+01]
intgraE=[ ...  
  -9.614600e-03   1.044758e-02  -6.499422e-02;
   1.044758e-02   4.347371e-02   1.493198e-01;
  -6.499422e-02   1.493198e-01  -4.027498e-01]
E=[ ...        
   1.446285e+06  -4.948989e+05  -6.632022e+03;
  -4.948989e+05   9.678349e+05   9.123866e+03;
  -6.632022e+03   9.123866e+03   1.197083e+02]
e=[ ...        
   4.994273e-01  -2.034182e-03   3.976825e-04;
  -2.034182e-03   4.927722e-01   1.413318e-03;
   3.976825e-04   1.413318e-03   4.997233e-01]
intgraF=[ ...  
   9.892159e-01   2.952779e-02  -1.144070e-01;
   2.639664e-03   1.015634e+00   2.124687e-01;
  -4.707105e-02   2.335858e-01   3.691455e-01]
F=[ ...        
  -1.124083e+03   1.271325e+03   1.067151e+01;
   5.422837e+02  -2.595664e+02  -1.056540e+01;
   1.155394e+03   5.020247e+02   3.861076e+00]
R=[ ...        
  -5.138166e-01   8.180652e-01  -2.583831e-01;
   3.000325e-01  -1.108089e-01  -9.474713e-01;
   8.037244e-01   5.643499e-01   1.885106e-01]
U=[ ...        
   1.668894e+03  -3.276169e+02  -5.549920e+00;
  -3.276169e+02   1.352107e+03   1.207973e+01;
  -5.549920e+00   1.207973e+01   7.980928e+00]
l=[ ...        
  -2.171156e-07   1.608270e-06   2.366843e-06;
  -3.287717e-08   1.266518e-07   4.454029e-07;
  -8.586998e-07   2.579664e-07  -7.139648e-08]
d=[ ...        
  -2.171156e-07   7.876963e-07   7.540714e-07;
   7.876963e-07   1.266518e-07   3.516847e-07;
   7.540714e-07   3.516847e-07  -7.139648e-08]
     iteration=        3300000       process=              6       (i,j,k)=              1              1              0       (x,y,z)=   1.500000e-02   1.500000e-02   5.253276e-03     particles=             70
fabric=[ ...   
   3.125173e-01  -1.799897e-03   1.005923e-02;
  -1.799897e-03   3.303263e-01   2.059146e-02;
   1.005923e-02   2.059146e-02   3.571563e-01]
sigma=[ ...    
  -3.144626e+02  -4.059004e+01   1.809867e+01;
  -4.058605e+01  -3.493660e+02   2.118608e+01;
   1.810017e+01   2.119725e+01  -3.557193e+02]
sigmaDot=[ ... 
   9.514802e+00   1.808757e+00  -1.437130e+00;
   3.285813e+00   9.129113e+00  -4.995943e+00;
  -3.141959e+00  -3.351767e+00   1.250552e+01]
intgraE=[ ...  
   3.537044e-01  -8.473163e-01  -3.507589e-02;
  -8.473163e-01   3.507436e-01   3.675006e-02;
  -3.507589e-02   3.675006e-02  -4.981746e-01]
E=[ ...        
   1.245729e+06  -1.010879e+06   5.768781e-01;
  -1.010879e+06   8.501079e+05   4.286229e-01;
   5.768781e-01   4.286229e-01  -4.999360e-01]
e=[ ...        
  -4.628426e+02  -1.109649e+03   1.305203e+03;
  -1.109649e+03  -2.656976e+03   3.125803e+03;
   1.305203e+03   3.125803e+03  -3.676164e+03]
intgraF=[ ...  
   4.846005e-01  -6.107741e-01  -4.564413e-02;
  -1.109901e+00   1.053983e+00   3.588431e-02;
  -4.906026e-01   4.664366e-01   1.672348e-02]
F=[ ...        
   5.944095e+02  -2.653427e+02   4.565393e-03;
  -1.211418e+03   1.017585e+03  -4.884032e-03;
  -8.189027e+02   7.709285e+02   9.129975e-03]
R=[ ...        
   8.191765e-01   5.106905e-01  -2.610463e-01;
  -5.465462e-01   5.570827e-01  -6.252568e-01;
  -1.738883e-01   6.548696e-01   7.354650e-01]
U=[ ...        
   1.291420e+03  -9.075753e+02   4.821615e-03;
  -9.075753e+02   9.362286e+02   5.589636e-03;
   4.821615e-03   5.589636e-03   8.576773e-03]
l=[ ...        
  -2.243092e-02   2.326443e-03  -2.063240e-02;
   1.631965e-01   4.046211e-02  -4.491684e-02;
   3.893905e-02  -3.775805e-03   1.075336e-02]
d=[ ...        
  -2.243092e-02   8.276147e-02   9.153320e-03;
   8.276147e-02   4.046211e-02  -2.434632e-02;
   9.153320e-03  -2.434632e-02   1.075336e-02]
     iteration=        3300000       process=              7       (i,j,k)=              1              1              1       (x,y,z)=   1.500000e-02   1.500000e-02   1.575983e-02     particles=             48
fabric=[ ...   
   3.295687e-01  -1.015338e-02  -9.363665e-03;
  -1.015338e-02   3.120910e-01  -6.333302e-03;
  -9.363665e-03  -6.333302e-03   3.583403e-01]
sigma=[ ...    
  -7.722901e+01   4.851821e-01   1.205839e+01;
   4.851953e-01  -7.542952e+01   4.092733e+00;
   1.205842e+01   4.092736e+00  -1.002123e+02]
sigmaDot=[ ... 
   7.988319e-01   2.059484e+00  -1.155004e+00;
   7.915998e-01   7.891196e+00   4.413950e+00;
  -1.707304e+00   4.022266e+00   2.284530e+00]
intgraE=[ ...  
   1.740593e-02   7.398292e-02  -9.779643e-02;
   7.398292e-02   1.064829e-02  -3.851894e-02;
  -9.779643e-02  -3.851894e-02  -4.664300e-01]
E=[ ...        
   6.940563e+05  -5.277906e+05   1.521941e+01;
  -5.277906e+05   4.208986e+05  -1.237949e+01;
   1.521941e+01  -1.237949e+01  -4.996319e-01]
e=[ ...        
  -2.900870e+04  -1.318591e+04  -7.419818e+04;
  -1.318591e+04  -5.993050e+03  -3.372620e+04;
  -7.419818e+04  -3.372620e+04  -1.897796e+05]
intgraF=[ ...  
   1.008011e+00   2.683121e-02  -1.737981e-01;
   1.045809e-01   9.911030e-01  -3.574203e-02;
  -8.825153e-02  -1.956822e-01   1.888298e-01]
F=[ ...        
  -6.868624e+02   6.663999e+02  -2.046772e-02;
  -8.595599e+02   5.223412e+02  -1.319020e-02;
   4.212961e+02  -3.533681e+02   1.196912e-02]
R=[ ...        
  -9.087297e-02   9.288243e-01   3.592039e-01;
  -9.737723e-01  -1.584258e-01   1.633060e-01;
   2.085898e-01  -3.349427e-01   9.188600e-01]
U=[ ...        
   9.873109e+02  -6.429081e+02   1.720085e-02;
  -6.429081e+02   6.545742e+02  -2.093021e-02;
   1.720085e-02  -2.093021e-02   1.491818e-03]
l=[ ...        
   4.450448e-09   1.370426e-07   8.497142e-09;
   2.044032e-08   1.666879e-07   4.003765e-07;
   1.880408e-08   7.255881e-09   1.361667e-07]
d=[ ...        
   4.450448e-09   7.874146e-08   1.365061e-08;
   7.874146e-08   1.666879e-07   2.038162e-07;
   1.365061e-08   2.038162e-07   1.361667e-07]
