     iteration=        1450000       process=              0       (i,j,k)=              0              0              0       (x,y,z)=   5.000000e-03   5.000000e-03   5.253276e-03     particles=             80
fabric=[ ...   
   3.406677e-01   6.656337e-03  -4.458083e-04;
   6.656337e-03   3.072831e-01   6.070030e-04;
  -4.458083e-04   6.070030e-04   3.520493e-01]
sigma=[ ...    
  -3.168692e+02  -2.423369e+01   2.399839e+01;
  -2.423338e+01  -2.443417e+02  -2.631236e+01;
   2.399860e+01  -2.631148e+01  -3.734099e+02]
sigmaDot=[ ... 
   9.529696e+01   8.365408e+01   8.625913e+01;
   1.141773e+02   7.984126e+01   7.836113e+01;
   7.824049e+01   7.978790e+01  -5.461650e+01]
intgraE=[ ...  
   4.534831e+01  -1.806687e+01  -6.087822e-02;
  -1.806687e+01   1.189041e+01   8.610941e-03;
  -6.087822e-02   8.610941e-03  -4.998743e-01]
E=[ ...        
   1.873078e+05  -5.110688e+04  -1.984157e+00;
  -5.110688e+04   8.857999e+05   1.443274e+00;
  -1.984157e+00   1.443274e+00  -4.997945e-01]
e=[ ...        
  -4.101948e+01  -4.343560e+00  -2.340894e+02;
  -4.343560e+00   4.559756e-02  -2.448927e+01;
  -2.340894e+02  -2.448927e+01  -1.319311e+03]
intgraF=[ ...  
   6.094713e+00  -3.972072e+00  -3.536209e-03;
  -5.117461e-01   2.634938e+00  -6.447562e-03;
  -7.368121e+00   1.435466e+00   1.404751e-02]
F=[ ...        
   5.034025e+02  -8.521899e+02  -2.726195e-03;
  -3.380995e+02  -1.008227e+03   2.793114e-03;
  -8.301294e+01   1.698572e+02   1.989557e-02]
R=[ ...        
   7.728159e-01  -6.101389e-01   1.746024e-01;
  -6.220939e-01  -7.827294e-01   1.827254e-02;
  -1.255177e-01   1.227404e-01   9.844695e-01]
U=[ ...        
   6.097867e+02  -5.269407e+01  -6.341673e-03;
  -5.269407e+01   1.329972e+03   1.919096e-03;
  -6.341673e-03   1.919096e-03   1.916162e-02]
l=[ ...        
  -1.066668e-02  -1.475959e-03   4.634686e-04;
  -9.581184e-03  -1.325401e-03   4.121917e-04;
  -1.271298e-04  -1.634098e-05   1.111738e-06]
d=[ ...        
  -1.066668e-02  -5.528572e-03   1.681694e-04;
  -5.528572e-03  -1.325401e-03   1.979254e-04;
   1.681694e-04   1.979254e-04   1.111738e-06]
     iteration=        1450000       process=              1       (i,j,k)=              0              0              1       (x,y,z)=   5.000000e-03   5.000000e-03   1.575983e-02     particles=             46
fabric=[ ...   
   3.547009e-01  -1.147836e-02   2.341800e-02;
  -1.147836e-02   3.172322e-01   1.948046e-03;
   2.341800e-02   1.948046e-03   3.280669e-01]
sigma=[ ...    
  -6.560270e+01   6.657898e+00   5.934404e-01;
   6.794945e+00  -7.560982e+01   2.508813e+00;
   1.029674e+00   2.693916e+00  -1.054201e+02]
sigmaDot=[ ... 
   2.349678e+03   4.235882e+03   2.243169e+04;
   9.005415e+03  -4.762846e+03   2.574402e+03;
  -7.860348e+03  -7.810195e+03   4.926153e+02]
intgraE=[ ...  
   9.538907e-02  -6.456553e-02  -6.784914e-01;
  -6.456553e-02   1.151091e-02   3.410124e-01;
  -6.784914e-01   3.410124e-01   3.604891e+00]
E=[ ...        
   6.650657e+05  -8.275230e+05   3.176431e+00;
  -8.275230e+05   1.803403e+06  -2.435615e+01;
   3.176431e+00  -2.435615e+01  -4.994459e-01]
e=[ ...        
  -1.549344e+05  -7.120838e+04   1.214443e+05;
  -7.120838e+04  -3.272702e+04   5.581604e+04;
   1.214443e+05   5.581604e+04  -9.519251e+04]
intgraF=[ ...  
   9.980978e-01   4.092686e-04  -9.601436e-02;
  -3.449453e-02   9.878754e-01   6.130548e-02;
  -4.397603e-01   2.170802e-01   2.863006e+00]
F=[ ...        
   4.045320e+02  -1.217110e+03   1.977028e-02;
  -1.074042e+03   1.174014e+03  -1.299825e-03;
  -1.136706e+02  -8.643734e+02   2.675196e-02]
R=[ ...        
   6.234957e-03  -6.724836e-01  -7.400858e-01;
  -8.661001e-01   3.663011e-01  -3.401383e-01;
  -4.998317e-01  -6.431091e-01   5.801542e-01]
U=[ ...        
   9.895659e+02  -5.923611e+02  -1.212243e-02;
  -5.923611e+02   1.804416e+03  -3.097575e-02;
  -1.212243e-02  -3.097575e-02   1.330685e-03]
l=[ ...        
   4.144826e-04  -3.870911e-04  -7.536027e-04;
   2.826603e-04  -2.534806e-04  -5.896296e-04;
   3.372185e-04  -3.212136e-04  -7.500259e-04]
d=[ ...        
   4.144826e-04  -5.221538e-05  -2.081921e-04;
  -5.221538e-05  -2.534806e-04  -4.554216e-04;
  -2.081921e-04  -4.554216e-04  -7.500259e-04]
     iteration=        1450000       process=              2       (i,j,k)=              0              1              0       (x,y,z)=   5.000000e-03   1.500000e-02   5.253276e-03     particles=             81
fabric=[ ...   
   3.331931e-01  -2.472371e-03   1.768183e-03;
  -2.472371e-03   3.173932e-01   1.613847e-02;
   1.768183e-03   1.613847e-02   3.494138e-01]
sigma=[ ...    
  -2.981631e+02  -7.312899e+00   2.958061e+01;
  -7.213106e+00  -2.534642e+02  -3.443644e+01;
   2.958250e+01  -3.448043e+01  -2.917213e+02]
sigmaDot=[ ... 
   1.325988e+02   7.467486e+01  -1.326291e+03;
  -3.852883e+03  -1.074748e+03  -8.985882e+02;
   5.668709e+02   1.698579e+03  -2.040031e+02]
intgraE=[ ...  
   1.494011e+01  -1.572834e+01  -2.006410e-01;
  -1.572834e+01   1.588311e+01   2.068020e-01;
  -2.006410e-01   2.068020e-01  -4.973763e-01]
E=[ ...        
   3.428479e+05   1.217749e+05   6.582817e+02;
   1.217749e+05   1.984176e+05   3.941575e+01;
   6.582817e+02   3.941575e+01   1.009475e+00]
e=[ ...        
  -6.207705e+01   6.080410e+01   1.405369e+01;
   6.080410e+01  -5.858139e+01  -1.365551e+01;
   1.405369e+01  -1.365551e+01  -2.656208e+00]
intgraF=[ ...  
   4.292264e+00  -4.910493e+00  -5.940854e-02;
   1.161463e+00  -9.042713e-01  -1.382418e-02;
   3.332820e+00  -2.799209e+00  -3.907460e-02]
F=[ ...        
  -4.847325e+02   4.783722e+01  -1.251153e+00;
  -3.692754e+02   1.877735e+02  -1.065049e+00;
  -5.606843e+02  -5.994071e+02  -5.650104e-01]
R=[ ...        
  -6.529649e-01   2.638462e-01  -7.099450e-01;
  -5.567631e-01   4.682669e-01   6.861056e-01;
  -5.134702e-01  -8.432741e-01   1.588620e-01]
U=[ ...        
   8.100069e+02   1.719963e+02   1.700055e+00;
   1.719963e+02   6.060143e+02  -3.523808e-01;
   1.700055e+00  -3.523808e-01   6.775465e-02]
l=[ ...        
   2.933462e-03  -9.772425e-04  -8.664726e-03;
  -1.135136e-02   4.785847e-04   1.031797e-03;
   5.884610e-05   1.066265e-05   1.310616e-05]
d=[ ...        
   2.933462e-03  -6.164300e-03  -4.302940e-03;
  -6.164300e-03   4.785847e-04   5.212297e-04;
  -4.302940e-03   5.212297e-04   1.310616e-05]
     iteration=        1450000       process=              3       (i,j,k)=              0              1              1       (x,y,z)=   5.000000e-03   1.500000e-02   1.575983e-02     particles=             39
fabric=[ ...   
   3.371417e-01   1.345041e-02   2.221924e-02;
   1.345041e-02   3.283387e-01  -3.361957e-04;
   2.221924e-02  -3.361957e-04   3.345196e-01]
sigma=[ ...    
  -1.015026e+02  -8.849369e+00  -8.995984e+00;
  -8.700808e+00  -8.597560e+01  -1.333426e+00;
  -9.025600e+00  -1.437040e+00  -1.348474e+02]
sigmaDot=[ ... 
  -5.664030e+02   3.346961e+03  -8.848396e+02;
  -4.904444e+04   8.356281e+02  -2.989894e+03;
  -1.391167e+04  -7.403757e+04  -9.011495e+03]
intgraE=[ ...  
  -4.109418e-02   7.393551e-02  -3.245865e-02;
   7.393551e-02   7.152952e-02  -4.375035e-02;
  -3.245865e-02  -4.375035e-02  -1.446836e-01]
E=[ ...        
   5.286459e+05  -4.701039e+05   9.370285e+00;
  -4.701039e+05   6.976813e+05  -2.257241e+00;
   9.370285e+00  -2.257241e+00  -4.995802e-01]
e=[ ...        
   4.665332e-02   1.379062e+01   2.722334e+01;
   1.379062e+01  -4.190065e+02  -8.281259e+02;
   2.722334e+01  -8.281259e+02  -1.634260e+03]
intgraF=[ ...  
   9.471660e-01  -1.675188e-04  -9.088037e-02;
   1.362128e-01   1.067656e+00  -1.256715e-01;
   4.619782e-02   5.630934e-02   8.286013e-01]
F=[ ...        
  -6.091858e+02  -6.064358e+01  -2.411655e-02;
  -7.430028e+02   1.051964e+03   2.378907e-03;
   3.662407e+02  -5.339070e+02   1.588202e-02]
R=[ ...        
  -8.954286e-01  -4.449558e-01  -1.489665e-02;
  -4.030034e-01   7.958762e-01   4.518510e-01;
   1.891978e-01  -4.106038e-01   8.919690e-01]
U=[ ...        
   9.142070e+02  -4.706573e+02   2.364079e-02;
  -4.706573e+02   1.083441e+03   6.102897e-03;
   2.364079e-02   6.102897e-03   1.560044e-02]
l=[ ...        
  -7.794345e-04   1.257800e-03  -3.837120e-03;
  -5.490433e-04   1.781341e-03  -5.531097e-03;
  -4.758037e-04   1.583221e-03  -5.228984e-03]
d=[ ...        
  -7.794345e-04   3.543785e-04  -2.156462e-03;
   3.543785e-04   1.781341e-03  -1.973938e-03;
  -2.156462e-03  -1.973938e-03  -5.228984e-03]
     iteration=        1450000       process=              4       (i,j,k)=              1              0              0       (x,y,z)=   1.500000e-02   5.000000e-03   5.253276e-03     particles=             77
fabric=[ ...   
   3.321798e-01   4.593361e-03  -1.142086e-02;
   4.593361e-03   3.199319e-01   2.027786e-02;
  -1.142086e-02   2.027786e-02   3.478882e-01]
sigma=[ ...    
  -2.890132e+02   1.827257e+01  -3.745099e+00;
   1.827570e+01  -2.588332e+02  -4.834297e+01;
  -3.733644e+00  -4.832004e+01  -3.697639e+02]
sigmaDot=[ ... 
  -1.525675e+02  -1.071329e+02  -1.846754e+02;
  -3.853789e+02  -7.857444e+01  -1.412854e+02;
  -5.052417e+01  -5.515783e+02  -5.007692e+02]
intgraE=[ ...  
   1.997175e+01  -1.507033e+00   1.549119e-02;
  -1.507033e+00   2.807031e+00   2.983780e-02;
   1.549119e-02   2.983780e-02  -4.996866e-01]
E=[ ...        
   1.458476e+06  -7.914667e+05   8.648120e+00;
  -7.914667e+05   4.650606e+05  -4.766200e+00;
   8.648120e+00  -4.766200e+00  -4.996759e-01]
e=[ ...        
  -7.131860e+02   2.837088e+02   2.541942e+02;
   2.837088e+02  -1.122817e+02  -1.010488e+02;
   2.541942e+02  -1.010488e+02  -9.003661e+01]
intgraF=[ ...  
   4.235414e+00   9.829197e-01   1.482408e-02;
   8.721511e-01   1.543408e+00   1.753237e-02;
   4.716367e+00  -1.807159e+00  -9.985352e-03]
F=[ ...        
  -7.301158e+00  -1.216036e+02  -2.038497e-02;
  -1.149836e+03   4.503799e+02   1.728155e-03;
   1.262845e+03  -8.440929e+02   1.515190e-02]
R=[ ...        
  -2.039303e-01  -4.244200e-01  -8.822018e-01;
  -8.860424e-01  -3.032198e-01   3.506946e-01;
   4.163428e-01  -8.531855e-01   3.142184e-01]
U=[ ...        
   1.546069e+03  -7.256890e+02   8.934280e-03;
  -7.256890e+02   6.352147e+02  -4.799604e-03;
   8.934280e-03  -4.799604e-03   2.335072e-02]
l=[ ...        
  -3.866104e-06  -3.882151e-04  -2.932458e-04;
  -1.694225e-06  -7.869272e-05  -4.214456e-05;
   4.618008e-06  -7.112511e-06  -8.898036e-06]
d=[ ...        
  -3.866104e-06  -1.949546e-04  -1.443139e-04;
  -1.949546e-04  -7.869272e-05  -2.462854e-05;
  -1.443139e-04  -2.462854e-05  -8.898036e-06]
     iteration=        1450000       process=              5       (i,j,k)=              1              0              1       (x,y,z)=   1.500000e-02   5.000000e-03   1.575983e-02     particles=             35
fabric=[ ...   
   3.330607e-01   7.185354e-03   4.723646e-03;
   7.185354e-03   3.589191e-01   3.254415e-03;
   4.723646e-03   3.254415e-03   3.080202e-01]
sigma=[ ...    
  -1.119132e+02  -1.843041e+00   1.056474e+00;
  -1.843128e+00  -1.193665e+02   1.531536e+01;
   1.051942e+00   1.531575e+01  -1.339036e+02]
sigmaDot=[ ... 
  -2.781558e+02   1.826389e+02   2.175890e+02;
   2.247069e+02   2.643965e+02   9.259873e+00;
   1.374321e+02  -4.245672e+01   4.612901e+01]
intgraE=[ ...  
  -9.614509e-03   1.044647e-02  -6.499455e-02;
   1.044647e-02   4.347276e-02   1.493199e-01;
  -6.499455e-02   1.493199e-01  -4.027497e-01]
E=[ ...        
   1.446292e+06  -4.949048e+05  -6.631981e+03;
  -4.949048e+05   9.678396e+05   9.123765e+03;
  -6.631981e+03   9.123765e+03   1.197044e+02]
e=[ ...        
   4.994273e-01  -2.034285e-03   3.977033e-04;
  -2.034285e-03   4.927719e-01   1.413385e-03;
   3.977033e-04   1.413385e-03   4.997233e-01]
intgraF=[ ...  
   9.892160e-01   2.952603e-02  -1.144074e-01;
   2.639311e-03   1.015633e+00   2.124686e-01;
  -4.707139e-02   2.335869e-01   3.691458e-01]
F=[ ...        
  -1.124087e+03   1.271329e+03   1.067138e+01;
   5.422867e+02  -2.595691e+02  -1.056520e+01;
   1.155395e+03   5.020237e+02   3.860986e+00]
R=[ ...        
  -5.138163e-01   8.180650e-01  -2.583844e-01;
   3.000333e-01  -1.108099e-01  -9.474709e-01;
   8.037243e-01   5.643500e-01   1.885108e-01]
U=[ ...        
   1.668898e+03  -3.276201e+02  -5.549870e+00;
  -3.276201e+02   1.352109e+03   1.207955e+01;
  -5.549870e+00   1.207955e+01   7.980739e+00]
l=[ ...        
  -3.012138e-06   1.987224e-05  -1.059020e-05;
   1.055063e-05   1.515645e-05  -1.414899e-05;
   6.822482e-06  -1.180215e-05   1.605497e-06]
d=[ ...        
  -3.012138e-06   1.521144e-05  -1.883858e-06;
   1.521144e-05   1.515645e-05  -1.297557e-05;
  -1.883858e-06  -1.297557e-05   1.605497e-06]
     iteration=        1450000       process=              6       (i,j,k)=              1              1              0       (x,y,z)=   1.500000e-02   1.500000e-02   5.253276e-03     particles=             70
fabric=[ ...   
   3.126065e-01  -1.992924e-03   1.040879e-02;
  -1.992924e-03   3.301310e-01   2.065926e-02;
   1.040879e-02   2.065926e-02   3.572625e-01]
sigma=[ ...    
  -3.142196e+02  -4.062557e+01   1.813100e+01;
  -4.062182e+01  -3.488536e+02   2.110820e+01;
   1.813186e+01   2.111620e+01  -3.556785e+02]
sigmaDot=[ ... 
  -8.900975e+01  -1.200280e+02   7.823189e+01;
  -1.148538e+02  -1.789310e+02   1.829270e+02;
   6.255905e+01   1.791856e+02  -4.770983e+02]
intgraE=[ ...  
   3.586021e-01  -8.523137e-01  -3.530433e-02;
  -8.523137e-01   3.558212e-01   3.697882e-02;
  -3.530433e-02   3.697882e-02  -4.981648e-01]
E=[ ...        
   1.245544e+06  -1.010889e+06   5.608054e-01;
  -1.010889e+06   8.502661e+05   4.409076e-01;
   5.608054e-01   4.409076e-01  -4.999360e-01]
e=[ ...        
  -4.587546e+02  -1.101689e+03   1.301086e+03;
  -1.101689e+03  -2.642300e+03   3.121127e+03;
   1.301086e+03   3.121127e+03  -3.685528e+03]
intgraF=[ ...  
   4.843709e-01  -6.105748e-01  -4.564039e-02;
  -1.114297e+00   1.058775e+00   3.615131e-02;
  -4.908475e-01   4.667293e-01   1.674347e-02]
F=[ ...        
   5.930446e+02  -2.640807e+02   4.561412e-03;
  -1.212808e+03   1.019036e+03  -4.858196e-03;
  -8.176082e+02   7.696495e+02   9.143217e-03]
R=[ ...        
   8.188841e-01   5.116555e-01  -2.600720e-01;
  -5.469205e-01   5.581689e-01  -6.239595e-01;
  -1.740882e-01   6.531892e-01   7.369105e-01]
U=[ ...        
   1.291280e+03  -9.075701e+02   4.800588e-03;
  -9.075701e+02   9.364026e+02   5.594429e-03;
   4.800588e-03   5.594429e-03   8.582755e-03]
l=[ ...        
   3.659779e-02   1.009224e-02  -2.453562e-02;
  -1.695570e-01   2.408461e-02  -1.259422e-01;
  -5.107466e-02  -5.520490e-03   1.950509e-02]
d=[ ...        
   3.659779e-02  -7.973236e-02  -3.780514e-02;
  -7.973236e-02   2.408461e-02  -6.573136e-02;
  -3.780514e-02  -6.573136e-02   1.950509e-02]
     iteration=        1450000       process=              7       (i,j,k)=              1              1              1       (x,y,z)=   1.500000e-02   1.500000e-02   1.575983e-02     particles=             48
fabric=[ ...   
   3.295687e-01  -1.015329e-02  -9.363612e-03;
  -1.015329e-02   3.120910e-01  -6.333277e-03;
  -9.363612e-03  -6.333277e-03   3.583403e-01]
sigma=[ ...    
  -7.676699e+01   4.854275e-01   1.186424e+01;
   4.860088e-01  -7.495674e+01   3.655893e+00;
   1.186440e+01   3.655706e+00  -9.969792e+01]
sigmaDot=[ ... 
  -3.168191e+02  -7.823388e+01   1.681648e+02;
  -1.397850e+02  -2.234009e+02   7.312322e+01;
   1.116545e+02   1.731971e+02  -1.296692e+02]
intgraE=[ ...  
   1.740819e-02   7.398323e-02  -9.779686e-02;
   7.398323e-02   1.064801e-02  -3.851895e-02;
  -9.779686e-02  -3.851895e-02  -4.664300e-01]
E=[ ...        
   6.940553e+05  -5.277897e+05   1.521941e+01;
  -5.277897e+05   4.208978e+05  -1.237948e+01;
   1.521941e+01  -1.237948e+01  -4.996319e-01]
e=[ ...        
  -2.901858e+04  -1.319042e+04  -7.422365e+04;
  -1.319042e+04  -5.995115e+03  -3.373785e+04;
  -7.422365e+04  -3.373785e+04  -1.898453e+05]
intgraF=[ ...  
   1.008014e+00   2.683293e-02  -1.737988e-01;
   1.045799e-01   9.911026e-01  -3.574170e-02;
  -8.825073e-02  -1.956827e-01   1.888296e-01]
F=[ ...        
  -6.868623e+02   6.663997e+02  -2.046772e-02;
  -8.595593e+02   5.223406e+02  -1.319021e-02;
   4.212951e+02  -3.533672e+02   1.196913e-02]
R=[ ...        
  -9.087331e-02   9.288247e-01   3.592030e-01;
  -9.737722e-01  -1.584259e-01   1.633060e-01;
   2.085897e-01  -3.349418e-01   9.188604e-01]
U=[ ...        
   9.873103e+02  -6.429075e+02   1.720087e-02;
  -6.429075e+02   6.545736e+02  -2.093021e-02;
   1.720087e-02  -2.093021e-02   1.491849e-03]
l=[ ...        
  -2.385256e-05  -1.530349e-05   9.987955e-06;
  -8.787435e-06  -9.790364e-06   9.209447e-07;
   1.544480e-06   4.601515e-06   2.307078e-06]
d=[ ...        
  -2.385256e-05  -1.204546e-05   5.766218e-06;
  -1.204546e-05  -9.790364e-06   2.761230e-06;
   5.766218e-06   2.761230e-06   2.307078e-06]
