     iteration=         700000       process=              0       (i,j,k)=              0              0              0       (x,y,z)=   5.000000e-03   5.000000e-03   9.743527e-03     particles=            126
fabric=[ ...   
   3.287819e-01  -1.138206e-02  -8.074122e-03;
  -1.138206e-02   3.018910e-01   5.434894e-03;
  -8.074122e-03   5.434894e-03   3.659024e-01]
sigma=[ ...    
  -2.021440e+02  -1.455942e+01   4.164688e+00;
  -1.123854e+01  -1.449227e+02  -8.459130e+00;
   7.934058e+00  -5.117994e+00  -2.518539e+02]
sigmaDot=[ ... 
   5.965122e+04  -1.320132e+05   2.625645e+06;
   4.885415e+05   1.082196e+05   7.932169e+04;
  -5.718265e+04   1.059895e+06  -1.098483e+05]
intgraE=[ ...  
   4.530072e+01  -1.804874e+01  -6.081321e-02;
  -1.804874e+01   1.188212e+01   8.590180e-03;
  -6.081321e-02   8.590180e-03  -4.998744e-01]
E=[ ...        
   2.206582e+05  -5.969437e+03  -2.460811e+02;
  -5.969437e+03   5.040032e+05  -2.202866e+02;
  -2.460811e+02  -2.202866e+02  -1.032652e-01]
e=[ ...        
  -2.848379e-01  -2.411859e-01   3.016104e+00;
  -2.411859e-01   4.258807e-01   9.268699e-01;
   3.016104e+00   9.268699e-01  -1.109079e+01]
intgraF=[ ...  
   6.088118e+00  -3.968641e+00  -3.529909e-03;
  -5.133029e-01   2.636401e+00  -6.447987e-03;
  -7.367006e+00   1.436494e+00   1.404176e-02]
F=[ ...        
   1.387954e+02  -9.525290e+02   3.228837e-01;
  -6.494636e+02  -1.787949e+02   8.282000e-01;
  -1.581855e+01  -2.621605e+02  -5.744873e-02]
R=[ ...        
   1.990185e-01  -9.472325e-01   2.512810e-01;
  -9.796037e-01  -1.850363e-01   7.834600e-02;
  -2.771577e-02  -2.617481e-01  -9.647382e-01]
U=[ ...        
   6.642783e+02  -7.156731e+00  -7.454558e-01;
  -7.156731e+00   1.003970e+03  -4.440559e-01;
  -7.454558e-01  -4.440559e-01   2.014437e-01]
l=[ ...        
   4.427474e-02  -4.416478e-01  -1.767311e+00;
  -3.021348e-01   5.092094e-02   7.375068e-01;
   8.691499e-01  -3.918835e-01  -1.415306e+00]
d=[ ...        
   4.427474e-02  -3.718913e-01  -4.490805e-01;
  -3.718913e-01   5.092094e-02   1.728117e-01;
  -4.490805e-01   1.728117e-01  -1.415306e+00]
     iteration=         700000       process=              1       (i,j,k)=              0              0              1       (x,y,z)=   5.000000e-03   5.000000e-03   2.923058e-02     particles=              0
fabric=[ ...   
   0.000000e+00   0.000000e+00   0.000000e+00;
   0.000000e+00   0.000000e+00   0.000000e+00;
   0.000000e+00   0.000000e+00   0.000000e+00]
sigma=[ ...    
   0.000000e+00   0.000000e+00   0.000000e+00;
   0.000000e+00   0.000000e+00   0.000000e+00;
   0.000000e+00   0.000000e+00   0.000000e+00]
sigmaDot=[ ... 
   0.000000e+00   0.000000e+00   0.000000e+00;
   0.000000e+00   0.000000e+00   0.000000e+00;
   0.000000e+00   0.000000e+00   0.000000e+00]
intgraE=[ ...  
   0.000000e+00   0.000000e+00   0.000000e+00;
   0.000000e+00   0.000000e+00   0.000000e+00;
   0.000000e+00   0.000000e+00   0.000000e+00]
E=[ ...        
   0.000000e+00   0.000000e+00   0.000000e+00;
   0.000000e+00   0.000000e+00   0.000000e+00;
   0.000000e+00   0.000000e+00   0.000000e+00]
e=[ ...        
   0.000000e+00   0.000000e+00   0.000000e+00;
   0.000000e+00   0.000000e+00   0.000000e+00;
   0.000000e+00   0.000000e+00   0.000000e+00]
intgraF=[ ...  
   0.000000e+00   0.000000e+00   0.000000e+00;
   0.000000e+00   0.000000e+00   0.000000e+00;
   0.000000e+00   0.000000e+00   0.000000e+00]
F=[ ...        
   0.000000e+00   0.000000e+00   0.000000e+00;
   0.000000e+00   0.000000e+00   0.000000e+00;
   0.000000e+00   0.000000e+00   0.000000e+00]
R=[ ...        
   0.000000e+00   0.000000e+00   0.000000e+00;
   0.000000e+00   0.000000e+00   0.000000e+00;
   0.000000e+00   0.000000e+00   0.000000e+00]
U=[ ...        
   0.000000e+00   0.000000e+00   0.000000e+00;
   0.000000e+00   0.000000e+00   0.000000e+00;
   0.000000e+00   0.000000e+00   0.000000e+00]
l=[ ...        
   0.000000e+00   0.000000e+00   0.000000e+00;
   0.000000e+00   0.000000e+00   0.000000e+00;
   0.000000e+00   0.000000e+00   0.000000e+00]
d=[ ...        
   0.000000e+00   0.000000e+00   0.000000e+00;
   0.000000e+00   0.000000e+00   0.000000e+00;
   0.000000e+00   0.000000e+00   0.000000e+00]
     iteration=         700000       process=              2       (i,j,k)=              0              1              0       (x,y,z)=   5.000000e-03   1.500000e-02   9.743527e-03     particles=            118
fabric=[ ...   
   3.338968e-01   3.634546e-03   1.548526e-03;
   3.634546e-03   3.019699e-01   1.419354e-02;
   1.548526e-03   1.419354e-02   3.605491e-01]
sigma=[ ...    
  -2.054710e+02  -4.525657e+00   1.847572e+01;
  -3.878059e+00  -1.287529e+02   9.774345e+00;
   1.775191e+01   9.647533e+00  -2.227974e+02]
sigmaDot=[ ... 
   1.224427e+04  -3.468843e+04   4.294537e+05;
  -2.720078e+05   7.960950e+04  -6.176069e+04;
   3.301323e+05  -2.132313e+05   2.531158e+05]
intgraE=[ ...  
   1.489446e+01  -1.568160e+01  -2.000475e-01;
  -1.568160e+01   1.583595e+01   2.061990e-01;
  -2.000475e-01   2.061990e-01  -4.973840e-01]
E=[ ...        
   6.142250e+04  -6.500715e+04   9.749497e+01;
  -6.500715e+04   1.913392e+05   5.453733e+01;
   9.749497e+01   5.453733e+01  -7.385233e-02]
e=[ ...        
   5.030421e-02   1.044293e+00   5.924810e-01;
   1.044293e+00  -1.925126e+00  -1.375896e+00;
   5.924810e-01  -1.375896e+00  -2.806166e-01]
intgraF=[ ...  
   4.281986e+00  -4.901231e+00  -5.928319e-02;
   1.162783e+00  -9.057896e-01  -1.384233e-02;
   3.331883e+00  -2.798103e+00  -3.906187e-02]
F=[ ...        
  -2.072241e+02  -1.402121e+02  -6.619550e-01;
  -2.016320e+02   2.505107e+02  -5.735189e-01;
   1.981129e+02  -5.479637e+02  -2.918682e-01]
R=[ ...        
  -8.342159e-01  -4.279794e-01   3.477319e-01;
  -4.942947e-01   3.008151e-01  -8.155876e-01;
   2.444517e-01  -8.522581e-01  -4.624926e-01]
U=[ ...        
   3.209643e+02  -1.408096e+02   7.643530e-01;
  -1.408096e+02   6.023719e+02   3.595270e-01;
   7.643530e-01   3.595270e-01   3.725588e-01]
l=[ ...        
   8.380074e-01  -4.901979e-01   2.400133e+00;
  -3.073162e-01  -8.463003e-01  -8.849953e-02;
  -4.143417e-01   5.644204e-01  -2.686794e+00]
d=[ ...        
   8.380074e-01  -3.987570e-01   9.928958e-01;
  -3.987570e-01  -8.463003e-01   2.379604e-01;
   9.928958e-01   2.379604e-01  -2.686794e+00]
     iteration=         700000       process=              3       (i,j,k)=              0              1              1       (x,y,z)=   5.000000e-03   1.500000e-02   2.923058e-02     particles=              1
fabric=[ ...   
   0.000000e+00   0.000000e+00   0.000000e+00;
   0.000000e+00   0.000000e+00   0.000000e+00;
   0.000000e+00   0.000000e+00   0.000000e+00]
sigma=[ ...    
   0.000000e+00   0.000000e+00   0.000000e+00;
   0.000000e+00   0.000000e+00   0.000000e+00;
   0.000000e+00   0.000000e+00   0.000000e+00]
sigmaDot=[ ... 
   0.000000e+00   0.000000e+00   0.000000e+00;
   0.000000e+00   0.000000e+00   0.000000e+00;
   0.000000e+00   0.000000e+00   0.000000e+00]
intgraE=[ ...  
   0.000000e+00   0.000000e+00   0.000000e+00;
   0.000000e+00   0.000000e+00   0.000000e+00;
   0.000000e+00   0.000000e+00   0.000000e+00]
E=[ ...        
   0.000000e+00   0.000000e+00   0.000000e+00;
   0.000000e+00   0.000000e+00   0.000000e+00;
   0.000000e+00   0.000000e+00   0.000000e+00]
e=[ ...        
   0.000000e+00   0.000000e+00   0.000000e+00;
   0.000000e+00   0.000000e+00   0.000000e+00;
   0.000000e+00   0.000000e+00   0.000000e+00]
intgraF=[ ...  
   0.000000e+00   0.000000e+00   0.000000e+00;
   0.000000e+00   0.000000e+00   0.000000e+00;
   0.000000e+00   0.000000e+00   0.000000e+00]
F=[ ...        
   0.000000e+00   0.000000e+00   0.000000e+00;
   0.000000e+00   0.000000e+00   0.000000e+00;
   0.000000e+00   0.000000e+00   0.000000e+00]
R=[ ...        
   0.000000e+00   0.000000e+00   0.000000e+00;
   0.000000e+00   0.000000e+00   0.000000e+00;
   0.000000e+00   0.000000e+00   0.000000e+00]
U=[ ...        
   0.000000e+00   0.000000e+00   0.000000e+00;
   0.000000e+00   0.000000e+00   0.000000e+00;
   0.000000e+00   0.000000e+00   0.000000e+00]
l=[ ...        
   0.000000e+00   0.000000e+00   0.000000e+00;
   0.000000e+00   0.000000e+00   0.000000e+00;
   0.000000e+00   0.000000e+00   0.000000e+00]
d=[ ...        
   0.000000e+00   0.000000e+00   0.000000e+00;
   0.000000e+00   0.000000e+00   0.000000e+00;
   0.000000e+00   0.000000e+00   0.000000e+00]
     iteration=         700000       process=              4       (i,j,k)=              1              0              0       (x,y,z)=   1.500000e-02   5.000000e-03   9.743527e-03     particles=            111
fabric=[ ...   
   2.771156e-01   8.731332e-03   1.164353e-02;
   8.731332e-03   3.312440e-01   1.186620e-02;
   1.164353e-02   1.186620e-02   3.878381e-01]
sigma=[ ...    
  -1.841042e+02  -3.734977e+00  -2.608036e+01;
  -2.860998e+00  -2.754586e+02  -2.611040e+01;
  -2.395607e+01  -2.777274e+01  -4.019959e+02]
sigmaDot=[ ... 
   4.241090e+05  -8.270924e+04  -3.028460e+06;
   1.259138e+06   1.653508e+05   8.953938e+05;
   1.630242e+05   3.976112e+06   2.414441e+06]
intgraE=[ ...  
   1.997656e+01  -1.504896e+00   1.551556e-02;
  -1.504896e+00   2.806139e+00   2.983310e-02;
   1.551556e-02   2.983310e-02  -4.996866e-01]
E=[ ...        
   1.337001e+06  -6.159693e+05  -1.038018e+03;
  -6.159693e+05   1.160050e+06   2.476784e+03;
  -1.038018e+03   2.476784e+03   6.873011e+00]
e=[ ...        
   4.999704e-01  -1.904484e-03  -1.838122e-04;
  -1.904484e-03   3.767281e-01  -1.189109e-02;
  -1.838122e-04  -1.189109e-02   4.988526e-01]
intgraF=[ ...  
   4.235634e+00   9.834595e-01   1.482966e-02;
   8.724101e-01   1.543216e+00   1.753040e-02;
   4.717142e+00  -1.806535e+00  -9.979681e-03]
F=[ ...        
  -1.024720e+03   1.503563e+03   3.117282e+00;
  -1.066631e+02  -4.630621e+01  -2.129817e+00;
   1.269872e+03   2.392787e+02   7.017491e-01]
R=[ ...        
  -4.150355e-01   9.097063e-01  -1.341545e-02;
  -8.072813e-02  -5.150984e-02  -9.954043e-01;
   9.062166e-01   4.120451e-01  -9.481730e-02]
U=[ ...        
   1.584685e+03  -4.034554e+02  -4.859098e-01;
  -4.034554e+02   1.468780e+03   3.234670e+00;
  -4.859098e-01   3.234670e+00   2.011672e+00]
l=[ ...        
   2.024000e-01  -1.048838e-01  -1.317339e-01;
  -4.091749e-01  -2.951668e-01   6.102716e-01;
   2.016416e-01  -7.010150e-02  -3.243067e-01]
d=[ ...        
   2.024000e-01  -2.570294e-01   3.495386e-02;
  -2.570294e-01  -2.951668e-01   2.700850e-01;
   3.495386e-02   2.700850e-01  -3.243067e-01]
     iteration=         700000       process=              5       (i,j,k)=              1              0              1       (x,y,z)=   1.500000e-02   5.000000e-03   2.923058e-02     particles=              1
fabric=[ ...   
   0.000000e+00   0.000000e+00   0.000000e+00;
   0.000000e+00   0.000000e+00   0.000000e+00;
   0.000000e+00   0.000000e+00   0.000000e+00]
sigma=[ ...    
   0.000000e+00   0.000000e+00   0.000000e+00;
   0.000000e+00   0.000000e+00   0.000000e+00;
   0.000000e+00   0.000000e+00   0.000000e+00]
sigmaDot=[ ... 
   0.000000e+00   0.000000e+00   0.000000e+00;
   0.000000e+00   0.000000e+00   0.000000e+00;
   0.000000e+00   0.000000e+00   0.000000e+00]
intgraE=[ ...  
   0.000000e+00   0.000000e+00   0.000000e+00;
   0.000000e+00   0.000000e+00   0.000000e+00;
   0.000000e+00   0.000000e+00   0.000000e+00]
E=[ ...        
   0.000000e+00   0.000000e+00   0.000000e+00;
   0.000000e+00   0.000000e+00   0.000000e+00;
   0.000000e+00   0.000000e+00   0.000000e+00]
e=[ ...        
   0.000000e+00   0.000000e+00   0.000000e+00;
   0.000000e+00   0.000000e+00   0.000000e+00;
   0.000000e+00   0.000000e+00   0.000000e+00]
intgraF=[ ...  
   0.000000e+00   0.000000e+00   0.000000e+00;
   0.000000e+00   0.000000e+00   0.000000e+00;
   0.000000e+00   0.000000e+00   0.000000e+00]
F=[ ...        
   0.000000e+00   0.000000e+00   0.000000e+00;
   0.000000e+00   0.000000e+00   0.000000e+00;
   0.000000e+00   0.000000e+00   0.000000e+00]
R=[ ...        
   0.000000e+00   0.000000e+00   0.000000e+00;
   0.000000e+00   0.000000e+00   0.000000e+00;
   0.000000e+00   0.000000e+00   0.000000e+00]
U=[ ...        
   0.000000e+00   0.000000e+00   0.000000e+00;
   0.000000e+00   0.000000e+00   0.000000e+00;
   0.000000e+00   0.000000e+00   0.000000e+00]
l=[ ...        
   0.000000e+00   0.000000e+00   0.000000e+00;
   0.000000e+00   0.000000e+00   0.000000e+00;
   0.000000e+00   0.000000e+00   0.000000e+00]
d=[ ...        
   0.000000e+00   0.000000e+00   0.000000e+00;
   0.000000e+00   0.000000e+00   0.000000e+00;
   0.000000e+00   0.000000e+00   0.000000e+00]
     iteration=         700000       process=              6       (i,j,k)=              1              1              0       (x,y,z)=   1.500000e-02   1.500000e-02   9.743527e-03     particles=            117
fabric=[ ...   
   3.198329e-01  -1.586239e-02  -2.410924e-03;
  -1.586239e-02   3.063804e-01   1.967691e-02;
  -2.410924e-03   1.967691e-02   3.737866e-01]
sigma=[ ...    
  -2.318703e+02  -1.765765e+01  -2.883821e+01;
  -1.683205e+01  -2.207332e+02  -1.614126e+01;
  -2.684525e+01  -1.820604e+01  -3.722309e+02]
sigmaDot=[ ... 
   2.160433e+06   5.376597e+05  -1.086547e+07;
  -5.923971e+06   1.017844e+06  -6.441863e+05;
   4.053297e+05   2.241060e+06   2.594246e+06]
intgraE=[ ...  
   3.622801e-01  -8.557700e-01  -3.541774e-02;
  -8.557700e-01   3.590505e-01   3.708162e-02;
  -3.541774e-02   3.708162e-02  -4.981621e-01]
E=[ ...        
   4.752352e+05  -3.253160e+05   1.290089e+01;
  -3.253160e+05   2.243964e+05  -7.215336e+00;
   1.290089e+01  -7.215336e+00  -4.981001e-01]
e=[ ...        
  -4.817561e+03  -2.032806e+03   5.812644e+03;
  -2.032806e+03  -8.571688e+02   2.452434e+03;
   5.812644e+03   2.452434e+03  -7.012038e+03]
intgraF=[ ...  
   4.849048e-01  -6.109604e-01  -4.563350e-02;
  -1.117164e+00   1.061486e+00   3.624465e-02;
  -4.912968e-01   4.669857e-01   1.672383e-02]
F=[ ...        
   1.930129e+02  -8.759222e+01   4.353874e-02;
  -9.405707e+02   6.462143e+02  -2.493069e-02;
  -1.689506e+02   1.533904e+02   3.581417e-02]
R=[ ...        
   5.802854e-01   5.335236e-01  -6.153222e-01;
  -7.883504e-01   5.575894e-01  -2.599958e-01;
   2.043832e-01   6.359612e-01   7.441645e-01]
U=[ ...        
   8.189711e+02  -5.289213e+02   5.223883e-02;
  -5.289213e+02   4.111400e+02   3.210428e-02;
   5.223883e-02   3.210428e-02   6.343148e-03]
l=[ ...        
  -7.809055e-02  -4.331112e-01  -9.713341e-01;
  -1.146241e-01   3.189815e-01   1.210463e+00;
   4.528178e-01  -1.583726e-01  -1.556453e+00]
d=[ ...        
  -7.809055e-02  -2.738676e-01  -2.592581e-01;
  -2.738676e-01   3.189815e-01   5.260449e-01;
  -2.592581e-01   5.260449e-01  -1.556453e+00]
     iteration=         700000       process=              7       (i,j,k)=              1              1              1       (x,y,z)=   1.500000e-02   1.500000e-02   2.923058e-02     particles=              2
fabric=[ ...   
   0.000000e+00   0.000000e+00   0.000000e+00;
   0.000000e+00   0.000000e+00   0.000000e+00;
   0.000000e+00   0.000000e+00   0.000000e+00]
sigma=[ ...    
   0.000000e+00   0.000000e+00   0.000000e+00;
   0.000000e+00   0.000000e+00   0.000000e+00;
   0.000000e+00   0.000000e+00   0.000000e+00]
sigmaDot=[ ... 
   0.000000e+00   0.000000e+00   0.000000e+00;
   0.000000e+00   0.000000e+00   0.000000e+00;
   0.000000e+00   0.000000e+00   0.000000e+00]
intgraE=[ ...  
   0.000000e+00   0.000000e+00   0.000000e+00;
   0.000000e+00   0.000000e+00   0.000000e+00;
   0.000000e+00   0.000000e+00   0.000000e+00]
E=[ ...        
   0.000000e+00   0.000000e+00   0.000000e+00;
   0.000000e+00   0.000000e+00   0.000000e+00;
   0.000000e+00   0.000000e+00   0.000000e+00]
e=[ ...        
   0.000000e+00   0.000000e+00   0.000000e+00;
   0.000000e+00   0.000000e+00   0.000000e+00;
   0.000000e+00   0.000000e+00   0.000000e+00]
intgraF=[ ...  
   0.000000e+00   0.000000e+00   0.000000e+00;
   0.000000e+00   0.000000e+00   0.000000e+00;
   0.000000e+00   0.000000e+00   0.000000e+00]
F=[ ...        
   0.000000e+00   0.000000e+00   0.000000e+00;
   0.000000e+00   0.000000e+00   0.000000e+00;
   0.000000e+00   0.000000e+00   0.000000e+00]
R=[ ...        
   0.000000e+00   0.000000e+00   0.000000e+00;
   0.000000e+00   0.000000e+00   0.000000e+00;
   0.000000e+00   0.000000e+00   0.000000e+00]
U=[ ...        
   0.000000e+00   0.000000e+00   0.000000e+00;
   0.000000e+00   0.000000e+00   0.000000e+00;
   0.000000e+00   0.000000e+00   0.000000e+00]
l=[ ...        
   0.000000e+00   0.000000e+00   0.000000e+00;
   0.000000e+00   0.000000e+00   0.000000e+00;
   0.000000e+00   0.000000e+00   0.000000e+00]
d=[ ...        
   0.000000e+00   0.000000e+00   0.000000e+00;
   0.000000e+00   0.000000e+00   0.000000e+00;
   0.000000e+00   0.000000e+00   0.000000e+00]
