     iteration=         200000       process=              0       (i,j,k)=              0              0              0       (x,y,z)=   5.000000e-03   5.000000e-03   1.292991e-01     particles=            145
fabric=[ ...   
   2.978681e-01   2.312858e-02  -4.319197e-02;
   2.312858e-02   2.856563e-01   2.452887e-02;
  -4.319197e-02   2.452887e-02   4.164756e-01]
sigma=[ ...    
  -6.058474e+00  -4.877046e-01  -1.653786e-01;
  -6.647543e+00  -2.515377e+00   2.365180e+00;
  -1.716709e+00   1.090683e+00   1.278870e+00]
sigmaDot=[ ... 
   1.419318e+05   1.423839e+04   7.988580e+03;
   1.915853e+05   1.116170e+05  -4.384762e+04;
  -1.611646e+05  -1.000139e+05   1.202067e+05]
intgraE=[ ...  
   2.437324e+01  -5.435498e+00  -1.133369e+00;
  -5.435498e+00   2.874339e+00   1.230843e-01;
  -1.133369e+00   1.230843e-01  -4.364850e-01]
E=[ ...        
   3.452151e+04  -5.333105e+04   1.367638e+02;
  -5.333105e+04   1.107289e+05  -2.702791e+02;
   1.367638e+02  -2.702791e+02   1.676668e-01]
e=[ ...        
  -4.214838e+01   4.103217e+01   3.890428e+00;
   4.103217e+01  -3.897727e+01  -3.742997e+00;
   3.890428e+00  -3.742997e+00   1.451095e-01]
intgraF=[ ...  
   2.783613e+00  -1.322639e+00  -2.795091e-03;
  -1.307632e+00   2.125209e+00  -2.428594e-03;
  -6.347289e+00   6.948303e-01   3.563935e-01]
F=[ ...        
   9.022936e+01   4.449782e+00   2.025781e-03;
   7.138486e+01   4.899968e+01   5.083819e-03;
   2.362348e+02  -4.680150e+02   1.155553e+00]
R=[ ...        
   6.477178e-01   2.516510e-01  -7.191199e-01;
   6.317794e-01   3.501198e-01   6.915713e-01;
   4.258127e-01  -9.022682e-01   6.779093e-02]
U=[ ...        
   2.041344e+02  -1.654476e+02   4.965733e-01;
  -1.654476e+02   4.405506e+02  -1.040329e+00;
   4.965733e-01  -1.040329e+00   8.039509e-02]
l=[ ...        
  -1.400242e+00  -1.796449e+00   7.463070e-02;
   2.341956e-01   1.242395e-01   3.850164e-02;
  -8.480784e+01  -4.039436e+01  -1.044646e+01]
d=[ ...        
  -1.400242e+00  -7.811269e-01  -4.236661e+01;
  -7.811269e-01   1.242395e-01  -2.017793e+01;
  -4.236661e+01  -2.017793e+01  -1.044646e+01]
     iteration=         200000       process=              1       (i,j,k)=              0              0              1       (x,y,z)=   5.000000e-03   5.000000e-03   3.878973e-01     particles=             65
fabric=[ ...   
   0.000000e+00   0.000000e+00   0.000000e+00;
   0.000000e+00   0.000000e+00   0.000000e+00;
   0.000000e+00   0.000000e+00   0.000000e+00]
sigma=[ ...    
   0.000000e+00   0.000000e+00   0.000000e+00;
   0.000000e+00   0.000000e+00   0.000000e+00;
   0.000000e+00   0.000000e+00   0.000000e+00]
sigmaDot=[ ... 
   0.000000e+00   0.000000e+00   0.000000e+00;
   0.000000e+00   0.000000e+00   0.000000e+00;
   0.000000e+00   0.000000e+00   0.000000e+00]
intgraE=[ ...  
   3.991100e-02  -1.264022e-02  -2.394803e-01;
  -1.264022e-02   4.003285e-03   7.584584e-02;
  -2.394803e-01   7.584584e-02   9.369680e-01]
E=[ ...        
   1.937977e-02   1.678231e-02   2.029412e-01;
   1.678231e-02   1.453299e-02   1.757412e-01;
   2.029412e-01   1.757412e-01   1.625162e+00]
e=[ ...        
  -4.559597e-03  -3.948478e-03   2.315993e-02;
  -3.948478e-03  -3.419266e-03   2.005582e-02;
   2.315993e-02   2.005582e-02   3.823619e-01]
intgraF=[ ...  
   1.000000e+00   0.000000e+00   0.000000e+00;
   0.000000e+00   1.000000e+00   0.000000e+00;
  -2.825279e-01   8.947944e-02   1.695269e+00]
F=[ ...        
   1.000000e+00   8.193270e-18   2.768891e-18;
   2.101749e-17   1.000000e+00   7.023210e-18;
   1.968744e-01   1.704875e-01   2.061631e+00]
R=[ ...        
   9.979437e-01  -1.780725e-03  -6.407237e-02;
  -1.780725e-03   9.984579e-01  -5.548479e-02;
   6.407237e-02   5.548479e-02   9.964016e-01]
U=[ ...        
   1.010558e+00   9.142811e-03   1.320936e-01;
   9.142811e-03   1.007917e+00   1.143892e-01;
   1.320936e-01   1.143892e-01   2.054213e+00]
l=[ ...        
   0.000000e+00   0.000000e+00   0.000000e+00;
   0.000000e+00   0.000000e+00   0.000000e+00;
   9.877506e-01   8.799699e-01   4.958726e+00]
d=[ ...        
   0.000000e+00   0.000000e+00   4.938753e-01;
   0.000000e+00   0.000000e+00   4.399850e-01;
   4.938753e-01   4.399850e-01   4.958726e+00]
     iteration=         200000       process=              2       (i,j,k)=              0              1              0       (x,y,z)=   5.000000e-03   1.500000e-02   1.292991e-01     particles=             80
fabric=[ ...   
   2.171859e-01   5.590950e-02   3.499696e-02;
   5.590950e-02   3.092622e-01  -2.825427e-02;
   3.499696e-02  -2.825427e-02   4.735519e-01]
sigma=[ ...    
   8.178765e-01  -1.821085e+00  -6.105654e-01;
  -1.955575e+00   9.106354e-01  -1.306314e+00;
  -2.785253e-01  -1.506232e+00   2.834043e+00]
sigmaDot=[ ... 
   2.980902e+04   7.231343e+03  -3.132597e+03;
  -5.690793e+03   2.123966e+04   8.413942e+03;
  -2.262118e+03   2.887035e+04   1.401077e+04]
intgraE=[ ...  
   8.688434e+00  -1.028313e+01  -3.657738e-01;
  -1.028313e+01   1.119674e+01   4.696508e-01;
  -3.657738e-01   4.696508e-01  -4.280673e-01]
E=[ ...        
   8.192832e+06   4.434043e+06   5.275652e+02;
   4.434043e+06   2.514818e+06   2.842390e+02;
   5.275652e+02   2.842390e+02  -4.639097e-01]
e=[ ...        
  -4.216153e+01   5.699402e+01  -5.472553e-01;
   5.699402e+01  -7.564164e+01   7.311101e-01;
  -5.472553e-01   7.311101e-01   4.929799e-01]
intgraF=[ ...  
   3.672191e+00  -4.225425e+00  -5.066059e-02;
   1.760219e+00  -1.470935e+00  -2.452847e-02;
  -1.339221e+00   1.837286e+00   3.750962e-01]
F=[ ...        
  -3.084216e+02   2.153982e+02   1.474470e-02;
  -1.921505e+02   1.825941e+02  -6.750551e-02;
   4.031578e+03   2.224837e+03   2.596271e-01]
R=[ ...        
  -4.157430e-01   6.841996e-01   5.991900e-01;
  -3.028722e-01   5.170658e-01  -8.005694e-01;
   8.575700e-01   5.143091e-01   7.741449e-03]
U=[ ...        
   3.643781e+03   1.763101e+03   2.369639e-01;
   1.763101e+03   1.386043e+03   1.087121e-01;
   2.369639e-01   1.087121e-01   6.488761e-02]
l=[ ...        
   7.941820e-01   3.099508e+00  -1.972586e-01;
   6.390573e+00  -7.008162e-01   1.460897e-01;
  -9.014712e+00   1.035455e-01  -1.014058e+01]
d=[ ...        
   7.941820e-01   4.745040e+00  -4.605985e+00;
   4.745040e+00  -7.008162e-01   1.248176e-01;
  -4.605985e+00   1.248176e-01  -1.014058e+01]
     iteration=         200000       process=              3       (i,j,k)=              0              1              1       (x,y,z)=   5.000000e-03   1.500000e-02   3.878973e-01     particles=             13
fabric=[ ...   
   0.000000e+00   0.000000e+00   0.000000e+00;
   0.000000e+00   0.000000e+00   0.000000e+00;
   0.000000e+00   0.000000e+00   0.000000e+00]
sigma=[ ...    
   0.000000e+00   0.000000e+00   0.000000e+00;
   0.000000e+00   0.000000e+00   0.000000e+00;
   0.000000e+00   0.000000e+00   0.000000e+00]
sigmaDot=[ ... 
   0.000000e+00   0.000000e+00   0.000000e+00;
   0.000000e+00   0.000000e+00   0.000000e+00;
   0.000000e+00   0.000000e+00   0.000000e+00]
intgraE=[ ...  
   0.000000e+00   0.000000e+00   0.000000e+00;
   0.000000e+00   0.000000e+00   0.000000e+00;
   0.000000e+00   0.000000e+00   0.000000e+00]
E=[ ...        
  -5.000000e-01   0.000000e+00   0.000000e+00;
   0.000000e+00  -5.000000e-01   0.000000e+00;
   0.000000e+00   0.000000e+00  -5.000000e-01]
e=[ ...        
   0.000000e+00   0.000000e+00   0.000000e+00;
   0.000000e+00   0.000000e+00   0.000000e+00;
   0.000000e+00   0.000000e+00   0.000000e+00]
intgraF=[ ...  
   1.000000e+00   0.000000e+00   0.000000e+00;
   0.000000e+00   1.000000e+00   0.000000e+00;
   0.000000e+00   0.000000e+00   1.000000e+00]
F=[ ...        
   0.000000e+00   0.000000e+00   0.000000e+00;
   0.000000e+00   0.000000e+00   0.000000e+00;
   0.000000e+00   0.000000e+00   0.000000e+00]
R=[ ...        
   0.000000e+00   0.000000e+00   0.000000e+00;
   0.000000e+00   0.000000e+00   0.000000e+00;
   0.000000e+00   0.000000e+00   0.000000e+00]
U=[ ...        
   0.000000e+00   0.000000e+00   0.000000e+00;
   0.000000e+00   0.000000e+00   0.000000e+00;
   0.000000e+00   0.000000e+00   0.000000e+00]
l=[ ...        
   0.000000e+00   0.000000e+00   0.000000e+00;
   0.000000e+00   0.000000e+00   0.000000e+00;
   0.000000e+00   0.000000e+00   0.000000e+00]
d=[ ...        
   0.000000e+00   0.000000e+00   0.000000e+00;
   0.000000e+00   0.000000e+00   0.000000e+00;
   0.000000e+00   0.000000e+00   0.000000e+00]
     iteration=         200000       process=              4       (i,j,k)=              1              0              0       (x,y,z)=   1.500000e-02   5.000000e-03   1.292991e-01     particles=             74
fabric=[ ...   
   2.911583e-01   7.222811e-02  -3.738906e-02;
   7.222811e-02   3.695757e-01   1.276876e-02;
  -3.738906e-02   1.276876e-02   3.392659e-01]
sigma=[ ...    
  -2.398277e+01  -1.143999e+01  -7.034370e+00;
  -2.006999e+01  -1.588938e+01  -2.948978e+00;
   2.154239e+00   5.269028e+00  -2.074999e-01]
sigmaDot=[ ... 
   2.482127e+06   2.016170e+06   4.579702e+06;
   3.347814e+06   1.439424e+06   1.154599e+05;
  -1.654993e+05   1.809227e+06  -2.119595e+05]
intgraE=[ ...  
   4.262931e+00  -1.558051e+00   1.682641e-01;
  -1.558051e+00   1.146877e+00  -5.789293e-02;
   1.682641e-01  -5.789293e-02  -4.376886e-01]
E=[ ...        
   3.663437e+07   7.078725e+06  -2.100162e+03;
   7.078725e+06   1.478599e+06  -4.251715e+02;
  -2.100162e+03  -4.251715e+02  -3.757308e-01]
e=[ ...        
   1.723513e-01   1.294914e+01   4.853234e-01;
   1.294914e+01  -5.112721e+02  -1.918080e+01;
   4.853234e-01  -1.918080e+01  -2.188806e-01]
intgraF=[ ...  
   2.770398e+00  -1.332580e+00  -1.460360e-02;
   8.727462e-01   1.159094e+00   1.037431e-02;
   1.043586e+00  -4.177137e-01   3.525648e-01]
F=[ ...        
  -9.850192e+02   2.771399e+02  -2.602016e-02;
   2.935664e+02   7.056595e+01   1.194469e-02;
  -8.497781e+03  -1.695704e+03   4.977134e-01]
R=[ ...        
  -2.920959e-01   9.560507e-01  -2.543693e-02;
   2.846161e-02   3.527460e-02   9.989723e-01;
  -9.559654e-01  -2.910718e-01   3.751431e-02]
U=[ ...        
   8.419661e+03   1.542091e+03  -4.678565e-01;
   1.542091e+03   7.610206e+02  -1.693256e-01;
  -4.678565e-01  -1.693256e-01   3.126566e-02]
l=[ ...        
   5.710172e+00   6.400718e+00   1.386532e-01;
   4.410369e+00  -4.347174e+00   3.605941e-01;
   1.895588e+01   1.418297e+00  -9.890208e+00]
d=[ ...        
   5.710172e+00   5.405543e+00   9.547264e+00;
   5.405543e+00  -4.347174e+00   8.894454e-01;
   9.547264e+00   8.894454e-01  -9.890208e+00]
     iteration=         200000       process=              5       (i,j,k)=              1              0              1       (x,y,z)=   1.500000e-02   5.000000e-03   3.878973e-01     particles=             13
fabric=[ ...   
   0.000000e+00   0.000000e+00   0.000000e+00;
   0.000000e+00   0.000000e+00   0.000000e+00;
   0.000000e+00   0.000000e+00   0.000000e+00]
sigma=[ ...    
   0.000000e+00   0.000000e+00   0.000000e+00;
   0.000000e+00   0.000000e+00   0.000000e+00;
   0.000000e+00   0.000000e+00   0.000000e+00]
sigmaDot=[ ... 
   0.000000e+00   0.000000e+00   0.000000e+00;
   0.000000e+00   0.000000e+00   0.000000e+00;
   0.000000e+00   0.000000e+00   0.000000e+00]
intgraE=[ ...  
   0.000000e+00   0.000000e+00   0.000000e+00;
   0.000000e+00   0.000000e+00   0.000000e+00;
   0.000000e+00   0.000000e+00   0.000000e+00]
E=[ ...        
  -5.000000e-01   0.000000e+00   0.000000e+00;
   0.000000e+00  -5.000000e-01   0.000000e+00;
   0.000000e+00   0.000000e+00  -5.000000e-01]
e=[ ...        
   0.000000e+00   0.000000e+00   0.000000e+00;
   0.000000e+00   0.000000e+00   0.000000e+00;
   0.000000e+00   0.000000e+00   0.000000e+00]
intgraF=[ ...  
   1.000000e+00   0.000000e+00   0.000000e+00;
   0.000000e+00   1.000000e+00   0.000000e+00;
   0.000000e+00   0.000000e+00   1.000000e+00]
F=[ ...        
   0.000000e+00   0.000000e+00   0.000000e+00;
   0.000000e+00   0.000000e+00   0.000000e+00;
   0.000000e+00   0.000000e+00   0.000000e+00]
R=[ ...        
   0.000000e+00   0.000000e+00   0.000000e+00;
   0.000000e+00   0.000000e+00   0.000000e+00;
   0.000000e+00   0.000000e+00   0.000000e+00]
U=[ ...        
   0.000000e+00   0.000000e+00   0.000000e+00;
   0.000000e+00   0.000000e+00   0.000000e+00;
   0.000000e+00   0.000000e+00   0.000000e+00]
l=[ ...        
   0.000000e+00   0.000000e+00   0.000000e+00;
   0.000000e+00   0.000000e+00   0.000000e+00;
   0.000000e+00   0.000000e+00   0.000000e+00]
d=[ ...        
   0.000000e+00   0.000000e+00   0.000000e+00;
   0.000000e+00   0.000000e+00   0.000000e+00;
   0.000000e+00   0.000000e+00   0.000000e+00]
     iteration=         200000       process=              6       (i,j,k)=              1              1              0       (x,y,z)=   1.500000e-02   1.500000e-02   1.292991e-01     particles=             73
fabric=[ ...   
   3.527845e-01   2.356476e-02   3.518588e-02;
   2.356476e-02   2.785057e-01   3.478398e-02;
   3.518588e-02   3.478398e-02   3.687098e-01]
sigma=[ ...    
   2.422348e-01   1.671177e-01   1.446315e+00;
   7.965190e-01  -8.281243e-01   4.638539e-02;
   7.282126e-01  -4.315191e-01   1.275513e-01]
sigmaDot=[ ... 
  -4.126405e+04   4.648997e+05   1.568928e+06;
   1.328895e+06   1.248805e+05   1.334358e+05;
  -2.583204e+04   4.406948e+05   1.100773e+05]
intgraE=[ ...  
   1.082977e+00  -1.598749e+00   2.391037e-02;
  -1.598749e+00   1.208892e+00   3.476674e-02;
   2.391037e-02   3.476674e-02  -4.546248e-01]
E=[ ...        
   5.118160e+05   1.020128e+06  -3.155856e+02;
   1.020128e+06   2.336238e+06  -7.259914e+02;
  -3.155856e+02  -7.259914e+02  -2.741979e-01]
e=[ ...        
  -2.413765e+02   5.479460e+02   2.420078e+01;
   5.479460e+02  -1.240815e+03  -5.482435e+01;
   2.420078e+01  -5.482435e+01  -1.921393e+00]
intgraF=[ ...  
   1.430987e+00  -1.694598e+00  -1.148354e-01;
  -7.276361e-01   5.834662e-01   2.122833e-03;
   7.673182e-01  -4.535288e-01   2.784937e-01]
F=[ ...        
  -3.385246e+02  -1.182391e+01  -1.086754e-02;
  -1.075922e+02   9.016577e+01  -1.439711e-02;
  -9.473426e+02  -2.159678e+03   6.717729e-01]
R=[ ...        
  -8.589867e-01   3.150126e-01  -4.036198e-01;
  -3.632653e-01   1.805565e-01   9.140228e-01;
  -3.608049e-01  -9.317545e-01   4.066249e-02]
U=[ ...        
   6.716784e+02   7.566248e+02  -2.278139e-01;
   7.566248e+02   2.024845e+03  -6.319503e-01;
  -2.278139e-01  -6.319503e-01   1.854302e-02]
l=[ ...        
  -3.314767e+00  -1.161288e+01   1.341971e-01;
  -2.550429e-01  -1.490958e+01  -6.498182e-02;
  -3.537465e+00  -1.956774e+01  -1.030314e+01]
d=[ ...        
  -3.314767e+00  -5.933960e+00  -1.701634e+00;
  -5.933960e+00  -1.490958e+01  -9.816362e+00;
  -1.701634e+00  -9.816362e+00  -1.030314e+01]
     iteration=         200000       process=              7       (i,j,k)=              1              1              1       (x,y,z)=   1.500000e-02   1.500000e-02   3.878973e-01     particles=             13
fabric=[ ...   
   0.000000e+00   0.000000e+00   0.000000e+00;
   0.000000e+00   0.000000e+00   0.000000e+00;
   0.000000e+00   0.000000e+00   0.000000e+00]
sigma=[ ...    
   0.000000e+00   0.000000e+00   0.000000e+00;
   0.000000e+00   0.000000e+00   0.000000e+00;
   0.000000e+00   0.000000e+00   0.000000e+00]
sigmaDot=[ ... 
   0.000000e+00   0.000000e+00   0.000000e+00;
   0.000000e+00   0.000000e+00   0.000000e+00;
   0.000000e+00   0.000000e+00   0.000000e+00]
intgraE=[ ...  
   0.000000e+00   0.000000e+00   0.000000e+00;
   0.000000e+00   0.000000e+00   0.000000e+00;
   0.000000e+00   0.000000e+00   0.000000e+00]
E=[ ...        
  -5.000000e-01   0.000000e+00   0.000000e+00;
   0.000000e+00  -5.000000e-01   0.000000e+00;
   0.000000e+00   0.000000e+00  -5.000000e-01]
e=[ ...        
   0.000000e+00   0.000000e+00   0.000000e+00;
   0.000000e+00   0.000000e+00   0.000000e+00;
   0.000000e+00   0.000000e+00   0.000000e+00]
intgraF=[ ...  
   1.000000e+00   0.000000e+00   0.000000e+00;
   0.000000e+00   1.000000e+00   0.000000e+00;
   0.000000e+00   0.000000e+00   1.000000e+00]
F=[ ...        
   0.000000e+00   0.000000e+00   0.000000e+00;
   0.000000e+00   0.000000e+00   0.000000e+00;
   0.000000e+00   0.000000e+00   0.000000e+00]
R=[ ...        
   0.000000e+00   0.000000e+00   0.000000e+00;
   0.000000e+00   0.000000e+00   0.000000e+00;
   0.000000e+00   0.000000e+00   0.000000e+00]
U=[ ...        
   0.000000e+00   0.000000e+00   0.000000e+00;
   0.000000e+00   0.000000e+00   0.000000e+00;
   0.000000e+00   0.000000e+00   0.000000e+00]
l=[ ...        
   0.000000e+00   0.000000e+00   0.000000e+00;
   0.000000e+00   0.000000e+00   0.000000e+00;
   0.000000e+00   0.000000e+00   0.000000e+00]
d=[ ...        
   0.000000e+00   0.000000e+00   0.000000e+00;
   0.000000e+00   0.000000e+00   0.000000e+00;
   0.000000e+00   0.000000e+00   0.000000e+00]
