     iteration=        2700000       process=              0       (i,j,k)=              0              0              0       (x,y,z)=   5.000000e-03   5.000000e-03   5.253276e-03     particles=             80
fabric=[ ...   
   3.406959e-01   6.662882e-03  -4.612545e-04;
   6.662882e-03   3.072294e-01   5.807277e-04;
  -4.612545e-04   5.807277e-04   3.520746e-01]
sigma=[ ...    
  -3.169273e+02  -2.422142e+01   2.400542e+01;
  -2.422141e+01  -2.446131e+02  -2.609017e+01;
   2.400523e+01  -2.609037e+01  -3.732874e+02]
sigmaDot=[ ... 
   2.257414e+00  -6.080163e+00   3.376485e+00;
  -5.283980e+00   9.922137e-01   3.366386e+00;
   4.836170e-01   2.402247e+00  -1.374736e+01]
intgraE=[ ...  
   4.533137e+01  -1.805969e+01  -6.085708e-02;
  -1.805969e+01   1.188777e+01   8.600796e-03;
  -6.085708e-02   8.600796e-03  -4.998743e-01]
E=[ ...        
   1.861693e+05  -5.348652e+04  -1.989757e+00;
  -5.348652e+04   8.836198e+05   1.417685e+00;
  -1.989757e+00   1.417685e+00  -4.997947e-01]
e=[ ...        
  -4.160141e+01  -3.848752e+00  -2.359121e+02;
  -3.848752e+00   1.481607e-01  -2.156620e+01;
  -2.359121e+02  -2.156620e+01  -1.321416e+03]
intgraF=[ ...  
   6.091720e+00  -3.970340e+00  -3.533832e-03;
  -5.145340e-01   2.636552e+00  -6.445351e-03;
  -7.368103e+00   1.435457e+00   1.404750e-02]
F=[ ...        
   5.031281e+02  -8.533112e+02  -2.705182e-03;
  -3.347992e+02  -1.005309e+03   2.812402e-03;
  -8.432737e+01   1.686848e+02   1.988526e-02]
R=[ ...        
   7.724432e-01  -6.103087e-01   1.756552e-01;
  -6.221143e-01  -7.827616e-01   1.606424e-02;
  -1.276920e-01   1.216864e-01   9.843207e-01]
U=[ ...        
   6.076892e+02  -5.525705e+01  -6.378423e-03;
  -5.525705e+01   1.328227e+03   1.869320e-03;
  -6.378423e-03   1.869320e-03   1.914347e-02]
l=[ ...        
  -1.784304e-02  -2.475086e-03   7.684605e-04;
  -1.666025e-02  -2.310428e-03   7.166940e-04;
   1.097746e-04   1.573799e-05  -5.051410e-06]
d=[ ...        
  -1.784304e-02  -9.567668e-03   4.391176e-04;
  -9.567668e-03  -2.310428e-03   3.662160e-04;
   4.391176e-04   3.662160e-04  -5.051410e-06]
     iteration=        2700000       process=              1       (i,j,k)=              0              0              1       (x,y,z)=   5.000000e-03   5.000000e-03   1.575983e-02     particles=             46
fabric=[ ...   
   3.564787e-01  -1.130125e-02   2.350287e-02;
  -1.130125e-02   3.196542e-01   3.392484e-04;
   2.350287e-02   3.392484e-04   3.238671e-01]
sigma=[ ...    
  -6.730438e+01   8.012520e+00   7.356797e-01;
   8.012574e+00  -7.668783e+01   1.511565e+00;
   7.356773e-01   1.511464e+00  -1.060214e+02]
sigmaDot=[ ... 
  -2.824587e+00   5.226947e+00   7.213916e+00;
   9.757630e+00  -4.111268e-01   9.183602e+00;
   5.535210e+00   1.074247e+01   1.832657e+01]
intgraE=[ ...  
   9.541108e-02  -6.456878e-02  -6.784939e-01;
  -6.456878e-02   1.150404e-02   3.409815e-01;
  -6.784939e-01   3.409815e-01   3.604720e+00]
E=[ ...        
   6.649840e+05  -8.275410e+05   3.175638e+00;
  -8.275410e+05   1.803571e+06  -2.435673e+01;
   3.175638e+00  -2.435673e+01  -4.994458e-01]
e=[ ...        
  -1.548447e+05  -7.116523e+04   1.213614e+05;
  -7.116523e+04  -3.270628e+04   5.577641e+04;
   1.213614e+05   5.577641e+04  -9.511761e+04]
intgraF=[ ...  
   9.981293e-01   3.866662e-04  -9.610484e-02;
  -3.448875e-02   9.878713e-01   6.129177e-02;
  -4.397393e-01   2.170674e-01   2.862944e+00]
F=[ ...        
   4.045325e+02  -1.217120e+03   1.976895e-02;
  -1.073970e+03   1.174091e+03  -1.298042e-03;
  -1.136228e+02  -8.644495e+02   2.675489e-02]
R=[ ...        
   6.245678e-03  -6.724523e-01  -7.401141e-01;
  -8.660895e-01   3.663227e-01  -3.401420e-01;
  -4.998499e-01  -6.431295e-01   5.801160e-01]
U=[ ...        
   9.894754e+02  -5.923744e+02  -1.212574e-02;
  -5.923744e+02   1.804504e+03  -3.097603e-02;
  -1.212574e-02  -3.097603e-02   1.331182e-03]
l=[ ...        
   9.025168e-09  -2.309621e-07  -3.532932e-09;
  -1.135984e-07   1.159212e-07   1.231428e-07;
  -2.063090e-07   1.652878e-07   1.133608e-08]
d=[ ...        
   9.025168e-09  -1.722803e-07  -1.049210e-07;
  -1.722803e-07   1.159212e-07   1.442153e-07;
  -1.049210e-07   1.442153e-07   1.133608e-08]
     iteration=        2700000       process=              2       (i,j,k)=              0              1              0       (x,y,z)=   5.000000e-03   1.500000e-02   5.253276e-03     particles=             81
fabric=[ ...   
   3.310370e-01  -4.672584e-04   1.666081e-03;
  -4.672584e-04   3.223791e-01   1.542556e-02;
   1.666081e-03   1.542556e-02   3.465839e-01]
sigma=[ ...    
  -2.983152e+02  -7.140083e+00   2.962944e+01;
  -7.140193e+00  -2.536684e+02  -3.484690e+01;
   2.962949e+01  -3.484673e+01  -2.910690e+02]
sigmaDot=[ ... 
  -5.093323e-01  -3.982572e+00   9.322516e-01;
  -3.629670e+00  -9.153508e-01   2.053423e-01;
   1.022323e+00  -1.207956e-01   1.835795e+00]
intgraE=[ ...  
   1.494159e+01  -1.572971e+01  -2.006594e-01;
  -1.572971e+01   1.588430e+01   2.068186e-01;
  -2.006594e-01   2.068186e-01  -4.973761e-01]
E=[ ...        
   3.416823e+05   1.212481e+05   6.569948e+02;
   1.212481e+05   1.985405e+05   3.805285e+01;
   6.569948e+02   3.805285e+01   1.009866e+00]
e=[ ...        
  -6.680194e+01   6.542628e+01   1.547289e+01;
   6.542628e+01  -6.310290e+01  -1.504167e+01;
   1.547289e+01  -1.504167e+01  -3.057256e+00]
intgraF=[ ...  
   4.292471e+00  -4.910626e+00  -5.941067e-02;
   1.161943e+00  -9.048402e-01  -1.383095e-02;
   3.332831e+00  -2.799219e+00  -3.907473e-02]
F=[ ...        
  -4.851190e+02   4.748232e+01  -1.251452e+00;
  -3.665813e+02   1.904545e+02  -1.065028e+00;
  -5.600387e+02  -5.987941e+02  -5.650806e-01]
R=[ ...        
  -6.540538e-01   2.627194e-01  -7.093604e-01;
  -5.545858e-01   4.712003e-01   6.858607e-01;
  -5.144397e-01  -8.419910e-01   1.624900e-01]
U=[ ...        
   8.087009e+02   1.713641e+02   1.699866e+00;
   1.713641e+02   6.063960e+02  -3.548295e-01;
   1.699866e+00  -3.548295e-01   6.545001e-02]
l=[ ...        
   1.337831e-03  -5.019851e-04  -6.059491e-03;
  -5.725676e-03   2.850038e-04   1.071305e-03;
   5.728066e-05   8.915201e-06   1.475980e-04]
d=[ ...        
   1.337831e-03  -3.113830e-03  -3.001105e-03;
  -3.113830e-03   2.850038e-04   5.401100e-04;
  -3.001105e-03   5.401100e-04   1.475980e-04]
     iteration=        2700000       process=              3       (i,j,k)=              0              1              1       (x,y,z)=   5.000000e-03   1.500000e-02   1.575983e-02     particles=             39
fabric=[ ...   
   3.401313e-01   1.699060e-02   1.979445e-02;
   1.699060e-02   3.265708e-01   1.317145e-03;
   1.979445e-02   1.317145e-03   3.332979e-01]
sigma=[ ...    
  -1.011303e+02  -1.033531e+01  -9.156068e+00;
  -1.033705e+01  -8.794153e+01  -1.332927e+00;
  -9.152860e+00  -1.333288e+00  -1.335954e+02]
sigmaDot=[ ... 
  -5.533274e+00  -3.169997e+00  -2.156624e+00;
  -1.977303e+00  -6.059140e+00   8.752627e-01;
  -1.951620e+00   8.454123e-01  -5.540044e+00]
intgraE=[ ...  
  -4.111339e-02   7.395219e-02  -3.250967e-02;
   7.395219e-02   7.158014e-02  -4.380868e-02;
  -3.250967e-02  -4.380868e-02  -1.447513e-01]
E=[ ...        
   5.584074e+05  -5.781960e+05   7.770012e+00;
  -5.781960e+05   9.122136e+05  -4.546825e-01;
   7.770012e+00  -4.546825e-01  -4.995273e-01]
e=[ ...        
   3.709364e-01   6.266997e+00   1.179789e+01;
   6.266997e+00  -3.038136e+02  -5.728832e+02;
   1.179789e+01  -5.728832e+02  -1.077977e+03]
intgraF=[ ...  
   9.471465e-01  -1.347466e-04  -9.096780e-02;
   1.362075e-01   1.067701e+00  -1.257955e-01;
   4.619818e-02   5.634627e-02   8.284913e-01]
F=[ ...        
  -5.269903e+02  -1.406791e+02  -2.413325e-02;
  -8.113476e+02   1.185737e+03   5.998172e-03;
   4.252201e+02  -6.313986e+02   1.808155e-02]
R=[ ...        
  -8.706173e-01  -4.918652e-01  -9.706364e-03;
  -4.383680e-01   7.666685e-01   4.690980e-01;
   2.232914e-01  -4.126598e-01   8.830928e-01]
U=[ ...        
   9.094237e+02  -5.382976e+02   2.241887e-02;
  -5.382976e+02   1.238815e+03   9.007385e-03;
   2.241887e-02   9.007385e-03   1.901566e-02]
l=[ ...        
  -6.565115e-08   1.674224e-09  -1.154956e-07;
   5.616889e-08  -4.940795e-08   9.210368e-08;
   2.724087e-08  -1.526712e-07  -6.817786e-08]
d=[ ...        
  -6.565115e-08   2.892156e-08  -4.412738e-08;
   2.892156e-08  -4.940795e-08  -3.028376e-08;
  -4.412738e-08  -3.028376e-08  -6.817786e-08]
     iteration=        2700000       process=              4       (i,j,k)=              1              0              0       (x,y,z)=   1.500000e-02   5.000000e-03   5.253276e-03     particles=             77
fabric=[ ...   
   3.322083e-01   4.588802e-03  -1.145034e-02;
   4.588802e-03   3.198965e-01   2.025932e-02;
  -1.145034e-02   2.025932e-02   3.478952e-01]
sigma=[ ...    
  -2.893944e+02   1.829517e+01  -3.931865e+00;
   1.829685e+01  -2.591497e+02  -4.830394e+01;
  -3.925344e+00  -4.830745e+01  -3.700685e+02]
sigmaDot=[ ... 
  -2.084562e+02   7.052910e+01   6.842212e+02;
  -4.824628e+02   5.206689e+00  -4.092420e+02;
  -2.897172e+01   9.555924e+02   1.798746e+02]
intgraE=[ ...  
   1.997193e+01  -1.506929e+00   1.549253e-02;
  -1.506929e+00   2.807001e+00   2.983765e-02;
   1.549253e-02   2.983765e-02  -4.996866e-01]
E=[ ...        
   1.458586e+06  -7.915613e+05   8.648100e+00;
  -7.915613e+05   4.651380e+05  -4.766093e+00;
   8.648100e+00  -4.766093e+00  -4.996759e-01]
e=[ ...        
  -7.130864e+02   2.837050e+02   2.542186e+02;
   2.837050e+02  -1.122944e+02  -1.010713e+02;
   2.542186e+02  -1.010713e+02  -9.006660e+01]
intgraF=[ ...  
   4.235460e+00   9.829347e-01   1.482432e-02;
   8.721552e-01   1.543402e+00   1.753231e-02;
   4.716364e+00  -1.807139e+00  -9.985157e-03]
F=[ ...        
  -7.236190e+00  -1.216682e+02  -2.038549e-02;
  -1.149856e+03   4.504019e+02   1.728015e-03;
   1.262914e+03  -8.441634e+02   1.515199e-02]
R=[ ...        
  -2.039290e-01  -4.244917e-01  -8.821676e-01;
  -8.860332e-01  -3.032112e-01   3.507253e-01;
   4.163631e-01  -8.531528e-01   3.142802e-01]
U=[ ...        
   1.546117e+03  -7.257378e+02   8.934841e-03;
  -7.257378e+02   6.352806e+02  -4.797441e-03;
   8.934841e-03  -4.797441e-03   2.335145e-02]
l=[ ...        
  -8.976050e-07   5.367954e-04   3.901804e-04;
   1.686909e-06   7.130135e-05   6.136325e-05;
   1.084937e-06  -1.698548e-05  -1.609841e-06]
d=[ ...        
  -8.976050e-07   2.692412e-04   1.956326e-04;
   2.692412e-04   7.130135e-05   2.218888e-05;
   1.956326e-04   2.218888e-05  -1.609841e-06]
     iteration=        2700000       process=              5       (i,j,k)=              1              0              1       (x,y,z)=   1.500000e-02   5.000000e-03   1.575983e-02     particles=             35
fabric=[ ...   
   3.330019e-01   1.096332e-02   3.956544e-03;
   1.096332e-02   3.613500e-01   2.199393e-03;
   3.956544e-03   2.199393e-03   3.056481e-01]
sigma=[ ...    
  -1.121214e+02  -1.633566e+00   9.795375e-01;
  -1.633580e+00  -1.197419e+02   1.528872e+01;
   9.791216e-01   1.528897e+01  -1.337096e+02]
sigmaDot=[ ... 
   1.854865e+01   8.188209e+00   3.071377e+01;
   2.066879e+01  -2.377144e+01  -2.507350e+01;
   2.402261e+01  -1.992654e+01   6.492176e+01]
intgraE=[ ...  
  -9.614587e-03   1.044754e-02  -6.499425e-02;
   1.044754e-02   4.347374e-02   1.493198e-01;
  -6.499425e-02   1.493198e-01  -4.027498e-01]
E=[ ...        
   1.446285e+06  -4.948988e+05  -6.632022e+03;
  -4.948988e+05   9.678349e+05   9.123866e+03;
  -6.632022e+03   9.123866e+03   1.197083e+02]
e=[ ...        
   4.994273e-01  -2.034181e-03   3.976825e-04;
  -2.034181e-03   4.927722e-01   1.413318e-03;
   3.976825e-04   1.413318e-03   4.997233e-01]
intgraF=[ ...  
   9.892159e-01   2.952770e-02  -1.144070e-01;
   2.639674e-03   1.015634e+00   2.124688e-01;
  -4.707106e-02   2.335858e-01   3.691455e-01]
F=[ ...        
  -1.124083e+03   1.271325e+03   1.067151e+01;
   5.422837e+02  -2.595664e+02  -1.056540e+01;
   1.155394e+03   5.020246e+02   3.861076e+00]
R=[ ...        
  -5.138166e-01   8.180652e-01  -2.583831e-01;
   3.000325e-01  -1.108089e-01  -9.474713e-01;
   8.037244e-01   5.643498e-01   1.885107e-01]
U=[ ...        
   1.668894e+03  -3.276168e+02  -5.549920e+00;
  -3.276168e+02   1.352107e+03   1.207973e+01;
  -5.549920e+00   1.207973e+01   7.980928e+00]
l=[ ...        
  -1.358566e-07   2.095502e-06   2.921465e-06;
  -3.649524e-07   2.928479e-07   6.090211e-07;
  -1.486794e-06   4.665753e-07   2.965161e-07]
d=[ ...        
  -1.358566e-07   8.652747e-07   7.173357e-07;
   8.652747e-07   2.928479e-07   5.377982e-07;
   7.173357e-07   5.377982e-07   2.965161e-07]
     iteration=        2700000       process=              6       (i,j,k)=              1              1              0       (x,y,z)=   1.500000e-02   1.500000e-02   5.253276e-03     particles=             70
fabric=[ ...   
   3.125250e-01  -1.752909e-03   1.017001e-02;
  -1.752909e-03   3.303288e-01   2.054209e-02;
   1.017001e-02   2.054209e-02   3.571462e-01]
sigma=[ ...    
  -3.143522e+02  -4.057126e+01   1.809573e+01;
  -4.056727e+01  -3.491306e+02   2.118264e+01;
   1.809713e+01   2.119372e+01  -3.556219e+02]
sigmaDot=[ ... 
  -1.635907e+01   2.342457e-01  -1.215655e+00;
   1.011468e+00  -2.483908e+01  -5.282914e+00;
  -3.646982e+00  -4.804411e+00  -1.586376e+01]
intgraE=[ ...  
   3.571340e-01  -8.509487e-01  -3.526207e-02;
  -8.509487e-01   3.545632e-01   3.694173e-02;
  -3.526207e-02   3.694173e-02  -4.981656e-01]
E=[ ...        
   1.246896e+06  -1.012142e+06   5.705375e-01;
  -1.012142e+06   8.514218e+05   4.323845e-01;
   5.705375e-01   4.323845e-01  -4.999361e-01]
e=[ ...        
  -4.603761e+02  -1.105057e+03   1.303569e+03;
  -1.105057e+03  -2.649128e+03   3.125607e+03;
   1.303569e+03   3.125607e+03  -3.686591e+03]
intgraF=[ ...  
   4.845382e-01  -6.108035e-01  -4.565923e-02;
  -1.112810e+00   1.057323e+00   3.609456e-02;
  -4.910653e-01   4.670254e-01   1.676787e-02]
F=[ ...        
   5.932984e+02  -2.643301e+02   4.559231e-03;
  -1.213117e+03   1.019342e+03  -4.870490e-03;
  -8.186189e+02   7.706592e+02   9.128040e-03]
R=[ ...        
   8.188605e-01   5.115527e-01  -2.603484e-01;
  -5.469305e-01   5.577472e-01  -6.243277e-01;
  -1.741679e-01   6.536298e-01   7.365010e-01]
U=[ ...        
   1.291897e+03  -9.081830e+02   4.807383e-03;
  -9.081830e+02   9.370423e+02   5.582144e-03;
   4.807383e-03   5.582144e-03   8.576603e-03]
l=[ ...        
   1.949650e-02  -3.852542e-03   3.046483e-02;
  -1.715141e-01  -5.814183e-02   7.204989e-02;
  -3.763571e-02   5.363296e-03  -1.599828e-02]
d=[ ...        
   1.949650e-02  -8.768331e-02  -3.585442e-03;
  -8.768331e-02  -5.814183e-02   3.870659e-02;
  -3.585442e-03   3.870659e-02  -1.599828e-02]
     iteration=        2700000       process=              7       (i,j,k)=              1              1              1       (x,y,z)=   1.500000e-02   1.500000e-02   1.575983e-02     particles=             48
fabric=[ ...   
   3.295687e-01  -1.015338e-02  -9.363665e-03;
  -1.015338e-02   3.120910e-01  -6.333302e-03;
  -9.363665e-03  -6.333302e-03   3.583403e-01]
sigma=[ ...    
  -7.722519e+01   4.712924e-01   1.206930e+01;
   4.712937e-01  -7.538289e+01   4.095058e+00;
   1.206933e+01   4.095060e+00  -1.001976e+02]
sigmaDot=[ ... 
   5.716428e+00   1.321589e+00  -1.894875e+00;
   8.360584e-01   6.068148e+00   5.066598e+00;
  -3.090030e+00   4.514572e+00   6.150865e-01]
intgraE=[ ...  
   1.740594e-02   7.398291e-02  -9.779643e-02;
   7.398291e-02   1.064827e-02  -3.851894e-02;
  -9.779643e-02  -3.851894e-02  -4.664300e-01]
E=[ ...        
   6.940563e+05  -5.277906e+05   1.521941e+01;
  -5.277906e+05   4.208986e+05  -1.237949e+01;
   1.521941e+01  -1.237949e+01  -4.996319e-01]
e=[ ...        
  -2.902024e+04  -1.319115e+04  -7.422770e+04;
  -1.319115e+04  -5.995433e+03  -3.373961e+04;
  -7.422770e+04  -3.373961e+04  -1.898551e+05]
intgraF=[ ...  
   1.008011e+00   2.683121e-02  -1.737981e-01;
   1.045809e-01   9.911030e-01  -3.574202e-02;
  -8.825155e-02  -1.956823e-01   1.888298e-01]
F=[ ...        
  -6.868624e+02   6.663999e+02  -2.046772e-02;
  -8.595599e+02   5.223412e+02  -1.319020e-02;
   4.212961e+02  -3.533681e+02   1.196912e-02]
R=[ ...        
  -9.087297e-02   9.288243e-01   3.592039e-01;
  -9.737723e-01  -1.584258e-01   1.633060e-01;
   2.085898e-01  -3.349427e-01   9.188600e-01]
U=[ ...        
   9.873109e+02  -6.429081e+02   1.720085e-02;
  -6.429081e+02   6.545742e+02  -2.093021e-02;
   1.720085e-02  -2.093021e-02   1.491818e-03]
l=[ ...        
   5.435870e-08   8.164765e-08   4.392077e-08;
  -2.038996e-07   7.324376e-08   4.741474e-07;
  -1.635360e-07   6.797121e-08   1.909055e-08]
d=[ ...        
   5.435870e-08  -6.112597e-08  -5.980761e-08;
  -6.112597e-08   7.324376e-08   2.710593e-07;
  -5.980761e-08   2.710593e-07   1.909055e-08]
