     iteration=        3150000       process=              0       (i,j,k)=              0              0              0       (x,y,z)=   5.000000e-03   5.000000e-03   5.253276e-03     particles=             80
fabric=[ ...   
   3.406781e-01   6.658599e-03  -4.516899e-04;
   6.658599e-03   3.072634e-01   5.968919e-04;
  -4.516899e-04   5.968919e-04   3.520585e-01]
sigma=[ ...    
  -3.167553e+02  -2.422897e+01   2.404609e+01;
  -2.422912e+01  -2.445205e+02  -2.609720e+01;
   2.404612e+01  -2.609725e+01  -3.730372e+02]
sigmaDot=[ ... 
  -1.454417e+01   1.062218e+01  -9.699618e+00;
   7.781696e+00  -1.468108e+01   1.498349e+00;
  -9.171037e+00   2.140035e+00  -1.635473e+01]
intgraE=[ ...  
   4.533945e+01  -1.806309e+01  -6.086724e-02;
  -1.806309e+01   1.188900e+01   8.605660e-03;
  -6.086724e-02   8.605660e-03  -4.998743e-01]
E=[ ...        
   1.868777e+05  -5.200517e+04  -1.986259e+00;
  -5.200517e+04   8.849768e+05   1.433635e+00;
  -1.986259e+00   1.433635e+00  -4.997945e-01]
e=[ ...        
  -4.123689e+01  -4.159003e+00  -2.347713e+02;
  -4.159003e+00   8.556234e-02  -2.339452e+01;
  -2.347713e+02  -2.339452e+01  -1.320095e+03]
intgraF=[ ...  
   6.093139e+00  -3.971161e+00  -3.534959e-03;
  -5.131930e-01   2.635776e+00  -6.446416e-03;
  -7.368120e+00   1.435467e+00   1.404751e-02]
F=[ ...        
   5.033001e+02  -8.526118e+02  -2.718244e-03;
  -3.368558e+02  -1.007128e+03   2.800353e-03;
  -8.350766e+01   1.694160e+02   1.989172e-02]
R=[ ...        
   7.726768e-01  -6.102021e-01   1.749972e-01;
  -6.221018e-01  -7.827420e-01   1.744465e-02;
  -1.263329e-01   1.223452e-01   9.844144e-01]
U=[ ...        
   6.089967e+02  -5.366032e+01  -6.355407e-03;
  -5.366032e+01   1.329314e+03   1.900380e-03;
  -6.355407e-03   1.900380e-03   1.915486e-02]
l=[ ...        
  -1.881549e-02  -2.607813e-03   8.090567e-04;
  -1.713877e-02  -2.376154e-03   7.372826e-04;
  -9.733307e-05  -1.388510e-05   4.425843e-06]
d=[ ...        
  -1.881549e-02  -9.873294e-03   3.558618e-04;
  -9.873294e-03  -2.376154e-03   3.616988e-04;
   3.558618e-04   3.616988e-04   4.425843e-06]
     iteration=        3150000       process=              1       (i,j,k)=              0              0              1       (x,y,z)=   5.000000e-03   5.000000e-03   1.575983e-02     particles=             46
fabric=[ ...   
   3.564787e-01  -1.130125e-02   2.350287e-02;
  -1.130125e-02   3.196542e-01   3.392484e-04;
   2.350287e-02   3.392484e-04   3.238671e-01]
sigma=[ ...    
  -6.731140e+01   8.040916e+00   7.599365e-01;
   8.040915e+00  -7.668559e+01   1.506875e+00;
   7.598612e-01   1.506899e+00  -1.060275e+02]
sigmaDot=[ ... 
   1.112946e+01  -1.068653e+00  -5.210252e-01;
   4.903368e+00  -7.805100e-01  -1.570869e+00;
  -1.520432e+00  -4.388984e+00  -1.036327e+01]
intgraE=[ ...  
   9.541107e-02  -6.456878e-02  -6.784939e-01;
  -6.456878e-02   1.150404e-02   3.409815e-01;
  -6.784939e-01   3.409815e-01   3.604720e+00]
E=[ ...        
   6.649840e+05  -8.275411e+05   3.175638e+00;
  -8.275411e+05   1.803571e+06  -2.435673e+01;
   3.175638e+00  -2.435673e+01  -4.994458e-01]
e=[ ...        
  -1.548447e+05  -7.116523e+04   1.213614e+05;
  -7.116523e+04  -3.270628e+04   5.577640e+04;
   1.213614e+05   5.577640e+04  -9.511761e+04]
intgraF=[ ...  
   9.981293e-01   3.866717e-04  -9.610481e-02;
  -3.448875e-02   9.878713e-01   6.129177e-02;
  -4.397393e-01   2.170674e-01   2.862944e+00]
F=[ ...        
   4.045325e+02  -1.217120e+03   1.976895e-02;
  -1.073970e+03   1.174091e+03  -1.298042e-03;
  -1.136228e+02  -8.644495e+02   2.675489e-02]
R=[ ...        
   6.245681e-03  -6.724523e-01  -7.401141e-01;
  -8.660895e-01   3.663227e-01  -3.401420e-01;
  -4.998499e-01  -6.431295e-01   5.801160e-01]
U=[ ...        
   9.894754e+02  -5.923744e+02  -1.212574e-02;
  -5.923744e+02   1.804504e+03  -3.097603e-02;
  -1.212574e-02  -3.097603e-02   1.331182e-03]
l=[ ...        
   3.238339e-07  -5.596295e-08  -4.906251e-08;
  -1.656142e-07  -8.850318e-08   2.017329e-07;
  -2.114582e-07   8.636460e-09   1.239814e-07]
d=[ ...        
   3.238339e-07  -1.107886e-07  -1.302603e-07;
  -1.107886e-07  -8.850318e-08   1.051847e-07;
  -1.302603e-07   1.051847e-07   1.239814e-07]
     iteration=        3150000       process=              2       (i,j,k)=              0              1              0       (x,y,z)=   5.000000e-03   1.500000e-02   5.253276e-03     particles=             81
fabric=[ ...   
   3.310455e-01  -4.626305e-04   1.547508e-03;
  -4.626305e-04   3.223675e-01   1.545325e-02;
   1.547508e-03   1.545325e-02   3.465870e-01]
sigma=[ ...    
  -2.983353e+02  -7.125197e+00   2.963267e+01;
  -7.125208e+00  -2.536705e+02  -3.484162e+01;
   2.963271e+01  -3.484161e+01  -2.910456e+02]
sigmaDot=[ ... 
  -1.691257e+00   1.976065e+00  -3.304992e-02;
   1.589702e+00  -1.424373e+00   1.500596e+00;
   4.381411e-01   1.620448e+00   1.176341e+00]
intgraE=[ ...  
   1.494022e+01  -1.572855e+01  -2.006430e-01;
  -1.572855e+01   1.588344e+01   2.068053e-01;
  -2.006430e-01   2.068053e-01  -4.973763e-01]
E=[ ...        
   3.428256e+05   1.217553e+05   6.582821e+02;
   1.217553e+05   1.984030e+05   3.940163e+01;
   6.582821e+02   3.940163e+01   1.009528e+00]
e=[ ...        
  -6.257830e+01   6.129040e+01   1.416404e+01;
   6.129040e+01  -5.905317e+01  -1.376257e+01;
   1.416404e+01  -1.376257e+01  -2.680493e+00]
intgraF=[ ...  
   4.292397e+00  -4.910640e+00  -5.941034e-02;
   1.161056e+00  -9.038237e-01  -1.381867e-02;
   3.332824e+00  -2.799213e+00  -3.907465e-02]
F=[ ...        
  -4.847185e+02   4.784730e+01  -1.250990e+00;
  -3.692953e+02   1.877597e+02  -1.065276e+00;
  -5.606434e+02  -5.993863e+02  -5.650374e-01]
R=[ ...        
  -6.529582e-01   2.638442e-01  -7.099520e-01;
  -5.567853e-01   4.682432e-01   6.861038e-01;
  -5.134547e-01  -8.432879e-01   1.588387e-01]
U=[ ...        
   8.099841e+02   1.719736e+02   1.700095e+00;
   1.719736e+02   6.059966e+02  -3.523856e-01;
   1.700095e+00  -3.523856e-01   6.750351e-02]
l=[ ...        
   3.572204e-03  -6.852791e-04  -7.439970e-03;
  -1.321692e-02   5.068002e-04   4.642494e-04;
   3.442659e-05  -2.289384e-06  -1.452719e-05]
d=[ ...        
   3.572204e-03  -6.951100e-03  -3.702772e-03;
  -6.951100e-03   5.068002e-04   2.309800e-04;
  -3.702772e-03   2.309800e-04  -1.452719e-05]
     iteration=        3150000       process=              3       (i,j,k)=              0              1              1       (x,y,z)=   5.000000e-03   1.500000e-02   1.575983e-02     particles=             39
fabric=[ ...   
   3.401080e-01   1.705870e-02   1.986138e-02;
   1.705870e-02   3.266026e-01   1.346280e-03;
   1.986138e-02   1.346280e-03   3.332894e-01]
sigma=[ ...    
  -1.011745e+02  -1.030419e+01  -9.155963e+00;
  -1.030501e+01  -8.801096e+01  -1.341793e+00;
  -9.153570e+00  -1.342100e+00  -1.335936e+02]
sigmaDot=[ ... 
  -4.831955e+00   9.914898e+00   3.088213e+00;
   3.763327e-01   2.757893e+00   2.611213e+00;
  -8.965479e-01   4.596444e+00  -1.419449e+00]
intgraE=[ ...  
  -4.111339e-02   7.395219e-02  -3.250967e-02;
   7.395219e-02   7.158015e-02  -4.380867e-02;
  -3.250967e-02  -4.380867e-02  -1.447513e-01]
E=[ ...        
   5.584151e+05  -5.647665e+05   8.693434e+00;
  -5.647665e+05   8.727622e+05  -2.177603e+00;
   8.693434e+00  -2.177603e+00  -4.995796e-01]
e=[ ...        
  -5.473955e+00   5.089293e+01   8.969006e+01;
   5.089293e+01  -4.330638e+02  -7.640819e+02;
   8.969006e+01  -7.640819e+02  -1.346063e+03]
intgraF=[ ...  
   9.471465e-01  -1.347475e-04  -9.096779e-02;
   1.362075e-01   1.067701e+00  -1.257955e-01;
   4.619818e-02   5.634628e-02   8.284913e-01]
F=[ ...        
  -5.270124e+02  -1.386590e+02  -2.390447e-02;
  -8.113191e+02   1.138750e+03   2.592226e-03;
   4.252652e+02  -6.553980e+02   1.620645e-02]
R=[ ...        
  -8.663888e-01  -4.960047e-01  -5.787687e-02;
  -4.569062e-01   7.406042e-01   4.926887e-01;
   2.015121e-01  -4.533043e-01   8.682788e-01]
U=[ ...        
   9.129905e+02  -5.322402e+02   2.279196e-02;
  -5.322402e+02   1.209234e+03   6.430092e-03;
   2.279196e-02   6.430092e-03   1.673239e-02]
l=[ ...        
   3.361099e-08   3.841409e-08   8.894679e-08;
  -5.356869e-08   1.142668e-07  -2.898994e-07;
  -1.245620e-08   2.666736e-07  -6.811363e-08]
d=[ ...        
   3.361099e-08  -7.577299e-09   3.824530e-08;
  -7.577299e-09   1.142668e-07  -1.161289e-08;
   3.824530e-08  -1.161289e-08  -6.811363e-08]
     iteration=        3150000       process=              4       (i,j,k)=              1              0              0       (x,y,z)=   1.500000e-02   5.000000e-03   5.253276e-03     particles=             77
fabric=[ ...   
   3.321934e-01   4.591242e-03  -1.143119e-02;
   4.591242e-03   3.199173e-01   2.027641e-02;
  -1.143119e-02   2.027641e-02   3.478893e-01]
sigma=[ ...    
  -2.894284e+02   1.831910e+01  -4.007297e+00;
   1.831815e+01  -2.593108e+02  -4.836231e+01;
  -3.998853e+00  -4.835099e+01  -3.701957e+02]
sigmaDot=[ ... 
   4.545874e+01   1.375317e+02  -3.664589e+01;
   1.249784e+02  -1.454216e+01   3.575390e+01;
  -1.830707e+02  -1.995301e+02   9.900798e+01]
intgraE=[ ...  
   1.997194e+01  -1.506894e+00   1.549290e-02;
  -1.506894e+00   2.806987e+00   2.983757e-02;
   1.549290e-02   2.983757e-02  -4.996866e-01]
E=[ ...        
   1.458625e+06  -7.915945e+05   8.648131e+00;
  -7.915945e+05   4.651645e+05  -4.766104e+00;
   8.648131e+00  -4.766104e+00  -4.996759e-01]
e=[ ...        
  -7.130600e+02   2.837032e+02   2.542237e+02;
   2.837032e+02  -1.122971e+02  -1.010764e+02;
   2.542237e+02  -1.010764e+02  -9.007361e+01]
intgraF=[ ...  
   4.235462e+00   9.829399e-01   1.482437e-02;
   8.721552e-01   1.543401e+00   1.753230e-02;
   4.716363e+00  -1.807129e+00  -9.985059e-03]
F=[ ...        
  -7.219299e+00  -1.216848e+02  -2.038565e-02;
  -1.149864e+03   4.504111e+02   1.727985e-03;
   1.262937e+03  -8.441876e+02   1.515201e-02]
R=[ ...        
  -2.039288e-01  -4.245090e-01  -8.821593e-01;
  -8.860311e-01  -3.032087e-01   3.507327e-01;
   4.163676e-01  -8.531451e-01   3.142952e-01]
U=[ ...        
   1.546134e+03  -7.257555e+02   8.934979e-03;
  -7.257555e+02   6.353022e+02  -4.796907e-03;
   8.934979e-03  -4.796907e-03   2.335166e-02]
l=[ ...        
   5.327159e-07   4.047479e-04   2.944483e-04;
  -6.843917e-07   6.353901e-05   4.521750e-05;
  -8.882195e-08   3.124790e-05  -5.779938e-06]
d=[ ...        
   5.327159e-07   2.020318e-04   1.471797e-04;
   2.020318e-04   6.353901e-05   3.823270e-05;
   1.471797e-04   3.823270e-05  -5.779938e-06]
     iteration=        3150000       process=              5       (i,j,k)=              1              0              1       (x,y,z)=   1.500000e-02   5.000000e-03   1.575983e-02     particles=             35
fabric=[ ...   
   3.330019e-01   1.096332e-02   3.956546e-03;
   1.096332e-02   3.613500e-01   2.199395e-03;
   3.956546e-03   2.199395e-03   3.056481e-01]
sigma=[ ...    
  -1.119312e+02  -1.450341e+00   9.145819e-01;
  -1.450302e+00  -1.198150e+02   1.516036e+01;
   9.145738e-01   1.516028e+01  -1.336925e+02]
sigmaDot=[ ... 
  -1.470044e+01  -7.515395e+00   2.302006e+01;
   3.175398e+00  -2.389048e+01  -3.025075e+01;
   1.603333e+01  -1.862051e+01  -2.830683e+01]
intgraE=[ ...  
  -9.614597e-03   1.044759e-02  -6.499422e-02;
   1.044759e-02   4.347368e-02   1.493197e-01;
  -6.499422e-02   1.493197e-01  -4.027499e-01]
E=[ ...        
   1.446285e+06  -4.948989e+05  -6.632022e+03;
  -4.948989e+05   9.678349e+05   9.123867e+03;
  -6.632022e+03   9.123867e+03   1.197083e+02]
e=[ ...        
   4.994273e-01  -2.034181e-03   3.976824e-04;
  -2.034181e-03   4.927722e-01   1.413318e-03;
   3.976824e-04   1.413318e-03   4.997233e-01]
intgraF=[ ...  
   9.892159e-01   2.952783e-02  -1.144070e-01;
   2.639652e-03   1.015634e+00   2.124687e-01;
  -4.707107e-02   2.335858e-01   3.691455e-01]
F=[ ...        
  -1.124083e+03   1.271325e+03   1.067151e+01;
   5.422837e+02  -2.595664e+02  -1.056540e+01;
   1.155394e+03   5.020246e+02   3.861076e+00]
R=[ ...        
  -5.138166e-01   8.180652e-01  -2.583831e-01;
   3.000325e-01  -1.108089e-01  -9.474713e-01;
   8.037244e-01   5.643499e-01   1.885106e-01]
U=[ ...        
   1.668894e+03  -3.276168e+02  -5.549920e+00;
  -3.276168e+02   1.352107e+03   1.207973e+01;
  -5.549920e+00   1.207973e+01   7.980928e+00]
l=[ ...        
  -1.567272e-07   6.793460e-07   2.469425e-07;
   1.048817e-07  -6.690676e-07  -8.593166e-07;
   1.080000e-06   3.059515e-07  -6.886526e-08]
d=[ ...        
  -1.567272e-07   3.921139e-07   6.634712e-07;
   3.921139e-07  -6.690676e-07  -2.766825e-07;
   6.634712e-07  -2.766825e-07  -6.886526e-08]
     iteration=        3150000       process=              6       (i,j,k)=              1              1              0       (x,y,z)=   1.500000e-02   1.500000e-02   5.253276e-03     particles=             70
fabric=[ ...   
   3.126248e-01  -2.429537e-03   1.072898e-02;
  -2.429537e-03   3.300403e-01   2.123914e-02;
   1.072898e-02   2.123914e-02   3.573349e-01]
sigma=[ ...    
  -3.141122e+02  -4.054271e+01   1.807531e+01;
  -4.054549e+01  -3.489452e+02   2.115689e+01;
   1.807357e+01   2.115117e+01  -3.553199e+02]
sigmaDot=[ ... 
   3.750753e+01   2.481916e+00   4.823233e+00;
   1.835649e+00   2.230216e+01  -1.972905e-01;
   5.377684e+00   1.355821e+00   3.740457e+01]
intgraE=[ ...  
   3.537605e-01  -8.472932e-01  -3.506131e-02;
  -8.472932e-01   3.506527e-01   3.673448e-02;
  -3.506131e-02   3.673448e-02  -4.981755e-01]
E=[ ...        
   1.249725e+06  -1.015253e+06   5.345362e-01;
  -1.015253e+06   8.546846e+05   4.598088e-01;
   5.345362e-01   4.598088e-01  -4.999362e-01]
e=[ ...        
  -4.481817e+02  -1.081493e+03   1.292015e+03;
  -1.081493e+03  -2.606310e+03   3.114247e+03;
   1.292015e+03   3.114247e+03  -3.719962e+03]
intgraF=[ ...  
   4.847900e-01  -6.109781e-01  -4.565512e-02;
  -1.109729e+00   1.053639e+00   3.584056e-02;
  -4.909183e-01   4.667499e-01   1.673629e-02]
F=[ ...        
   5.897136e+02  -2.610327e+02   4.558585e-03;
  -1.219145e+03   1.025540e+03  -4.799502e-03;
  -8.157052e+02   7.677885e+02   9.158304e-03]
R=[ ...        
   8.180093e-01   5.144534e-01  -2.572906e-01;
  -5.480341e-01   5.612021e-01  -6.202506e-01;
  -1.746980e-01   6.483748e-01   7.410066e-01]
U=[ ...        
   1.293026e+03  -9.096894e+02   4.759318e-03;
  -9.096894e+02   9.390610e+02   5.589702e-03;
   4.759318e-03   5.589702e-03   8.590377e-03]
l=[ ...        
   4.539569e-02   1.049714e-03  -1.653400e-02;
   2.753561e-01   5.187962e-02  -1.486995e-01;
  -3.387893e-02   2.260406e-03  -3.698429e-04]
d=[ ...        
   4.539569e-02   1.382029e-01  -2.520646e-02;
   1.382029e-01   5.187962e-02  -7.321955e-02;
  -2.520646e-02  -7.321955e-02  -3.698429e-04]
     iteration=        3150000       process=              7       (i,j,k)=              1              1              1       (x,y,z)=   1.500000e-02   1.500000e-02   1.575983e-02     particles=             48
fabric=[ ...   
   3.295687e-01  -1.015338e-02  -9.363665e-03;
  -1.015338e-02   3.120910e-01  -6.333302e-03;
  -9.363665e-03  -6.333302e-03   3.583403e-01]
sigma=[ ...    
  -7.722787e+01   4.753050e-01   1.205879e+01;
   4.753023e-01  -7.541030e+01   4.087564e+00;
   1.205880e+01   4.087568e+00  -1.002032e+02]
sigmaDot=[ ... 
   4.400832e-01  -1.700666e-01   2.648263e+00;
  -3.316502e-01   2.569277e+00   1.742820e+00;
   2.304030e+00   2.306468e+00   5.811357e-01]
intgraE=[ ...  
   1.740593e-02   7.398291e-02  -9.779643e-02;
   7.398291e-02   1.064828e-02  -3.851894e-02;
  -9.779643e-02  -3.851894e-02  -4.664300e-01]
E=[ ...        
   6.940563e+05  -5.277906e+05   1.521941e+01;
  -5.277906e+05   4.208986e+05  -1.237949e+01;
   1.521941e+01  -1.237949e+01  -4.996319e-01]
e=[ ...        
  -2.901496e+04  -1.318875e+04  -7.421417e+04;
  -1.318875e+04  -5.994341e+03  -3.373346e+04;
  -7.421417e+04  -3.373346e+04  -1.898205e+05]
intgraF=[ ...  
   1.008011e+00   2.683120e-02  -1.737981e-01;
   1.045809e-01   9.911030e-01  -3.574203e-02;
  -8.825155e-02  -1.956822e-01   1.888298e-01]
F=[ ...        
  -6.868624e+02   6.663999e+02  -2.046772e-02;
  -8.595599e+02   5.223412e+02  -1.319020e-02;
   4.212961e+02  -3.533681e+02   1.196912e-02]
R=[ ...        
  -9.087298e-02   9.288243e-01   3.592039e-01;
  -9.737723e-01  -1.584258e-01   1.633060e-01;
   2.085898e-01  -3.349427e-01   9.188600e-01]
U=[ ...        
   9.873109e+02  -6.429081e+02   1.720085e-02;
  -6.429081e+02   6.545742e+02  -2.093021e-02;
   1.720085e-02  -2.093021e-02   1.491818e-03]
l=[ ...        
  -3.996825e-09  -2.389177e-07   1.254565e-08;
   9.159846e-08   3.371469e-07  -1.202477e-07;
   4.428485e-08   3.944502e-07  -1.466576e-07]
d=[ ...        
  -3.996825e-09  -7.365961e-08   2.841525e-08;
  -7.365961e-08   3.371469e-07   1.371012e-07;
   2.841525e-08   1.371012e-07  -1.466576e-07]
