     iteration=         450000       process=              0       (i,j,k)=              0              0              0       (x,y,z)=   5.000000e-03   5.000000e-03   6.975074e-02     particles=            134
fabric=[ ...   
   3.175644e-01  -1.053031e-02  -2.392956e-02;
  -1.053031e-02   3.094855e-01   2.894263e-02;
  -2.392956e-02   2.894263e-02   3.729500e-01]
sigma=[ ...    
  -1.047753e+02   1.212857e+01   5.272532e+01;
   2.783867e+01  -7.204496e+01  -4.356054e+01;
   2.985587e+01  -4.609301e+01  -6.257628e+01]
sigmaDot=[ ... 
  -8.901180e+06   7.604466e+06   2.061337e+06;
   1.375017e+07  -3.103765e+06  -3.444979e+06;
   4.134710e+06  -9.184547e+06  -4.158578e+06]
intgraE=[ ...  
   1.081889e+01  -8.170853e+00  -1.258392e-02;
  -8.170853e+00   8.970338e+00  -5.029056e-03;
  -1.258392e-02  -5.029056e-03  -4.997743e-01]
E=[ ...        
   2.124301e+07  -4.459958e+06  -5.851284e+03;
  -4.459958e+06   9.493223e+05   1.224394e+03;
  -5.851284e+03   1.224394e+03   1.113074e+00]
e=[ ...        
  -2.127867e+03   1.400686e+03  -1.052053e+01;
   1.400686e+03  -9.212973e+02   6.923603e+00;
  -1.052053e+01   6.923603e+00   4.479969e-01]
intgraF=[ ...  
   4.590783e+00  -2.897411e+00  -3.014581e-03;
  -8.711505e-01   3.238178e+00  -7.294265e-03;
  -8.964280e-01   2.447295e-01   1.972601e-02]
F=[ ...        
  -1.037242e+02   1.102379e+02   1.141339e-02;
  -2.065375e+02   1.777379e+02   7.543399e-03;
  -6.514032e+03   1.361948e+03   1.796096e+00]
R=[ ...        
   9.499507e-02   5.417926e-01   8.351268e-01;
   1.363187e-01   8.239377e-01  -5.500398e-01;
  -9.861000e-01   1.660945e-01   4.413546e-03]
U=[ ...        
   6.385478e+03  -1.308316e+03  -1.769018e+00;
  -1.308316e+03   4.323831e+02   3.107206e-01;
  -1.769018e+00   3.107206e-01   1.330961e-02]
l=[ ...        
   9.518506e-02   9.002776e-01  -3.084931e-02;
  -4.199617e+00   7.471040e-01   2.163727e-02;
  -6.027256e+00  -1.377275e+00  -2.585111e+01]
d=[ ...        
   9.518506e-02  -1.649670e+00  -3.029053e+00;
  -1.649670e+00   7.471040e-01  -6.778189e-01;
  -3.029053e+00  -6.778189e-01  -2.585111e+01]
     iteration=         450000       process=              1       (i,j,k)=              0              0              1       (x,y,z)=   5.000000e-03   5.000000e-03   2.092522e-01     particles=             15
fabric=[ ...   
   0.000000e+00   0.000000e+00   0.000000e+00;
   0.000000e+00   0.000000e+00   0.000000e+00;
   0.000000e+00   0.000000e+00   0.000000e+00]
sigma=[ ...    
   0.000000e+00   0.000000e+00   0.000000e+00;
   0.000000e+00   0.000000e+00   0.000000e+00;
   0.000000e+00   0.000000e+00   0.000000e+00]
sigmaDot=[ ... 
   0.000000e+00   0.000000e+00   0.000000e+00;
   0.000000e+00   0.000000e+00   0.000000e+00;
   0.000000e+00   0.000000e+00   0.000000e+00]
intgraE=[ ...  
   1.038928e-01  -4.781913e-02  -6.244268e-01;
  -4.781913e-02   2.200989e-02   2.874073e-01;
  -6.244268e-01   2.874073e-01   3.252992e+00]
E=[ ...        
   2.426892e-08  -4.873662e-07   5.435171e-04;
  -4.873662e-07   9.787244e-06  -1.091486e-02;
   5.435171e-04  -1.091486e-02   1.167240e+01]
e=[ ...        
  -9.968835e-10   2.001932e-08   4.524850e-06;
   2.001932e-08  -4.020262e-07  -9.086762e-05;
   4.524850e-06  -9.086762e-05   4.794617e-01]
intgraF=[ ...  
   1.000000e+00   0.000000e+00   0.000000e+00;
   0.000000e+00   1.000000e+00   0.000000e+00;
  -4.558350e-01   2.098089e-01   2.739705e+00]
F=[ ...        
   1.000000e+00   2.568297e-18  -4.832921e-18;
   4.348828e-19   1.000000e+00   6.047331e-18;
   2.203130e-04  -4.424306e-03   4.934044e+00]
R=[ ...        
   1.000000e+00   1.384056e-08  -3.712695e-05;
   1.384056e-08   9.999997e-01   7.455801e-04;
   3.712695e-05  -7.455801e-04   9.999997e-01]
U=[ ...        
   1.000000e+00  -1.504205e-07   1.831860e-04;
  -1.504205e-07   1.000003e+00  -3.678725e-03;
   1.831860e-04  -3.678725e-03   4.934043e+00]
l=[ ...        
   0.000000e+00   0.000000e+00   0.000000e+00;
   0.000000e+00   0.000000e+00   0.000000e+00;
   1.636337e-04  -4.155555e-06   3.521305e+00]
d=[ ...        
   0.000000e+00   0.000000e+00   8.181686e-05;
   0.000000e+00   0.000000e+00  -2.077777e-06;
   8.181686e-05  -2.077777e-06   3.521305e+00]
     iteration=         450000       process=              2       (i,j,k)=              0              1              0       (x,y,z)=   5.000000e-03   1.500000e-02   6.975074e-02     particles=            105
fabric=[ ...   
   3.304540e-01   3.788053e-02   2.293592e-02;
   3.788053e-02   3.162813e-01   3.020326e-02;
   2.293592e-02   3.020326e-02   3.532648e-01]
sigma=[ ...    
  -1.618859e+02   9.729289e+00  -2.061553e+01;
  -6.869301e+00  -2.955174e+02   3.143132e+01;
  -4.722019e+01   4.394794e+01  -2.832313e+02]
sigmaDot=[ ... 
   9.560185e+06   5.152179e+06   3.805852e+07;
  -3.059880e+07   1.847887e+06   9.017264e+06;
   2.062841e+06  -4.428288e+07   7.967603e+06]
intgraE=[ ...  
   7.529908e+00  -9.216137e+00  -1.398491e-01;
  -9.216137e+00   1.020384e+01   1.633368e-01;
  -1.398491e-01   1.633368e-01  -4.971550e-01]
E=[ ...        
   2.101046e+09  -2.246329e+09  -2.321431e+04;
  -2.246329e+09   2.402555e+09   2.489756e+04;
  -2.321431e+04   2.489756e+04  -1.812512e-01]
e=[ ...        
  -4.822108e-01  -1.860664e+00   2.238332e-03;
  -1.860664e+00  -3.024775e+00   4.240231e-03;
   2.238332e-03   4.240231e-03   4.999949e-01]
intgraF=[ ...  
   3.424639e+00  -4.008368e+00  -4.834598e-02;
   1.078934e+00  -7.618206e-01  -1.253020e-02;
  -1.779765e+00   2.181809e+00   5.653073e-02]
F=[ ...        
   4.417671e+01  -1.231781e+03  -2.590039e-01;
  -1.013012e+02   7.336059e+02  -2.390485e-01;
  -6.482345e+04   6.930408e+04   7.164290e-01]
R=[ ...        
  -6.391546e-01  -6.111076e-01  -4.669357e-01;
   3.366588e-01   3.235599e-01  -8.842906e-01;
  -6.914784e-01   7.223964e-01   1.070020e-03]
U=[ ...        
   4.476167e+04  -4.688800e+04  -4.103294e-01;
  -4.688800e+04   5.105513e+04   5.984784e-01;
  -4.103294e-01   5.984784e-01   3.330932e-01]
l=[ ...        
  -5.592781e+00  -7.655876e-01  -1.063248e-01;
   4.077517e+00   6.796188e-01   8.091200e-02;
  -1.251494e+01   4.736975e+00  -2.041342e+01]
d=[ ...        
  -5.592781e+00   1.655964e+00  -6.310631e+00;
   1.655964e+00   6.796188e-01   2.408944e+00;
  -6.310631e+00   2.408944e+00  -2.041342e+01]
     iteration=         450000       process=              3       (i,j,k)=              0              1              1       (x,y,z)=   5.000000e-03   1.500000e-02   2.092522e-01     particles=              3
fabric=[ ...   
   0.000000e+00   0.000000e+00   0.000000e+00;
   0.000000e+00   0.000000e+00   0.000000e+00;
   0.000000e+00   0.000000e+00   0.000000e+00]
sigma=[ ...    
   0.000000e+00   0.000000e+00   0.000000e+00;
   0.000000e+00   0.000000e+00   0.000000e+00;
   0.000000e+00   0.000000e+00   0.000000e+00]
sigmaDot=[ ... 
   0.000000e+00   0.000000e+00   0.000000e+00;
   0.000000e+00   0.000000e+00   0.000000e+00;
   0.000000e+00   0.000000e+00   0.000000e+00]
intgraE=[ ...  
   0.000000e+00   0.000000e+00   0.000000e+00;
   0.000000e+00   0.000000e+00   0.000000e+00;
   0.000000e+00   0.000000e+00   0.000000e+00]
E=[ ...        
   0.000000e+00   0.000000e+00   0.000000e+00;
   0.000000e+00   0.000000e+00   0.000000e+00;
   0.000000e+00   0.000000e+00   0.000000e+00]
e=[ ...        
   0.000000e+00   0.000000e+00   0.000000e+00;
   0.000000e+00   0.000000e+00   0.000000e+00;
   0.000000e+00   0.000000e+00   0.000000e+00]
intgraF=[ ...  
   0.000000e+00   0.000000e+00   0.000000e+00;
   0.000000e+00   0.000000e+00   0.000000e+00;
   0.000000e+00   0.000000e+00   0.000000e+00]
F=[ ...        
   0.000000e+00   0.000000e+00   0.000000e+00;
   0.000000e+00   0.000000e+00   0.000000e+00;
   0.000000e+00   0.000000e+00   0.000000e+00]
R=[ ...        
   0.000000e+00   0.000000e+00   0.000000e+00;
   0.000000e+00   0.000000e+00   0.000000e+00;
   0.000000e+00   0.000000e+00   0.000000e+00]
U=[ ...        
   0.000000e+00   0.000000e+00   0.000000e+00;
   0.000000e+00   0.000000e+00   0.000000e+00;
   0.000000e+00   0.000000e+00   0.000000e+00]
l=[ ...        
   0.000000e+00   0.000000e+00   0.000000e+00;
   0.000000e+00   0.000000e+00   0.000000e+00;
   0.000000e+00   0.000000e+00   0.000000e+00]
d=[ ...        
   0.000000e+00   0.000000e+00   0.000000e+00;
   0.000000e+00   0.000000e+00   0.000000e+00;
   0.000000e+00   0.000000e+00   0.000000e+00]
     iteration=         450000       process=              4       (i,j,k)=              1              0              0       (x,y,z)=   1.500000e-02   5.000000e-03   6.975074e-02     particles=            101
fabric=[ ...   
   3.331600e-01  -3.493012e-03   7.442198e-03;
  -3.493012e-03   3.038563e-01   4.245328e-02;
   7.442198e-03   4.245328e-02   3.629837e-01]
sigma=[ ...    
  -6.319410e+01   2.633167e+01   3.191081e+00;
   2.251896e+01  -7.531526e+01  -5.344232e+01;
   8.564318e+00  -4.612260e+01  -7.974237e+01]
sigmaDot=[ ... 
  -2.119400e+06   2.129646e+06  -1.162776e+07;
  -2.439981e+07  -6.080878e+06  -4.964668e+06;
  -5.179288e+06  -2.641107e+07  -6.615597e+05]
intgraE=[ ...  
   5.501132e+00  -9.231480e-01   1.069945e-02;
  -9.231480e-01   1.414806e+00   1.867481e-02;
   1.069945e-02   1.867481e-02  -4.993920e-01]
E=[ ...        
   3.528281e+08  -7.565938e+07   7.476421e+03;
  -7.565938e+07   1.634594e+07  -1.602574e+03;
   7.476421e+03  -1.602574e+03  -3.414647e-01]
e=[ ...        
  -2.226808e+03   5.130765e+02   8.909322e+00;
   5.130765e+02  -1.176909e+02  -2.052327e+00;
   8.909322e+00  -2.052327e+00   4.643624e-01]
intgraF=[ ...  
   3.287678e+00  -7.507089e-01  -4.611129e-03;
   3.605701e-01   1.806991e+00   1.921263e-02;
   1.031225e+00  -2.885265e-02   2.873409e-02]
F=[ ...        
   1.041690e+00   1.105755e+02  -1.361701e-02;
  -4.566839e+02   5.787734e+02  -3.845428e-03;
   2.656026e+04  -5.687239e+03   5.629124e-01]
R=[ ...        
   4.631152e-02   2.196918e-01  -9.744695e-01;
   1.838933e-01   9.569689e-01   2.244858e-01;
   9.818546e-01  -1.895947e-01   3.918843e-03]
U=[ ...        
   2.599438e+04  -5.472488e+03   5.513604e-01;
  -5.472488e+03   1.656431e+03  -1.133967e-01;
   5.513604e-01  -1.133967e-01   1.461209e-02]
l=[ ...        
   1.251014e+00  -2.421541e-01  -6.754286e-03;
  -1.753223e+00  -3.260707e+00   5.705974e-02;
   6.945510e+00   2.579820e+00  -2.111543e+01]
d=[ ...        
   1.251014e+00  -9.976883e-01   3.469378e+00;
  -9.976883e-01  -3.260707e+00   1.318440e+00;
   3.469378e+00   1.318440e+00  -2.111543e+01]
     iteration=         450000       process=              5       (i,j,k)=              1              0              1       (x,y,z)=   1.500000e-02   5.000000e-03   2.092522e-01     particles=              3
fabric=[ ...   
   0.000000e+00   0.000000e+00   0.000000e+00;
   0.000000e+00   0.000000e+00   0.000000e+00;
   0.000000e+00   0.000000e+00   0.000000e+00]
sigma=[ ...    
   0.000000e+00   0.000000e+00   0.000000e+00;
   0.000000e+00   0.000000e+00   0.000000e+00;
   0.000000e+00   0.000000e+00   0.000000e+00]
sigmaDot=[ ... 
   0.000000e+00   0.000000e+00   0.000000e+00;
   0.000000e+00   0.000000e+00   0.000000e+00;
   0.000000e+00   0.000000e+00   0.000000e+00]
intgraE=[ ...  
   0.000000e+00   0.000000e+00   0.000000e+00;
   0.000000e+00   0.000000e+00   0.000000e+00;
   0.000000e+00   0.000000e+00   0.000000e+00]
E=[ ...        
   0.000000e+00   0.000000e+00   0.000000e+00;
   0.000000e+00   0.000000e+00   0.000000e+00;
   0.000000e+00   0.000000e+00   0.000000e+00]
e=[ ...        
   0.000000e+00   0.000000e+00   0.000000e+00;
   0.000000e+00   0.000000e+00   0.000000e+00;
   0.000000e+00   0.000000e+00   0.000000e+00]
intgraF=[ ...  
   0.000000e+00   0.000000e+00   0.000000e+00;
   0.000000e+00   0.000000e+00   0.000000e+00;
   0.000000e+00   0.000000e+00   0.000000e+00]
F=[ ...        
   0.000000e+00   0.000000e+00   0.000000e+00;
   0.000000e+00   0.000000e+00   0.000000e+00;
   0.000000e+00   0.000000e+00   0.000000e+00]
R=[ ...        
   0.000000e+00   0.000000e+00   0.000000e+00;
   0.000000e+00   0.000000e+00   0.000000e+00;
   0.000000e+00   0.000000e+00   0.000000e+00]
U=[ ...        
   0.000000e+00   0.000000e+00   0.000000e+00;
   0.000000e+00   0.000000e+00   0.000000e+00;
   0.000000e+00   0.000000e+00   0.000000e+00]
l=[ ...        
   0.000000e+00   0.000000e+00   0.000000e+00;
   0.000000e+00   0.000000e+00   0.000000e+00;
   0.000000e+00   0.000000e+00   0.000000e+00]
d=[ ...        
   0.000000e+00   0.000000e+00   0.000000e+00;
   0.000000e+00   0.000000e+00   0.000000e+00;
   0.000000e+00   0.000000e+00   0.000000e+00]
     iteration=         450000       process=              6       (i,j,k)=              1              1              0       (x,y,z)=   1.500000e-02   1.500000e-02   6.975074e-02     particles=            112
fabric=[ ...   
   3.290803e-01   2.413526e-02   3.384089e-03;
   2.413526e-02   2.954225e-01  -4.807668e-03;
   3.384089e-03  -4.807668e-03   3.678049e-01]
sigma=[ ...    
  -8.927885e+01  -1.607889e+01   1.653786e+01;
  -5.113029e+00  -1.279685e+02  -1.741462e+01;
   2.895035e+01   5.045721e-01  -8.686117e+01]
sigmaDot=[ ... 
   2.263025e+06   1.159014e+06   5.461910e+06;
   1.672667e+06  -2.353238e+06   8.637294e+05;
  -2.674153e+05   3.051786e+06  -2.350578e+06]
intgraE=[ ...  
   1.474273e-01  -6.583349e-01  -2.966108e-02;
  -6.583349e-01   1.823133e-01   3.233838e-02;
  -2.966108e-02   3.233838e-02  -4.980808e-01]
E=[ ...        
   4.395774e+05   4.599257e+05  -1.624242e+02;
   4.599257e+05   7.874886e+07  -5.015017e+03;
  -1.624242e+02  -5.015017e+03  -1.245423e-01]
e=[ ...        
  -1.191215e+01  -6.779823e+00   5.415596e-02;
  -6.779823e+00  -3.203308e+00   2.958132e-02;
   5.415596e-02   2.958132e-02   4.997637e-01]
intgraF=[ ...  
   6.252143e-01  -7.657562e-01  -5.464705e-02;
  -9.507062e-01   8.816913e-01   2.631517e-02;
  -1.092935e-02  -2.940241e-02   1.263163e-02]
F=[ ...        
   4.468900e+02  -1.762423e+02   2.931111e-02;
  -8.188946e+02   2.224354e+02   3.202095e-01;
  -9.411024e+01  -1.254660e+04   8.046876e-01]
R=[ ...        
   4.793631e-01  -1.659346e-02   8.774598e-01;
  -8.771787e-01   2.252290e-02   4.796355e-01;
  -2.772175e-02  -9.996086e-01  -3.758787e-03]
U=[ ...        
   9.351484e+02   6.821407e+01  -2.891377e-01;
   6.821407e+01   1.254962e+04  -7.976470e-01;
  -2.891377e-01  -7.976470e-01   1.762785e-01]
l=[ ...        
  -3.556247e+00  -2.365224e-01   5.438663e-02;
   8.887688e-01   7.997004e-01   7.382230e-02;
   7.916131e+00   1.095265e+01  -2.040597e+01]
d=[ ...        
  -3.556247e+00   3.261232e-01   3.985259e+00;
   3.261232e-01   7.997004e-01   5.513236e+00;
   3.985259e+00   5.513236e+00  -2.040597e+01]
     iteration=         450000       process=              7       (i,j,k)=              1              1              1       (x,y,z)=   1.500000e-02   1.500000e-02   2.092522e-01     particles=              3
fabric=[ ...   
   0.000000e+00   0.000000e+00   0.000000e+00;
   0.000000e+00   0.000000e+00   0.000000e+00;
   0.000000e+00   0.000000e+00   0.000000e+00]
sigma=[ ...    
   0.000000e+00   0.000000e+00   0.000000e+00;
   0.000000e+00   0.000000e+00   0.000000e+00;
   0.000000e+00   0.000000e+00   0.000000e+00]
sigmaDot=[ ... 
   0.000000e+00   0.000000e+00   0.000000e+00;
   0.000000e+00   0.000000e+00   0.000000e+00;
   0.000000e+00   0.000000e+00   0.000000e+00]
intgraE=[ ...  
   0.000000e+00   0.000000e+00   0.000000e+00;
   0.000000e+00   0.000000e+00   0.000000e+00;
   0.000000e+00   0.000000e+00   0.000000e+00]
E=[ ...        
   0.000000e+00   0.000000e+00   0.000000e+00;
   0.000000e+00   0.000000e+00   0.000000e+00;
   0.000000e+00   0.000000e+00   0.000000e+00]
e=[ ...        
   0.000000e+00   0.000000e+00   0.000000e+00;
   0.000000e+00   0.000000e+00   0.000000e+00;
   0.000000e+00   0.000000e+00   0.000000e+00]
intgraF=[ ...  
   0.000000e+00   0.000000e+00   0.000000e+00;
   0.000000e+00   0.000000e+00   0.000000e+00;
   0.000000e+00   0.000000e+00   0.000000e+00]
F=[ ...        
   0.000000e+00   0.000000e+00   0.000000e+00;
   0.000000e+00   0.000000e+00   0.000000e+00;
   0.000000e+00   0.000000e+00   0.000000e+00]
R=[ ...        
   0.000000e+00   0.000000e+00   0.000000e+00;
   0.000000e+00   0.000000e+00   0.000000e+00;
   0.000000e+00   0.000000e+00   0.000000e+00]
U=[ ...        
   0.000000e+00   0.000000e+00   0.000000e+00;
   0.000000e+00   0.000000e+00   0.000000e+00;
   0.000000e+00   0.000000e+00   0.000000e+00]
l=[ ...        
   0.000000e+00   0.000000e+00   0.000000e+00;
   0.000000e+00   0.000000e+00   0.000000e+00;
   0.000000e+00   0.000000e+00   0.000000e+00]
d=[ ...        
   0.000000e+00   0.000000e+00   0.000000e+00;
   0.000000e+00   0.000000e+00   0.000000e+00;
   0.000000e+00   0.000000e+00   0.000000e+00]
