     iteration=        1400000       process=              0       (i,j,k)=              0              0              0       (x,y,z)=   5.000000e-03   5.000000e-03   5.253277e-03     particles=             80
fabric=[ ...   
   3.406689e-01   6.656578e-03  -4.465414e-04;
   6.656578e-03   3.072807e-01   6.058474e-04;
  -4.465414e-04   6.058474e-04   3.520504e-01]
sigma=[ ...    
  -3.168708e+02  -2.432329e+01   2.399922e+01;
  -2.432345e+01  -2.443171e+02  -2.631001e+01;
   2.399916e+01  -2.630990e+01  -3.729460e+02]
sigmaDot=[ ... 
  -8.322083e+01  -5.009077e+01  -7.027856e+01;
  -3.333225e+01  -1.381661e+02  -1.326931e+02;
  -8.121822e+01  -1.310323e+02  -4.569854e+02]
intgraE=[ ...  
   4.535770e+01  -1.807094e+01  -6.088971e-02;
  -1.807094e+01   1.189196e+01   8.616496e-03;
  -6.088971e-02   8.616496e-03  -4.998743e-01]
E=[ ...        
   1.872563e+05  -5.121427e+04  -1.984408e+00;
  -5.121427e+04   8.857015e+05   1.442124e+00;
  -1.984408e+00   1.442124e+00  -4.997945e-01]
e=[ ...        
  -4.104532e+01  -4.321640e+00  -2.341705e+02;
  -4.321640e+00   5.045221e-02  -2.435896e+01;
  -2.341705e+02  -2.435896e+01  -1.319404e+03]
intgraF=[ ...  
   6.096406e+00  -3.973051e+00  -3.537553e-03;
  -5.102268e-01   2.634059e+00  -6.448768e-03;
  -7.368101e+00   1.435455e+00   1.404750e-02]
F=[ ...        
   5.033904e+02  -8.522402e+02  -2.725244e-03;
  -3.379510e+02  -1.008096e+03   2.793977e-03;
  -8.307199e+01   1.698045e+02   1.989512e-02]
R=[ ...        
   7.727994e-01  -6.101464e-01   1.746495e-01;
  -6.220948e-01  -7.827309e-01   1.817394e-02;
  -1.256148e-01   1.226933e-01   9.844629e-01]
U=[ ...        
   6.096924e+02  -5.280950e+01  -6.343306e-03;
  -5.280950e+01   1.329893e+03   1.916864e-03;
  -6.343306e-03   1.916864e-03   1.916082e-02]
l=[ ...        
   1.203458e-02   1.670561e-03  -5.208309e-04;
   1.082453e-02   1.501640e-03  -4.680317e-04;
   1.317267e-04   1.724009e-05  -1.035174e-05]
d=[ ...        
   1.203458e-02   6.247546e-03  -1.945521e-04;
   6.247546e-03   1.501640e-03  -2.253958e-04;
  -1.945521e-04  -2.253958e-04  -1.035174e-05]
     iteration=        1400000       process=              1       (i,j,k)=              0              0              1       (x,y,z)=   5.000000e-03   5.000000e-03   1.575983e-02     particles=             46
fabric=[ ...   
   3.546965e-01  -1.147998e-02   2.341208e-02;
  -1.147998e-02   3.172344e-01   1.942716e-03;
   2.341208e-02   1.942716e-03   3.280692e-01]
sigma=[ ...    
  -6.579860e+01   6.867334e+00   3.911322e-01;
   6.989658e+00  -7.469546e+01   1.756158e+00;
   7.234423e-01   1.850894e+00  -1.048615e+02]
sigmaDot=[ ... 
   2.371624e+02   1.229224e+03   8.301185e+03;
  -2.408358e+03  -1.182900e+03   3.920412e+02;
  -7.842753e+03  -5.217604e+03   2.175975e+03]
intgraE=[ ...  
   9.537806e-02  -6.457016e-02  -6.785003e-01;
  -6.457016e-02   1.152287e-02   3.410566e-01;
  -6.785003e-01   3.410566e-01   3.605046e+00]
E=[ ...        
   6.651111e+05  -8.275195e+05   3.177198e+00;
  -8.275195e+05   1.803320e+06  -2.435628e+01;
   3.177198e+00  -2.435628e+01  -4.994459e-01]
e=[ ...        
  -1.550257e+05  -7.125241e+04   1.215212e+05;
  -7.125241e+04  -3.274820e+04   5.585299e+04;
   1.215212e+05   5.585299e+04  -9.525692e+04]
intgraF=[ ...  
   9.980788e-01   4.229142e-04  -9.595883e-02;
  -3.450828e-02   9.878849e-01   6.134875e-02;
  -4.397772e-01   2.170922e-01   2.863061e+00]
F=[ ...        
   4.045414e+02  -1.217108e+03   1.977115e-02;
  -1.074078e+03   1.173972e+03  -1.301116e-03;
  -1.136931e+02  -8.643369e+02   2.675054e-02]
R=[ ...        
   6.237486e-03  -6.724982e-01  -7.400724e-01;
  -8.661046e-01   3.662871e-01  -3.401421e-01;
  -4.998240e-01  -6.431017e-01   5.801691e-01]
U=[ ...        
   9.896136e+02  -5.923581e+02  -1.212033e-02;
  -5.923581e+02   1.804370e+03  -3.097596e-02;
  -1.212033e-02  -3.097596e-02   1.330318e-03]
l=[ ...        
   4.133242e-04  -4.337977e-04  -8.261923e-04;
   3.202964e-04  -3.306273e-04  -6.328539e-04;
   2.449133e-04  -2.307247e-04  -5.022814e-04]
d=[ ...        
   4.133242e-04  -5.675063e-05  -2.906395e-04;
  -5.675063e-05  -3.306273e-04  -4.317893e-04;
  -2.906395e-04  -4.317893e-04  -5.022814e-04]
     iteration=        1400000       process=              2       (i,j,k)=              0              1              0       (x,y,z)=   5.000000e-03   1.500000e-02   5.253277e-03     particles=             81
fabric=[ ...   
   3.319137e-01  -1.811876e-03   1.908192e-03;
  -1.811876e-03   3.201230e-01   1.592870e-02;
   1.908192e-03   1.592870e-02   3.479632e-01]
sigma=[ ...    
  -2.981414e+02  -7.278465e+00   2.966096e+01;
  -7.207583e+00  -2.533831e+02  -3.452096e+01;
   2.966671e+01  -3.456578e+01  -2.914160e+02]
sigmaDot=[ ... 
  -7.798844e+02   6.553213e+02  -5.001874e+04;
   3.246275e+03  -5.267005e+02   2.212691e+02;
  -1.514326e+04  -1.203686e+05   5.204670e+03]
intgraE=[ ...  
   1.494325e+01  -1.573123e+01  -2.006800e-01;
  -1.573123e+01   1.588559e+01   2.068368e-01;
  -2.006800e-01   2.068368e-01  -4.973759e-01]
E=[ ...        
   3.416872e+05   1.212423e+05   6.571091e+02;
   1.212423e+05   1.985189e+05   3.804926e+01;
   6.571091e+02   3.804926e+01   1.010379e+00]
e=[ ...        
  -6.716804e+01   6.577908e+01   1.555928e+01;
   6.577908e+01  -6.344284e+01  -1.512494e+01;
   1.555928e+01  -1.512494e+01  -3.077631e+00]
intgraF=[ ...  
   4.292700e+00  -4.910762e+00  -5.941299e-02;
   1.162581e+00  -9.055818e-01  -1.383986e-02;
   3.332813e+00  -2.799201e+00  -3.907450e-02]
F=[ ...        
  -4.851213e+02   4.746844e+01  -1.251532e+00;
  -3.665802e+02   1.904608e+02  -1.065354e+00;
  -5.600461e+02  -5.987572e+02  -5.651957e-01]
R=[ ...        
  -6.540456e-01   2.627035e-01  -7.093738e-01;
  -5.545836e-01   4.712322e-01   6.858405e-01;
  -5.144524e-01  -8.419781e-01   1.625163e-01]
U=[ ...        
   8.087080e+02   1.713591e+02   1.700153e+00;
   1.713591e+02   6.063619e+02  -3.549285e-01;
   1.700153e+00  -3.549285e-01   6.528755e-02]
l=[ ...        
  -2.460973e-03  -2.223674e-04  -8.414427e-04;
   7.424274e-03  -1.637932e-04   1.090173e-03;
  -6.040277e-05   2.643181e-05   1.691840e-05]
d=[ ...        
  -2.460973e-03   3.600953e-03  -4.509227e-04;
   3.600953e-03  -1.637932e-04   5.583025e-04;
  -4.509227e-04   5.583025e-04   1.691840e-05]
     iteration=        1400000       process=              3       (i,j,k)=              0              1              1       (x,y,z)=   5.000000e-03   1.500000e-02   1.575983e-02     particles=             39
fabric=[ ...   
   3.350953e-01   1.110799e-02   2.217206e-02;
   1.110799e-02   3.325464e-01  -2.011852e-03;
   2.217206e-02  -2.011852e-03   3.323584e-01]
sigma=[ ...    
  -1.023780e+02  -9.488904e+00  -8.581536e+00;
  -9.348822e+00  -8.496527e+01  -1.280560e+00;
  -8.722394e+00  -1.382731e+00  -1.341870e+02]
sigmaDot=[ ... 
  -6.464909e+02  -1.390206e+03  -4.267232e+04;
  -1.000194e+04   2.018602e+03  -1.831878e+03;
   8.319600e+02  -3.727019e+04  -3.158993e+03]
intgraE=[ ...  
  -4.107419e-02   7.392610e-02  -3.240602e-02;
   7.392610e-02   7.148511e-02  -4.369439e-02;
  -3.240602e-02  -4.369439e-02  -1.446130e-01]
E=[ ...        
   5.468653e+05  -5.388615e+05   9.134751e+00;
  -5.388615e+05   9.192592e+05  -1.713051e+00;
   9.134751e+00  -1.713051e+00  -4.995771e-01]
e=[ ...        
  -2.905435e+00   3.925536e+01   6.944367e+01;
   3.925536e+01  -4.520071e+02  -8.004961e+02;
   6.944367e+01  -8.004961e+02  -1.415597e+03]
intgraF=[ ...  
   9.471846e-01  -1.956955e-04  -9.079869e-02;
   1.362261e-01   1.067616e+00  -1.255526e-01;
   4.620974e-02   5.627444e-02   8.287136e-01]
F=[ ...        
  -5.661916e+02  -1.820585e+02  -2.404349e-02;
  -7.770646e+02   1.165848e+03   2.565934e-03;
   4.114964e+02  -6.679622e+02   1.616096e-02]
R=[ ...        
  -8.733809e-01  -4.851631e-01  -4.269114e-02;
  -4.411036e-01   7.508038e-01   4.916516e-01;
   2.064785e-01  -4.482303e-01   8.697449e-01]
U=[ ...        
   9.222321e+02  -4.931730e+02   2.320417e-02;
  -4.931730e+02   1.263052e+03   6.347693e-03;
   2.320417e-02   6.347693e-03   1.634390e-02]
l=[ ...        
  -8.303109e-04   1.365258e-03  -4.222170e-03;
  -5.012611e-04   1.934244e-03  -5.713440e-03;
  -4.703579e-04   1.642814e-03  -5.468377e-03]
d=[ ...        
  -8.303109e-04   4.319986e-04  -2.346264e-03;
   4.319986e-04   1.934244e-03  -2.035313e-03;
  -2.346264e-03  -2.035313e-03  -5.468377e-03]
     iteration=        1400000       process=              4       (i,j,k)=              1              0              0       (x,y,z)=   1.500000e-02   5.000000e-03   5.253277e-03     particles=             77
fabric=[ ...   
   3.321808e-01   4.593277e-03  -1.142268e-02;
   4.593277e-03   3.199304e-01   2.027662e-02;
  -1.142268e-02   2.027662e-02   3.478888e-01]
sigma=[ ...    
  -2.889476e+02   1.823654e+01  -3.806683e+00;
   1.824843e+01  -2.588112e+02  -4.826614e+01;
  -3.797235e+00  -4.822947e+01  -3.696464e+02]
sigmaDot=[ ... 
  -1.083997e+02   1.732743e+01  -7.872066e+02;
  -1.473776e+03  -2.888888e+02  -5.497339e+01;
  -2.653967e+02  -1.058044e+03  -1.552473e+02]
intgraE=[ ...  
   1.997194e+01  -1.507004e+00   1.549179e-02;
  -1.507004e+00   2.807035e+00   2.983789e-02;
   1.549179e-02   2.983789e-02  -4.996866e-01]
E=[ ...        
   1.458470e+06  -7.914622e+05   8.648100e+00;
  -7.914622e+05   4.650573e+05  -4.766180e+00;
   8.648100e+00  -4.766180e+00  -4.996759e-01]
e=[ ...        
  -7.131863e+02   2.837092e+02   2.541948e+02;
   2.837092e+02  -1.122819e+02  -1.010492e+02;
   2.541948e+02  -1.010492e+02  -9.003700e+01]
intgraF=[ ...  
   4.235457e+00   9.829215e-01   1.482417e-02;
   8.721579e-01   1.543410e+00   1.753239e-02;
   4.716368e+00  -1.807159e+00  -9.985352e-03]
F=[ ...        
  -7.301147e+00  -1.216037e+02  -2.038496e-02;
  -1.149834e+03   4.503781e+02   1.728152e-03;
   1.262842e+03  -8.440899e+02   1.515190e-02]
R=[ ...        
  -2.039302e-01  -4.244206e-01  -8.822016e-01;
  -8.860422e-01  -3.032199e-01   3.506948e-01;
   4.163432e-01  -8.531851e-01   3.142189e-01]
U=[ ...        
   1.546066e+03  -7.256864e+02   8.934283e-03;
  -7.256864e+02   6.352124e+02  -4.799590e-03;
   8.934283e-03  -4.799590e-03   2.335071e-02]
l=[ ...        
   3.842630e-07   5.145419e-04   3.768698e-04;
  -8.873226e-07   7.748101e-05   5.613658e-05;
  -5.618885e-07   4.211719e-05  -6.160814e-06]
d=[ ...        
   3.842630e-07   2.568273e-04   1.881540e-04;
   2.568273e-04   7.748101e-05   4.912689e-05;
   1.881540e-04   4.912689e-05  -6.160814e-06]
     iteration=        1400000       process=              5       (i,j,k)=              1              0              1       (x,y,z)=   1.500000e-02   5.000000e-03   1.575983e-02     particles=             35
fabric=[ ...   
   3.330607e-01   7.185362e-03   4.723670e-03;
   7.185362e-03   3.589191e-01   3.254384e-03;
   4.723670e-03   3.254384e-03   3.080202e-01]
sigma=[ ...    
  -1.120575e+02  -1.569024e+00   8.862572e-01;
  -1.569730e+00  -1.199162e+02   1.564528e+01;
   8.816652e-01   1.564507e+01  -1.342625e+02]
sigmaDot=[ ... 
   6.882015e+01   1.423300e+01  -1.560481e+02;
   6.191920e+01  -2.341169e+02  -9.768784e+01;
  -1.461682e+02  -7.084428e+01   1.121207e+02]
intgraE=[ ...  
  -9.614442e-03   1.044608e-02  -6.499462e-02;
   1.044608e-02   4.347250e-02   1.493200e-01;
  -6.499462e-02   1.493200e-01  -4.027497e-01]
E=[ ...        
   1.446293e+06  -4.949053e+05  -6.631942e+03;
  -4.949053e+05   9.678402e+05   9.123709e+03;
  -6.631942e+03   9.123709e+03   1.197029e+02]
e=[ ...        
   4.994273e-01  -2.034312e-03   3.977088e-04;
  -2.034312e-03   4.927718e-01   1.413404e-03;
   3.977088e-04   1.413404e-03   4.997233e-01]
intgraF=[ ...  
   9.892161e-01   2.952559e-02  -1.144075e-01;
   2.639032e-03   1.015633e+00   2.124687e-01;
  -4.707155e-02   2.335872e-01   3.691458e-01]
F=[ ...        
  -1.124088e+03   1.271329e+03   1.067131e+01;
   5.422873e+02  -2.595692e+02  -1.056513e+01;
   1.155395e+03   5.020237e+02   3.860962e+00]
R=[ ...        
  -5.138163e-01   8.180650e-01  -2.583845e-01;
   3.000335e-01  -1.108100e-01  -9.474709e-01;
   8.037243e-01   5.643500e-01   1.885109e-01]
U=[ ...        
   1.668898e+03  -3.276203e+02  -5.549835e+00;
  -3.276203e+02   1.352110e+03   1.207948e+01;
  -5.549835e+00   1.207948e+01   7.980688e+00]
l=[ ...        
   4.833411e-06   1.062715e-05  -8.004666e-06;
   1.154725e-05   5.437157e-06  -9.535442e-06;
  -1.571872e-06  -1.029665e-06   3.920310e-06]
d=[ ...        
   4.833411e-06   1.108720e-05  -4.788269e-06;
   1.108720e-05   5.437157e-06  -5.282554e-06;
  -4.788269e-06  -5.282554e-06   3.920310e-06]
     iteration=        1400000       process=              6       (i,j,k)=              1              1              0       (x,y,z)=   1.500000e-02   1.500000e-02   5.253277e-03     particles=             70
fabric=[ ...   
   3.126302e-01  -2.124312e-03   1.055270e-02;
  -2.124312e-03   3.300670e-01   2.152372e-02;
   1.055270e-02   2.152372e-02   3.573028e-01]
sigma=[ ...    
  -3.140035e+02  -4.053716e+01   1.809445e+01;
  -4.053628e+01  -3.485457e+02   2.106059e+01;
   1.809664e+01   2.106424e+01  -3.550753e+02]
sigmaDot=[ ... 
  -1.565721e+01   6.316881e+00   2.928062e+01;
   3.941026e+00   1.629752e+01  -4.783172e+01;
   4.115007e+01  -5.003270e+01  -7.305735e+01]
intgraE=[ ...  
   3.567210e-01  -8.500572e-01  -3.515077e-02;
  -8.500572e-01   3.532108e-01   3.681350e-02;
  -3.515077e-02   3.681350e-02  -4.981737e-01]
E=[ ...        
   1.248440e+06  -1.013725e+06   5.121618e-01;
  -1.013725e+06   8.529236e+05   4.795716e-01;
   5.121618e-01   4.795716e-01  -4.999364e-01]
e=[ ...        
  -4.621003e+02  -1.109996e+03   1.311693e+03;
  -1.109996e+03  -2.662903e+03   3.147370e+03;
   1.311693e+03   3.147370e+03  -3.718780e+03]
intgraF=[ ...  
   4.839083e-01  -6.099976e-01  -4.559752e-02;
  -1.113119e+00   1.057020e+00   3.598888e-02;
  -4.901442e-01   4.658692e-01   1.668208e-02]
F=[ ...        
   5.934638e+02  -2.647618e+02   4.549000e-03;
  -1.214451e+03   1.020833e+03  -4.785842e-03;
  -8.184074e+02   7.704863e+02   9.148886e-03]
R=[ ...        
   8.189838e-01   5.115708e-01  -2.599247e-01;
  -5.468199e-01   5.584855e-01  -6.237643e-01;
  -1.739354e-01   6.529849e-01   7.371277e-01]
U=[ ...        
   1.292473e+03  -9.090624e+02   4.751236e-03;
  -9.090624e+02   9.377920e+02   5.628396e-03;
   4.751236e-03   5.628396e-03   8.546737e-03]
l=[ ...        
  -1.163276e-02  -3.844981e-03   2.176106e-02;
   2.239807e-01  -4.792582e-02  -5.727490e-02;
   2.136792e-02   5.696781e-03  -1.820357e-02]
d=[ ...        
  -1.163276e-02   1.100679e-01   2.156449e-02;
   1.100679e-01  -4.792582e-02  -2.578906e-02;
   2.156449e-02  -2.578906e-02  -1.820357e-02]
     iteration=        1400000       process=              7       (i,j,k)=              1              1              1       (x,y,z)=   1.500000e-02   1.500000e-02   1.575983e-02     particles=             48
fabric=[ ...   
   3.295686e-01  -1.015326e-02  -9.363602e-03;
  -1.015326e-02   3.120910e-01  -6.333274e-03;
  -9.363602e-03  -6.333274e-03   3.583403e-01]
sigma=[ ...    
  -7.721480e+01   2.588529e-01   1.190251e+01;
   2.581179e-01  -7.577967e+01   3.684913e+00;
   1.190303e+01   3.685910e+00  -1.000159e+02]
sigmaDot=[ ... 
   9.443058e+00   6.840600e+01   1.194566e+02;
   6.687719e+01   1.699169e+02  -3.317718e+01;
   7.306916e+01  -8.162110e+01  -2.486905e+01]
intgraE=[ ...  
   1.740889e-02   7.398361e-02  -9.779701e-02;
   7.398361e-02   1.064830e-02  -3.851903e-02;
  -9.779701e-02  -3.851903e-02  -4.664299e-01]
E=[ ...        
   6.940548e+05  -5.277893e+05   1.521940e+01;
  -5.277893e+05   4.208975e+05  -1.237948e+01;
   1.521940e+01  -1.237948e+01  -4.996319e-01]
e=[ ...        
  -2.902854e+04  -1.319501e+04  -7.424928e+04;
  -1.319501e+04  -5.997224e+03  -3.374964e+04;
  -7.424928e+04  -3.374964e+04  -1.899112e+05]
intgraF=[ ...  
   1.008014e+00   2.683337e-02  -1.737989e-01;
   1.045801e-01   9.911028e-01  -3.574175e-02;
  -8.825077e-02  -1.956828e-01   1.888296e-01]
F=[ ...        
  -6.868621e+02   6.663995e+02  -2.046773e-02;
  -8.595590e+02   5.223404e+02  -1.319021e-02;
   4.212948e+02  -3.533668e+02   1.196912e-02]
R=[ ...        
  -9.087323e-02   9.288249e-01   3.592024e-01;
  -9.737722e-01  -1.584258e-01   1.633064e-01;
   2.085900e-01  -3.349411e-01   9.188605e-01]
U=[ ...        
   9.873099e+02  -6.429072e+02   1.720087e-02;
  -6.429072e+02   6.545733e+02  -2.093022e-02;
   1.720087e-02  -2.093022e-02   1.491851e-03]
l=[ ...        
  -1.125578e-06  -5.718356e-06   5.622804e-06;
   1.976576e-06   3.955099e-07  -2.521024e-07;
   4.827199e-07  -6.733614e-07   4.498602e-06]
d=[ ...        
  -1.125578e-06  -1.870890e-06   3.052762e-06;
  -1.870890e-06   3.955099e-07  -4.627319e-07;
   3.052762e-06  -4.627319e-07   4.498602e-06]
