     iteration=        2150000       process=              0       (i,j,k)=              0              0              0       (x,y,z)=   5.000000e-03   5.000000e-03   5.253276e-03     particles=             80
fabric=[ ...   
   3.406633e-01   6.655590e-03  -4.431315e-04;
   6.655590e-03   3.072914e-01   6.107749e-04;
  -4.431315e-04   6.107749e-04   3.520453e-01]
sigma=[ ...    
  -3.168248e+02  -2.419144e+01   2.392995e+01;
  -2.419185e+01  -2.444725e+02  -2.606401e+01;
   2.392985e+01  -2.606398e+01  -3.732303e+02]
sigmaDot=[ ... 
  -6.132885e+00   1.384788e+01  -2.047523e-01;
   7.085047e+00  -6.452919e+00  -9.343617e+00;
   2.257585e+00  -7.864737e+00   1.397652e+01]
intgraE=[ ...  
   4.535399e+01  -1.806932e+01  -6.088519e-02;
  -1.806932e+01   1.189134e+01   8.614309e-03;
  -6.088519e-02   8.614309e-03  -4.998743e-01]
E=[ ...        
   1.874874e+05  -5.073199e+04  -1.983285e+00;
  -5.073199e+04   8.861437e+05   1.447290e+00;
  -1.983285e+00   1.447290e+00  -4.997944e-01]
e=[ ...        
  -4.092954e+01  -4.419772e+00  -2.338071e+02;
  -4.419772e+00   2.849048e-02  -2.494293e+01;
  -2.338071e+02  -2.494293e+01  -1.318988e+03]
intgraF=[ ...  
   6.095736e+00  -3.972663e+00  -3.537022e-03;
  -5.108201e-01   2.634403e+00  -6.448300e-03;
  -7.368110e+00   1.435461e+00   1.404750e-02]
F=[ ...        
   5.034449e+02  -8.520143e+02  -2.729521e-03;
  -3.386178e+02  -1.008685e+03   2.790107e-03;
  -8.280705e+01   1.700407e+02   1.989717e-02]
R=[ ...        
   7.728735e-01  -6.101129e-01   1.744386e-01;
  -6.220906e-01  -7.827239e-01   1.861591e-02;
  -1.251795e-01   1.229044e-01   9.844921e-01]
U=[ ...        
   6.101159e+02  -5.229127e+01  -6.335991e-03;
  -5.229127e+01   1.330246e+03   1.926882e-03;
  -6.335991e-03   1.926882e-03   1.916441e-02]
l=[ ...        
  -2.505487e-03  -3.462542e-04   1.070329e-04;
  -2.235158e-03  -3.095224e-04   9.633190e-05;
  -3.553059e-05  -5.200821e-06   1.702615e-06]
d=[ ...        
  -2.505487e-03  -1.290706e-03   3.575115e-05;
  -1.290706e-03  -3.095224e-04   4.556554e-05;
   3.575115e-05   4.556554e-05   1.702615e-06]
     iteration=        2150000       process=              1       (i,j,k)=              0              0              1       (x,y,z)=   5.000000e-03   5.000000e-03   1.575983e-02     particles=             46
fabric=[ ...   
   3.564787e-01  -1.130126e-02   2.350286e-02;
  -1.130126e-02   3.196542e-01   3.392458e-04;
   2.350286e-02   3.392458e-04   3.238671e-01]
sigma=[ ...    
  -6.729552e+01   8.032898e+00   7.120534e-01;
   8.032820e+00  -7.684368e+01   1.488267e+00;
   7.120610e-01   1.488366e+00  -1.060216e+02]
sigmaDot=[ ... 
   9.077263e+00  -8.679108e+00  -1.558747e+01;
  -1.799358e+01   3.226695e+00  -8.651983e+00;
  -1.254740e+01  -8.278697e+00  -1.024328e+01]
intgraE=[ ...  
   9.541106e-02  -6.456876e-02  -6.784939e-01;
  -6.456876e-02   1.150403e-02   3.409815e-01;
  -6.784939e-01   3.409815e-01   3.604720e+00]
E=[ ...        
   6.649840e+05  -8.275409e+05   3.175634e+00;
  -8.275409e+05   1.803571e+06  -2.435672e+01;
   3.175634e+00  -2.435672e+01  -4.994458e-01]
e=[ ...        
  -1.548230e+05  -7.115522e+04   1.213443e+05;
  -7.115522e+04  -3.270169e+04   5.576857e+04;
   1.213443e+05   5.576857e+04  -9.510424e+04]
intgraF=[ ...  
   9.981293e-01   3.866934e-04  -9.610481e-02;
  -3.448874e-02   9.878713e-01   6.129174e-02;
  -4.397393e-01   2.170674e-01   2.862944e+00]
F=[ ...        
   4.045324e+02  -1.217120e+03   1.976895e-02;
  -1.073970e+03   1.174091e+03  -1.298038e-03;
  -1.136228e+02  -8.644495e+02   2.675489e-02]
R=[ ...        
   6.245660e-03  -6.724524e-01  -7.401141e-01;
  -8.660895e-01   3.663227e-01  -3.401420e-01;
  -4.998499e-01  -6.431294e-01   5.801160e-01]
U=[ ...        
   9.894754e+02  -5.923744e+02  -1.212574e-02;
  -5.923744e+02   1.804504e+03  -3.097603e-02;
  -1.212574e-02  -3.097603e-02   1.331180e-03]
l=[ ...        
  -3.095449e-08   3.493904e-07  -2.330229e-07;
   1.357135e-07  -8.676069e-08  -2.076700e-07;
  -5.456576e-08  -5.873206e-08  -7.833529e-09]
d=[ ...        
  -3.095449e-08   2.425520e-07  -1.437944e-07;
   2.425520e-07  -8.676069e-08  -1.332010e-07;
  -1.437944e-07  -1.332010e-07  -7.833529e-09]
     iteration=        2150000       process=              2       (i,j,k)=              0              1              0       (x,y,z)=   5.000000e-03   1.500000e-02   5.253276e-03     particles=             81
fabric=[ ...   
   3.310656e-01  -4.696569e-04   1.382383e-03;
  -4.696569e-04   3.223459e-01   1.549248e-02;
   1.382383e-03   1.549248e-02   3.465885e-01]
sigma=[ ...    
  -2.982485e+02  -7.162887e+00   2.962717e+01;
  -7.162653e+00  -2.535977e+02  -3.487080e+01;
   2.962719e+01  -3.487108e+01  -2.909624e+02]
sigmaDot=[ ... 
  -1.899216e+00   2.446942e+00  -3.193347e-01;
   2.580737e+00   2.426266e+00  -1.048905e+00;
  -8.788483e-01  -5.996011e-01   3.478815e-01]
intgraE=[ ...  
   1.494070e+01  -1.572916e+01  -2.006498e-01;
  -1.572916e+01   1.588421e+01   2.068141e-01;
  -2.006498e-01   2.068141e-01  -4.973762e-01]
E=[ ...        
   3.378590e+05   1.168804e+05   6.554326e+02;
   1.168804e+05   1.935673e+05   3.660487e+01;
   6.554326e+02   3.660487e+01   1.009483e+00]
e=[ ...        
  -6.584210e+01   6.445800e+01   1.495572e+01;
   6.445800e+01  -6.212742e+01  -1.453099e+01;
   1.495572e+01  -1.453099e+01  -2.871520e+00]
intgraF=[ ...  
   4.292668e+00  -4.910920e+00  -5.941388e-02;
   1.160470e+00  -9.031710e-01  -1.381068e-02;
   3.332822e+00  -2.799210e+00  -3.907462e-02]
F=[ ...        
  -4.836320e+02   4.884369e+01  -1.250130e+00;
  -3.695820e+02   1.874611e+02  -1.066200e+00;
  -5.524747e+02  -5.912768e+02  -5.651190e-01]
R=[ ...        
  -6.535602e-01   2.624900e-01  -7.099000e-01;
  -5.572767e-01   4.677863e-01   6.860165e-01;
  -5.121540e-01  -8.439638e-01   1.594469e-01]
U=[ ...        
   8.049942e+02   1.664347e+02   1.700632e+00;
   1.664347e+02   5.995289e+02  -3.499604e-01;
   1.700632e+00  -3.499604e-01   6.593056e-02]
l=[ ...        
   1.239962e-03   1.567153e-04   2.626339e-03;
  -3.299714e-03   2.046433e-05  -1.063370e-03;
  -1.523908e-05   1.301894e-05   8.212892e-05]
d=[ ...        
   1.239962e-03  -1.571499e-03   1.305550e-03;
  -1.571499e-03   2.046433e-05  -5.251754e-04;
   1.305550e-03  -5.251754e-04   8.212892e-05]
     iteration=        2150000       process=              3       (i,j,k)=              0              1              1       (x,y,z)=   5.000000e-03   1.500000e-02   1.575983e-02     particles=             39
fabric=[ ...   
   3.400507e-01   1.728164e-02   2.013336e-02;
   1.728164e-02   3.266826e-01   1.382094e-03;
   2.013336e-02   1.382094e-03   3.332667e-01]
sigma=[ ...    
  -1.009900e+02  -1.026073e+01  -9.299834e+00;
  -1.026006e+01  -8.771691e+01  -1.429917e+00;
  -9.301761e+00  -1.429966e+00  -1.334527e+02]
sigmaDot=[ ... 
   4.983484e+00   1.387563e+00  -9.259698e-01;
   3.551502e-01   3.689609e+00  -4.382932e-01;
  -8.502383e-01  -6.300600e-01   3.708294e+00]
intgraE=[ ...  
  -4.111339e-02   7.395219e-02  -3.250967e-02;
   7.395219e-02   7.158015e-02  -4.380868e-02;
  -3.250967e-02  -4.380868e-02  -1.447513e-01]
E=[ ...        
   5.472942e+05  -5.371942e+05   9.168759e+00;
  -5.371942e+05   9.140320e+05  -1.811547e+00;
   9.168759e+00  -1.811547e+00  -4.995788e-01]
e=[ ...        
  -3.244918e+00   4.118107e+01   7.264201e+01;
   4.118107e+01  -4.523487e+02  -7.988097e+02;
   7.264201e+01  -7.988097e+02  -1.408573e+03]
intgraF=[ ...  
   9.471465e-01  -1.347488e-04  -9.096779e-02;
   1.362075e-01   1.067701e+00  -1.257955e-01;
   4.619818e-02   5.634629e-02   8.284913e-01]
F=[ ...        
  -5.672855e+02  -1.811129e+02  -2.395192e-02;
  -7.769652e+02   1.161574e+03   2.463696e-03;
   4.112197e+02  -6.678385e+02   1.620581e-02]
R=[ ...        
  -8.732454e-01  -4.852130e-01  -4.484226e-02;
  -4.418593e-01   7.496895e-01   4.926723e-01;
   2.054333e-01  -4.500378e-01   8.690588e-01]
U=[ ...        
   9.231670e+02  -4.922927e+02   2.315651e-02;
  -4.922927e+02   1.259251e+03   6.175564e-03;
   2.315651e-02   6.175564e-03   1.637165e-02]
l=[ ...        
   6.597489e-09  -6.034883e-08   4.058779e-08;
   1.485628e-08  -2.343160e-08   1.393127e-07;
   5.529386e-08  -5.926207e-08   9.992953e-08]
d=[ ...        
   6.597489e-09  -2.274627e-08   4.794083e-08;
  -2.274627e-08  -2.343160e-08   4.002529e-08;
   4.794083e-08   4.002529e-08   9.992953e-08]
     iteration=        2150000       process=              4       (i,j,k)=              1              0              0       (x,y,z)=   1.500000e-02   5.000000e-03   5.253276e-03     particles=             77
fabric=[ ...   
   3.321776e-01   4.593930e-03  -1.141558e-02;
   4.593930e-03   3.199365e-01   2.028477e-02;
  -1.141558e-02   2.028477e-02   3.478859e-01]
sigma=[ ...    
  -2.893096e+02   1.822993e+01  -3.831398e+00;
   1.823135e+01  -2.589866e+02  -4.827983e+01;
  -3.818758e+00  -4.825581e+01  -3.698574e+02]
sigmaDot=[ ... 
   9.370187e+01  -3.087421e+01  -1.373871e+02;
  -1.832121e+02  -1.001998e+02   6.069079e+01;
  -2.359798e+02  -4.165589e+02  -9.570431e+01]
intgraE=[ ...  
   1.997190e+01  -1.506959e+00   1.549218e-02;
  -1.506959e+00   2.807009e+00   2.983769e-02;
   1.549218e-02   2.983769e-02  -4.996866e-01]
E=[ ...        
   1.458540e+06  -7.915214e+05   8.648141e+00;
  -7.915214e+05   4.651049e+05  -4.766179e+00;
   8.648141e+00  -4.766179e+00  -4.996759e-01]
e=[ ...        
  -7.131354e+02   2.837062e+02   2.542055e+02;
   2.837062e+02  -1.122876e+02  -1.010596e+02;
   2.542055e+02  -1.010596e+02  -9.005104e+01]
intgraF=[ ...  
   4.235450e+00   9.829281e-01   1.482423e-02;
   8.721542e-01   1.543406e+00   1.753235e-02;
   4.716366e+00  -1.807143e+00  -9.985199e-03]
F=[ ...        
  -7.268524e+00  -1.216360e+02  -2.038526e-02;
  -1.149848e+03   4.503939e+02   1.728090e-03;
   1.262884e+03  -8.441331e+02   1.515195e-02]
R=[ ...        
  -2.039298e-01  -4.244550e-01  -8.821851e-01;
  -8.860380e-01  -3.032152e-01   3.507096e-01;
   4.163524e-01  -8.531697e-01   3.142486e-01]
U=[ ...        
   1.546096e+03  -7.257177e+02   8.934557e-03;
  -7.257177e+02   6.352515e+02  -4.798540e-03;
   8.934557e-03  -4.798540e-03   2.335111e-02]
l=[ ...        
  -7.028800e-07   1.151279e-04   8.303988e-05;
  -8.896278e-07   1.445556e-05   1.247814e-05;
   5.643837e-07   2.294376e-05  -3.943213e-06]
d=[ ...        
  -7.028800e-07   5.711915e-05   4.180213e-05;
   5.711915e-05   1.445556e-05   1.771095e-05;
   4.180213e-05   1.771095e-05  -3.943213e-06]
     iteration=        2150000       process=              5       (i,j,k)=              1              0              1       (x,y,z)=   1.500000e-02   5.000000e-03   1.575983e-02     particles=             35
fabric=[ ...   
   3.330019e-01   1.096332e-02   3.956541e-03;
   1.096332e-02   3.613500e-01   2.199390e-03;
   3.956541e-03   2.199390e-03   3.056481e-01]
sigma=[ ...    
  -1.123298e+02  -1.857986e+00   1.062773e+00;
  -1.857952e+00  -1.196908e+02   1.545080e+01;
   1.063221e+00   1.545076e+01  -1.337188e+02]
sigmaDot=[ ... 
  -3.527163e+01  -1.048217e+00  -4.371160e+01;
  -2.597436e+01   4.656359e+01   4.572165e+01;
  -3.710146e+01   8.954702e+00  -4.315861e+01]
intgraE=[ ...  
  -9.614572e-03   1.044749e-02  -6.499427e-02;
   1.044749e-02   4.347366e-02   1.493197e-01;
  -6.499427e-02   1.493197e-01  -4.027499e-01]
E=[ ...        
   1.446285e+06  -4.948988e+05  -6.632021e+03;
  -4.948988e+05   9.678349e+05   9.123866e+03;
  -6.632021e+03   9.123866e+03   1.197083e+02]
e=[ ...        
   4.994273e-01  -2.034181e-03   3.976825e-04;
  -2.034181e-03   4.927722e-01   1.413318e-03;
   3.976825e-04   1.413318e-03   4.997233e-01]
intgraF=[ ...  
   9.892160e-01   2.952753e-02  -1.144071e-01;
   2.639698e-03   1.015634e+00   2.124687e-01;
  -4.707093e-02   2.335857e-01   3.691454e-01]
F=[ ...        
  -1.124083e+03   1.271325e+03   1.067151e+01;
   5.422837e+02  -2.595663e+02  -1.056540e+01;
   1.155394e+03   5.020247e+02   3.861076e+00]
R=[ ...        
  -5.138166e-01   8.180652e-01  -2.583831e-01;
   3.000325e-01  -1.108089e-01  -9.474713e-01;
   8.037244e-01   5.643498e-01   1.885107e-01]
U=[ ...        
   1.668894e+03  -3.276168e+02  -5.549919e+00;
  -3.276168e+02   1.352107e+03   1.207973e+01;
  -5.549919e+00   1.207973e+01   7.980928e+00]
l=[ ...        
   6.616151e-08  -2.079902e-06  -3.721607e-06;
   3.108111e-07   2.940525e-07   5.913761e-07;
   1.286562e-06   2.219139e-08   7.937815e-07]
d=[ ...        
   6.616151e-08  -8.845457e-07  -1.217523e-06;
  -8.845457e-07   2.940525e-07   3.067838e-07;
  -1.217523e-06   3.067838e-07   7.937815e-07]
     iteration=        2150000       process=              6       (i,j,k)=              1              1              0       (x,y,z)=   1.500000e-02   1.500000e-02   5.253276e-03     particles=             70
fabric=[ ...   
   3.125946e-01  -2.458118e-03   1.036206e-02;
  -2.458118e-03   3.300628e-01   2.141202e-02;
   1.036206e-02   2.141202e-02   3.573426e-01]
sigma=[ ...    
  -3.143665e+02  -4.057142e+01   1.808256e+01;
  -4.057207e+01  -3.490469e+02   2.117025e+01;
   1.808159e+01   2.116866e+01  -3.556766e+02]
sigmaDot=[ ... 
  -4.894762e+00  -3.319911e+00   4.547213e+00;
  -4.058744e+00  -5.442527e+00   3.212515e+00;
   7.242366e+00   2.722341e+00  -6.409911e+00]
intgraE=[ ...  
   3.514696e-01  -8.451577e-01  -3.499603e-02;
  -8.451577e-01   3.486503e-01   3.667125e-02;
  -3.499603e-02   3.667125e-02  -4.981778e-01]
E=[ ...        
   1.244143e+06  -1.009347e+06   5.507074e-01;
  -1.009347e+06   8.486126e+05   4.510632e-01;
   5.507074e-01   4.510632e-01  -4.999359e-01]
e=[ ...        
  -4.613615e+02  -1.107010e+03   1.304685e+03;
  -1.107010e+03  -2.652832e+03   3.127129e+03;
   1.304685e+03   3.127129e+03  -3.685029e+03]
intgraF=[ ...  
   4.843430e-01  -6.104708e-01  -4.562395e-02;
  -1.108081e+00   1.052273e+00   3.582881e-02;
  -4.904154e-01   4.662049e-01   1.670663e-02]
F=[ ...        
   5.946505e+02  -2.656212e+02   4.571665e-03;
  -1.211170e+03   1.017360e+03  -4.842688e-03;
  -8.171563e+02   7.691878e+02   9.156691e-03]
R=[ ...        
   8.194329e-01   5.105241e-01  -2.605665e-01;
  -5.462928e-01   5.580446e-01  -6.246202e-01;
  -1.734759e-01   6.541800e-01   7.361757e-01]
U=[ ...        
   1.290687e+03  -9.068708e+02   4.803233e-03;
  -9.068708e+02   9.353136e+02   5.621634e-03;
   4.803233e-03   5.621634e-03   8.574552e-03]
l=[ ...        
   1.921200e-02  -2.936665e-03   5.258284e-03;
   2.234792e-01  -4.118474e-02  -6.806755e-02;
  -1.319678e-02   3.160538e-03  -3.007719e-03]
d=[ ...        
   1.921200e-02   1.102713e-01  -3.969249e-03;
   1.102713e-01  -4.118474e-02  -3.245350e-02;
  -3.969249e-03  -3.245350e-02  -3.007719e-03]
     iteration=        2150000       process=              7       (i,j,k)=              1              1              1       (x,y,z)=   1.500000e-02   1.500000e-02   1.575983e-02     particles=             48
fabric=[ ...   
   3.295687e-01  -1.015338e-02  -9.363665e-03;
  -1.015338e-02   3.120910e-01  -6.333301e-03;
  -9.363665e-03  -6.333301e-03   3.583403e-01]
sigma=[ ...    
  -7.719053e+01   4.747582e-01   1.206844e+01;
   4.747568e-01  -7.534616e+01   4.101624e+00;
   1.206842e+01   4.101620e+00  -1.001821e+02]
sigmaDot=[ ... 
  -1.906596e+00  -4.427630e-01  -4.470988e-01;
  -2.753641e-01  -4.483785e+00  -4.192520e+00;
   1.585186e-01  -3.478772e+00  -4.458678e+00]
intgraE=[ ...  
   1.740593e-02   7.398291e-02  -9.779643e-02;
   7.398291e-02   1.064828e-02  -3.851895e-02;
  -9.779643e-02  -3.851895e-02  -4.664300e-01]
E=[ ...        
   6.940563e+05  -5.277906e+05   1.521941e+01;
  -5.277906e+05   4.208986e+05  -1.237949e+01;
   1.521941e+01  -1.237949e+01  -4.996319e-01]
e=[ ...        
  -2.903276e+04  -1.319684e+04  -7.425970e+04;
  -1.319684e+04  -5.998016e+03  -3.375415e+04;
  -7.425970e+04  -3.375415e+04  -1.899370e+05]
intgraF=[ ...  
   1.008011e+00   2.683119e-02  -1.737981e-01;
   1.045809e-01   9.911030e-01  -3.574203e-02;
  -8.825153e-02  -1.956823e-01   1.888298e-01]
F=[ ...        
  -6.868624e+02   6.663999e+02  -2.046772e-02;
  -8.595599e+02   5.223412e+02  -1.319020e-02;
   4.212961e+02  -3.533681e+02   1.196912e-02]
R=[ ...        
  -9.087297e-02   9.288243e-01   3.592039e-01;
  -9.737723e-01  -1.584258e-01   1.633060e-01;
   2.085898e-01  -3.349427e-01   9.188600e-01]
U=[ ...        
   9.873109e+02  -6.429081e+02   1.720085e-02;
  -6.429081e+02   6.545742e+02  -2.093021e-02;
   1.720085e-02  -2.093021e-02   1.491818e-03]
l=[ ...        
  -3.303323e-08  -2.054642e-08  -2.264909e-08;
   1.801333e-08  -1.134409e-07  -3.418297e-07;
  -5.285859e-08  -1.193447e-07  -1.771716e-07]
d=[ ...        
  -3.303323e-08  -1.266541e-09  -3.775384e-08;
  -1.266541e-09  -1.134409e-07  -2.305872e-07;
  -3.775384e-08  -2.305872e-07  -1.771716e-07]
