     iteration=        3400000       process=              0       (i,j,k)=              0              0              0       (x,y,z)=   5.000000e-03   5.000000e-03   5.253276e-03     particles=             80
fabric=[ ...   
   3.406846e-01   6.660084e-03  -4.552600e-04;
   6.660084e-03   3.072510e-01   5.909158e-04;
  -4.552600e-04   5.909158e-04   3.520644e-01]
sigma=[ ...    
  -3.167568e+02  -2.424377e+01   2.408502e+01;
  -2.424383e+01  -2.445372e+02  -2.610390e+01;
   2.408487e+01  -2.610403e+01  -3.730097e+02]
sigmaDot=[ ... 
   1.368853e+01   1.533588e+01  -8.879987e+00;
   1.325852e+01  -2.326023e+01  -4.999978e-01;
  -3.060750e+00  -2.309530e+00  -1.361561e+01]
intgraE=[ ...  
   4.533574e+01  -1.806153e+01  -6.086259e-02;
  -1.806153e+01   1.188843e+01   8.603429e-03;
  -6.086259e-02   8.603429e-03  -4.998743e-01]
E=[ ...        
   1.866163e+05  -5.255153e+04  -1.987545e+00;
  -5.255153e+04   8.844762e+05   1.427760e+00;
  -1.987545e+00   1.427760e+00  -4.997946e-01]
e=[ ...        
  -4.137045e+01  -4.045447e+00  -2.351896e+02;
  -4.045447e+00   1.091354e-01  -2.272359e+01;
  -2.351896e+02  -2.272359e+01  -1.320578e+03]
intgraF=[ ...  
   6.092484e+00  -3.970782e+00  -3.534438e-03;
  -5.138072e-01   2.636131e+00  -6.445928e-03;
  -7.368115e+00   1.435464e+00   1.404751e-02]
F=[ ...        
   5.032371e+02  -8.528692e+02  -2.713419e-03;
  -3.360981e+02  -1.006458e+03   2.804781e-03;
  -8.380941e+01   1.691469e+02   1.988935e-02]
R=[ ...        
   7.725912e-01  -6.102410e-01   1.752389e-01;
  -6.221064e-01  -7.827494e-01   1.693777e-02;
  -1.268320e-01   1.221032e-01   9.843802e-01]
U=[ ...        
   6.085151e+02  -5.424874e+01  -6.363842e-03;
  -5.424874e+01   1.328913e+03   1.888953e-03;
  -6.363842e-03   1.888953e-03   1.915069e-02]
l=[ ...        
  -2.006057e-02  -2.781127e-03   8.631262e-04;
  -1.843854e-02  -2.556588e-03   7.934074e-04;
  -2.278863e-05  -2.784775e-06   6.428654e-07]
d=[ ...        
  -2.006057e-02  -1.060983e-02   4.201688e-04;
  -1.060983e-02  -2.556588e-03   3.953113e-04;
   4.201688e-04   3.953113e-04   6.428654e-07]
     iteration=        3400000       process=              1       (i,j,k)=              0              0              1       (x,y,z)=   5.000000e-03   5.000000e-03   1.575983e-02     particles=             46
fabric=[ ...   
   3.546013e-01  -9.976432e-03   2.483709e-02;
  -9.976432e-03   3.200316e-01   3.457354e-03;
   2.483709e-02   3.457354e-03   3.253672e-01]
sigma=[ ...    
  -6.727279e+01   8.070973e+00   7.977848e-01;
   8.071120e+00  -7.666448e+01   1.504570e+00;
   7.977290e-01   1.504545e+00  -1.060441e+02]
sigmaDot=[ ... 
  -3.239735e+01   1.234881e+01   2.998586e+01;
   1.526071e+01  -1.513042e+01  -8.004244e+00;
   3.028153e+01  -4.211204e+00  -4.739988e+00]
intgraE=[ ...  
   9.541116e-02  -6.456881e-02  -6.784941e-01;
  -6.456881e-02   1.150405e-02   3.409816e-01;
  -6.784941e-01   3.409816e-01   3.604721e+00]
E=[ ...        
   6.649839e+05  -8.275410e+05   3.175636e+00;
  -8.275410e+05   1.803571e+06  -2.435672e+01;
   3.175636e+00  -2.435672e+01  -4.994458e-01]
e=[ ...        
  -1.548447e+05  -7.116522e+04   1.213614e+05;
  -7.116522e+04  -3.270628e+04   5.577640e+04;
   1.213614e+05   5.577640e+04  -9.511759e+04]
intgraF=[ ...  
   9.981293e-01   3.866489e-04  -9.610499e-02;
  -3.448878e-02   9.878713e-01   6.129185e-02;
  -4.397393e-01   2.170674e-01   2.862944e+00]
F=[ ...        
   4.045325e+02  -1.217120e+03   1.976895e-02;
  -1.073970e+03   1.174091e+03  -1.298039e-03;
  -1.136228e+02  -8.644495e+02   2.675489e-02]
R=[ ...        
   6.245680e-03  -6.724523e-01  -7.401141e-01;
  -8.660895e-01   3.663227e-01  -3.401420e-01;
  -4.998499e-01  -6.431295e-01   5.801160e-01]
U=[ ...        
   9.894754e+02  -5.923744e+02  -1.212574e-02;
  -5.923744e+02   1.804504e+03  -3.097604e-02;
  -1.212574e-02  -3.097604e-02   1.331179e-03]
l=[ ...        
  -1.207265e-06   4.356637e-07   3.122759e-07;
   1.592159e-07  -1.506294e-07  -2.627957e-07;
  -5.889119e-07   4.446525e-08  -2.599465e-07]
d=[ ...        
  -1.207265e-06   2.974398e-07  -1.383180e-07;
   2.974398e-07  -1.506294e-07  -1.091652e-07;
  -1.383180e-07  -1.091652e-07  -2.599465e-07]
     iteration=        3400000       process=              2       (i,j,k)=              0              1              0       (x,y,z)=   5.000000e-03   1.500000e-02   5.253276e-03     particles=             81
fabric=[ ...   
   3.310621e-01  -4.669547e-04   1.405437e-03;
  -4.669547e-04   3.223499e-01   1.548731e-02;
   1.405437e-03   1.548731e-02   3.465880e-01]
sigma=[ ...    
  -2.983291e+02  -7.119705e+00   2.963373e+01;
  -7.119568e+00  -2.536589e+02  -3.484378e+01;
   2.963377e+01  -3.484401e+01  -2.910075e+02]
sigmaDot=[ ... 
   3.994578e+00  -3.944109e+00   8.824947e-01;
  -3.871251e+00   6.229107e+00  -7.048014e-01;
   3.285439e-01  -8.547906e-01   4.873394e+00]
intgraE=[ ...  
   1.493987e+01  -1.572835e+01  -2.006393e-01;
  -1.572835e+01   1.588346e+01   2.068041e-01;
  -2.006393e-01   2.068041e-01  -4.973763e-01]
E=[ ...        
   3.378855e+05   1.169003e+05   6.554382e+02;
   1.169003e+05   1.935965e+05   3.661379e+01;
   6.554382e+02   3.661379e+01   1.009426e+00]
e=[ ...        
  -6.534901e+01   6.398102e+01   1.484646e+01;
   6.398102e+01  -6.166603e+01  -1.442530e+01;
   1.484646e+01  -1.442530e+01  -2.847317e+00]
intgraF=[ ...  
   4.292512e+00  -4.910795e+00  -5.941209e-02;
   1.160352e+00  -9.030303e-01  -1.380901e-02;
   3.332815e+00  -2.799204e+00  -3.907453e-02]
F=[ ...        
  -4.836536e+02   4.884472e+01  -1.250284e+00;
  -3.695665e+02   1.874834e+02  -1.065978e+00;
  -5.525141e+02  -5.913191e+02  -5.650936e-01]
R=[ ...        
  -6.535717e-01   2.624976e-01  -7.098866e-01;
  -5.572521e-01   4.678012e-01   6.860263e-01;
  -5.121661e-01  -8.439532e-01   1.594643e-01]
U=[ ...        
   8.050230e+02   1.664545e+02   1.700591e+00;
   1.664545e+02   5.995722e+02  -3.499500e-01;
   1.700591e+00  -3.499500e-01   6.615878e-02]
l=[ ...        
   2.702444e-03  -2.849920e-04  -2.526960e-03;
  -9.505442e-03   2.982287e-04  -4.904639e-04;
  -6.664352e-05  -3.302280e-06  -9.479237e-05]
d=[ ...        
   2.702444e-03  -4.895217e-03  -1.296802e-03;
  -4.895217e-03   2.982287e-04  -2.468831e-04;
  -1.296802e-03  -2.468831e-04  -9.479237e-05]
     iteration=        3400000       process=              3       (i,j,k)=              0              1              1       (x,y,z)=   5.000000e-03   1.500000e-02   1.575983e-02     particles=             39
fabric=[ ...   
   3.400431e-01   1.732591e-02   2.019408e-02;
   1.732591e-02   3.266942e-01   1.377526e-03;
   2.019408e-02   1.377526e-03   3.332628e-01]
sigma=[ ...    
  -1.012194e+02  -1.029813e+01  -9.162468e+00;
  -1.029713e+01  -8.807166e+01  -1.357736e+00;
  -9.165372e+00  -1.357659e+00  -1.335785e+02]
sigmaDot=[ ... 
   3.398237e+00  -9.443181e+00  -7.479472e+00;
  -9.358499e+00   4.570957e+00   1.515119e+00;
  -7.226792e+00   1.692391e+00  -3.287425e+00]
intgraE=[ ...  
  -4.111339e-02   7.395219e-02  -3.250967e-02;
   7.395219e-02   7.158015e-02  -4.380867e-02;
  -3.250967e-02  -4.380867e-02  -1.447513e-01]
E=[ ...        
   5.473218e+05  -5.361401e+05   9.185168e+00;
  -5.361401e+05   9.112407e+05  -1.844259e+00;
   9.185168e+00  -1.844259e+00  -4.995794e-01]
e=[ ...        
  -3.369210e+00   4.189917e+01   7.382736e+01;
   4.189917e+01  -4.532207e+02  -7.994670e+02;
   7.382736e+01  -7.994670e+02  -1.408180e+03]
intgraF=[ ...  
   9.471465e-01  -1.347555e-04  -9.096780e-02;
   1.362075e-01   1.067701e+00  -1.257955e-01;
   4.619818e-02   5.634629e-02   8.284913e-01]
F=[ ...        
  -5.673005e+02  -1.815181e+02  -2.392590e-02;
  -7.769845e+02   1.159322e+03   2.409732e-03;
   4.112297e+02  -6.674621e+02   1.621839e-02]
R=[ ...        
  -8.729067e-01  -4.857541e-01  -4.557223e-02;
  -4.425552e-01   7.490195e-01   4.930667e-01;
   2.053747e-01  -4.505694e-01   8.687971e-01]
U=[ ...        
   9.235151e+02  -4.916955e+02   2.314949e-02;
  -4.916955e+02   1.257266e+03   6.119533e-03;
   2.314949e-02   6.119533e-03   1.636900e-02]
l=[ ...        
  -6.180037e-08  -1.259011e-07  -2.607433e-07;
  -2.443565e-08   6.453640e-08   1.710364e-07;
   7.334400e-08  -1.028656e-07  -7.894334e-08]
d=[ ...        
  -6.180037e-08  -7.516836e-08  -9.369964e-08;
  -7.516836e-08   6.453640e-08   3.408540e-08;
  -9.369964e-08   3.408540e-08  -7.894334e-08]
     iteration=        3400000       process=              4       (i,j,k)=              1              0              0       (x,y,z)=   1.500000e-02   5.000000e-03   5.253276e-03     particles=             77
fabric=[ ...   
   3.321997e-01   4.590672e-03  -1.143968e-02;
   4.590672e-03   3.199091e-01   2.027224e-02;
  -1.143968e-02   2.027224e-02   3.478912e-01]
sigma=[ ...    
  -2.894543e+02   1.833793e+01  -4.021415e+00;
   1.833792e+01  -2.593583e+02  -4.840652e+01;
  -4.015644e+00  -4.840159e+01  -3.703035e+02]
sigmaDot=[ ... 
   6.734158e+01   8.337826e+01  -9.599103e+01;
   3.893066e+01  -1.386440e+01  -1.859505e+02;
  -1.105815e+02  -1.913650e+02   7.122291e+01]
intgraE=[ ...  
   1.997181e+01  -1.506898e+00   1.549266e-02;
  -1.506898e+00   2.806980e+00   2.983748e-02;
   1.549266e-02   2.983748e-02  -4.996866e-01]
E=[ ...        
   1.458644e+06  -7.916114e+05   8.648059e+00;
  -7.916114e+05   4.651794e+05  -4.765997e+00;
   8.648059e+00  -4.765997e+00  -4.996759e-01]
e=[ ...        
  -7.130271e+02   2.837033e+02   2.542341e+02;
   2.837033e+02  -1.123024e+02  -1.010852e+02;
   2.542341e+02  -1.010852e+02  -9.008515e+01]
intgraF=[ ...  
   4.235434e+00   9.829417e-01   1.482434e-02;
   8.721507e-01   1.543400e+00   1.753228e-02;
   4.716363e+00  -1.807125e+00  -9.985018e-03]
F=[ ...        
  -7.197140e+00  -1.217070e+02  -2.038578e-02;
  -1.149865e+03   4.504124e+02   1.727925e-03;
   1.262951e+03  -8.442013e+02   1.515203e-02]
R=[ ...        
  -2.039280e-01  -4.245356e-01  -8.821467e-01;
  -8.860274e-01  -3.032063e-01   3.507440e-01;
   4.163758e-01  -8.531327e-01   3.143180e-01]
U=[ ...        
   1.546142e+03  -7.257633e+02   8.935180e-03;
  -7.257633e+02   6.353169e+02  -4.796123e-03;
   8.935180e-03  -4.796123e-03   2.335186e-02]
l=[ ...        
  -7.333749e-07   2.876003e-04   2.109994e-04;
  -1.440763e-06   3.271484e-05   3.432238e-05;
   1.431663e-07   1.271663e-05  -3.344175e-06]
d=[ ...        
  -7.333749e-07   1.430798e-04   1.055713e-04;
   1.430798e-04   3.271484e-05   2.351951e-05;
   1.055713e-04   2.351951e-05  -3.344175e-06]
     iteration=        3400000       process=              5       (i,j,k)=              1              0              1       (x,y,z)=   1.500000e-02   5.000000e-03   1.575983e-02     particles=             35
fabric=[ ...   
   3.330019e-01   1.096332e-02   3.956546e-03;
   1.096332e-02   3.613500e-01   2.199398e-03;
   3.956546e-03   2.199398e-03   3.056481e-01]
sigma=[ ...    
  -1.117929e+02  -1.341992e+00   8.930626e-01;
  -1.341596e+00  -1.198460e+02   1.509287e+01;
   8.928976e-01   1.509300e+01  -1.336794e+02]
sigmaDot=[ ... 
   3.210359e+01   1.409562e+01   9.330849e+00;
   1.689886e+01   6.537327e+00  -3.073004e+01;
   3.145165e+01  -2.551591e+01  -2.928372e+00]
intgraE=[ ...  
  -9.614604e-03   1.044760e-02  -6.499421e-02;
   1.044760e-02   4.347371e-02   1.493198e-01;
  -6.499421e-02   1.493198e-01  -4.027498e-01]
E=[ ...        
   1.446285e+06  -4.948989e+05  -6.632023e+03;
  -4.948989e+05   9.678350e+05   9.123866e+03;
  -6.632023e+03   9.123866e+03   1.197083e+02]
e=[ ...        
   4.994273e-01  -2.034181e-03   3.976824e-04;
  -2.034181e-03   4.927722e-01   1.413318e-03;
   3.976824e-04   1.413318e-03   4.997233e-01]
intgraF=[ ...  
   9.892159e-01   2.952784e-02  -1.144070e-01;
   2.639660e-03   1.015634e+00   2.124687e-01;
  -4.707109e-02   2.335858e-01   3.691455e-01]
F=[ ...        
  -1.124083e+03   1.271325e+03   1.067151e+01;
   5.422837e+02  -2.595664e+02  -1.056540e+01;
   1.155394e+03   5.020247e+02   3.861076e+00]
R=[ ...        
  -5.138167e-01   8.180652e-01  -2.583831e-01;
   3.000325e-01  -1.108089e-01  -9.474713e-01;
   8.037244e-01   5.643499e-01   1.885107e-01]
U=[ ...        
   1.668894e+03  -3.276169e+02  -5.549921e+00;
  -3.276169e+02   1.352107e+03   1.207973e+01;
  -5.549921e+00   1.207973e+01   7.980928e+00]
l=[ ...        
   3.155873e-07   1.829103e-06   3.222310e-06;
  -4.810762e-07  -6.024993e-07  -1.244911e-06;
  -7.469897e-07  -1.291232e-06  -9.938300e-07]
d=[ ...        
   3.155873e-07   6.740134e-07   1.237660e-06;
   6.740134e-07  -6.024993e-07  -1.268072e-06;
   1.237660e-06  -1.268072e-06  -9.938300e-07]
     iteration=        3400000       process=              6       (i,j,k)=              1              1              0       (x,y,z)=   1.500000e-02   1.500000e-02   5.253276e-03     particles=             70
fabric=[ ...   
   3.125962e-01  -2.271928e-03   1.064057e-02;
  -2.271928e-03   3.300929e-01   2.115505e-02;
   1.064057e-02   2.115505e-02   3.573109e-01]
sigma=[ ...    
  -3.137724e+02  -4.050106e+01   1.805088e+01;
  -4.050462e+01  -3.486160e+02   2.113755e+01;
   1.805174e+01   2.113051e+01  -3.549309e+02]
sigmaDot=[ ... 
  -3.093963e+01  -2.916848e+00   4.469632e+00;
  -3.986348e+00  -3.670052e+01  -2.516466e-01;
   3.095246e+00   2.510361e+00  -3.102211e+01]
intgraE=[ ...  
   3.526785e-01  -8.463263e-01  -3.503905e-02;
  -8.463263e-01   3.497917e-01   3.671521e-02;
  -3.503905e-02   3.671521e-02  -4.981758e-01]
E=[ ...        
   1.326836e+06  -1.085551e+06  -1.181951e+00;
  -1.085551e+06   9.169499e+05   1.934762e+00;
  -1.181951e+00   1.934762e+00  -4.999347e-01]
e=[ ...        
  -4.422806e+02  -1.139230e+03   1.412319e+03;
  -1.139230e+03  -2.930625e+03   3.633756e+03;
   1.412319e+03   3.633756e+03  -4.504317e+03]
intgraF=[ ...  
   4.844582e-01  -6.106600e-01  -4.564366e-02;
  -1.109019e+00   1.053113e+00   3.584850e-02;
  -4.906468e-01   4.665089e-01   1.673095e-02]
F=[ ...        
   5.933960e+02  -2.693132e+02   4.845095e-03;
  -1.266334e+03   1.072983e+03  -2.490209e-03;
  -8.354353e+02   7.810754e+02   1.004554e-02]
R=[ ...        
   8.194793e-01   5.217977e-01  -2.370251e-01;
  -5.435797e-01   5.766252e-01  -6.099381e-01;
  -1.815896e-01   6.286736e-01   7.561711e-01]
U=[ ...        
   1.326336e+03  -9.457836e+02   3.499917e-03;
  -9.457836e+02   9.692236e+02   7.407608e-03;
   3.499917e-03   7.407608e-03   7.966610e-03]
l=[ ...        
   4.263687e-02   1.378325e-02  -4.191940e-03;
   1.829144e-01  -1.648290e-01   5.531896e-02;
  -4.512719e-02  -2.512984e-02   2.225557e-02]
d=[ ...        
   4.263687e-02   9.834883e-02  -2.465956e-02;
   9.834883e-02  -1.648290e-01   1.509456e-02;
  -2.465956e-02   1.509456e-02   2.225557e-02]
     iteration=        3400000       process=              7       (i,j,k)=              1              1              1       (x,y,z)=   1.500000e-02   1.500000e-02   1.575983e-02     particles=             48
fabric=[ ...   
   3.295687e-01  -1.015338e-02  -9.363665e-03;
  -1.015338e-02   3.120910e-01  -6.333301e-03;
  -9.363665e-03  -6.333301e-03   3.583403e-01]
sigma=[ ...    
  -7.720044e+01   4.979281e-01   1.203996e+01;
   4.979315e-01  -7.542346e+01   4.089470e+00;
   1.203995e+01   4.089454e+00  -1.002091e+02]
sigmaDot=[ ... 
  -1.810224e+00   6.677119e-02  -1.550013e+00;
  -2.190401e-01   3.119288e+00  -1.207596e+00;
  -3.350675e+00  -1.108301e+00  -7.532630e+00]
intgraE=[ ...  
   1.740593e-02   7.398292e-02  -9.779643e-02;
   7.398292e-02   1.064829e-02  -3.851894e-02;
  -9.779643e-02  -3.851894e-02  -4.664300e-01]
E=[ ...        
   6.940563e+05  -5.277906e+05   1.521941e+01;
  -5.277906e+05   4.208986e+05  -1.237949e+01;
   1.521941e+01  -1.237949e+01  -4.996319e-01]
e=[ ...        
  -2.901496e+04  -1.318875e+04  -7.421417e+04;
  -1.318875e+04  -5.994339e+03  -3.373346e+04;
  -7.421417e+04  -3.373346e+04  -1.898205e+05]
intgraF=[ ...  
   1.008011e+00   2.683121e-02  -1.737981e-01;
   1.045809e-01   9.911030e-01  -3.574202e-02;
  -8.825154e-02  -1.956822e-01   1.888298e-01]
F=[ ...        
  -6.868624e+02   6.663999e+02  -2.046772e-02;
  -8.595599e+02   5.223412e+02  -1.319020e-02;
   4.212961e+02  -3.533681e+02   1.196912e-02]
R=[ ...        
  -9.087298e-02   9.288243e-01   3.592039e-01;
  -9.737723e-01  -1.584258e-01   1.633060e-01;
   2.085898e-01  -3.349427e-01   9.188600e-01]
U=[ ...        
   9.873109e+02  -6.429081e+02   1.720085e-02;
  -6.429081e+02   6.545742e+02  -2.093021e-02;
   1.720085e-02  -2.093021e-02   1.491818e-03]
l=[ ...        
  -6.466677e-08   2.837506e-09  -7.938031e-08;
   8.962318e-08   6.321476e-09   1.424862e-07;
  -9.447504e-08   1.213550e-07  -1.801540e-07]
d=[ ...        
  -6.466677e-08   4.623034e-08  -8.692767e-08;
   4.623034e-08   6.321476e-09   1.319206e-07;
  -8.692767e-08   1.319206e-07  -1.801540e-07]
