     iteration=        1050000       process=              0       (i,j,k)=              0              0              0       (x,y,z)=   5.000000e-03   5.000000e-03   5.365740e-03     particles=             83
fabric=[ ...   
   3.345944e-01   1.095791e-03  -3.505441e-03;
   1.095791e-03   3.107034e-01   1.682054e-03;
  -3.505441e-03   1.682054e-03   3.547022e-01]
sigma=[ ...    
  -3.063199e+02  -2.049406e+01   2.483164e+01;
  -2.048589e+01  -2.335854e+02  -2.364589e+01;
   2.475297e+01  -2.361578e+01  -3.455759e+02]
sigmaDot=[ ... 
  -1.178553e+03  -2.099843e+03  -5.008165e+03;
  -1.267377e+02  -7.842496e+02   1.221493e+02;
  -1.601497e+03  -1.097239e+03   1.400898e+04]
intgraE=[ ...  
   4.532311e+01  -1.805399e+01  -6.085327e-02;
  -1.805399e+01   1.188530e+01   8.593862e-03;
  -6.085327e-02   8.593862e-03  -4.998743e-01]
E=[ ...        
   1.550013e+05  -7.138240e+04  -4.152741e+01;
  -7.138240e+04   8.633814e+05  -1.100670e+03;
  -4.152741e+01  -1.100670e+03   1.021193e+00]
e=[ ...        
  -4.212160e+01  -6.199123e+00  -2.152558e+02;
  -6.199123e+00  -4.016361e-01  -3.130800e+01;
  -2.152558e+02  -3.130800e+01  -1.086626e+03]
intgraF=[ ...  
   6.090237e+00  -3.969489e+00  -3.532640e-03;
  -5.142057e-01   2.636882e+00  -6.447123e-03;
  -7.368231e+00   1.435479e+00   1.404775e-02]
F=[ ...        
   4.869455e+02  -7.968957e+02   6.457331e-01;
  -2.548585e+02  -1.027913e+03   1.613086e+00;
  -8.907772e+01   1.873917e+02  -1.528672e-01]
R=[ ...        
   8.052834e-01  -5.601845e-01   1.941958e-01;
  -5.756427e-01  -8.171562e-01   2.985263e-02;
  -1.419654e-01   1.358272e-01   9.805084e-01]
U=[ ...        
   5.514826e+02  -7.661929e+01  -3.868612e-01;
  -7.661929e+01   1.311827e+03  -1.700636e+00;
  -3.868612e-01  -1.700636e+00   2.366599e-02]
l=[ ...        
  -8.548239e-03  -1.318797e-03  -5.838666e-04;
  -8.031849e-03  -1.379042e-03   1.189057e-03;
   2.261045e-04  -1.712410e-04   3.456614e-04]
d=[ ...        
  -8.548239e-03  -4.675323e-03  -1.788810e-04;
  -4.675323e-03  -1.379042e-03   5.089078e-04;
  -1.788810e-04   5.089078e-04   3.456614e-04]
     iteration=        1050000       process=              1       (i,j,k)=              0              0              1       (x,y,z)=   5.000000e-03   5.000000e-03   1.609722e-02     particles=             43
fabric=[ ...   
   3.439425e-01  -1.101137e-02   2.165284e-02;
  -1.101137e-02   3.156333e-01   1.898870e-03;
   2.165284e-02   1.898870e-03   3.404242e-01]
sigma=[ ...    
  -7.060313e+01   2.021565e+01   3.813321e+00;
   1.956432e+01  -8.391905e+01   5.437277e-01;
   3.626866e+00   1.925018e-01  -1.033010e+02]
sigmaDot=[ ... 
  -1.182088e+03  -1.032718e+04  -2.073783e+04;
   1.281589e+04  -4.002694e+04  -8.263212e+03;
  -1.844044e+04  -1.033394e+04   1.858088e+04]
intgraE=[ ...  
   9.998636e-02  -6.407827e-02  -6.966321e-01;
  -6.407827e-02   1.153110e-02   3.399179e-01;
  -6.966321e-01   3.399179e-01   3.647766e+00]
E=[ ...        
   6.766812e+05  -7.095148e+05   3.814838e+00;
  -7.095148e+05   1.604917e+06  -2.819117e+01;
   3.814838e+00  -2.819117e+01  -4.992938e-01]
e=[ ...        
  -3.417578e+04  -9.192022e+03   2.157831e+04;
  -9.192022e+03  -2.471778e+03   5.803683e+03;
   2.157831e+04   5.803683e+03  -1.362367e+04]
intgraF=[ ...  
   9.986177e-01  -5.220444e-04  -9.884106e-02;
  -3.035300e-02   9.878317e-01   5.486036e-02;
  -4.492373e-01   2.173719e-01   2.877977e+00]
F=[ ...        
   2.483561e+02  -9.480544e+02   2.332153e-02;
  -1.133009e+03   1.125191e+03  -3.923738e-03;
  -8.929138e+01  -1.022239e+03   2.920775e-02]
R=[ ...        
  -4.009460e-02  -5.643999e-01   8.245273e-01;
  -8.947769e-01   3.875465e-01   2.217700e-01;
  -4.447096e-01  -7.288762e-01  -5.205505e-01]
U=[ ...        
   1.043541e+03  -5.141835e+02  -1.041316e-02;
  -5.141835e+02   1.716231e+03  -3.597213e-02;
  -1.041316e-02  -3.597213e-02   3.154961e-03]
l=[ ...        
  -1.527641e-02   1.397274e-02   3.134588e-02;
  -2.211597e-04   2.753739e-04   1.138737e-04;
   6.279479e-03  -6.651826e-03  -1.335629e-02]
d=[ ...        
  -1.527641e-02   6.875790e-03   1.881268e-02;
   6.875790e-03   2.753739e-04  -3.268976e-03;
   1.881268e-02  -3.268976e-03  -1.335629e-02]
     iteration=        1050000       process=              2       (i,j,k)=              0              1              0       (x,y,z)=   5.000000e-03   1.500000e-02   5.365740e-03     particles=             81
fabric=[ ...   
   3.291505e-01   5.691783e-05  -4.355179e-03;
   5.691783e-05   3.156099e-01   1.673066e-02;
  -4.355179e-03   1.673066e-02   3.552396e-01]
sigma=[ ...    
  -2.882828e+02  -8.764720e+00   2.685756e+01;
  -8.775140e+00  -2.362878e+02  -2.112340e+01;
   2.685391e+01  -2.109648e+01  -2.886418e+02]
sigmaDot=[ ... 
  -1.137443e+03   3.084646e+03  -4.946939e+03;
  -5.231413e+02  -8.507911e+03   2.187082e+03;
  -2.930694e+02   7.236018e+03  -1.363324e+04]
intgraE=[ ...  
   1.493781e+01  -1.572619e+01  -2.006124e-01;
  -1.572619e+01   1.588122e+01   2.067760e-01;
  -2.006124e-01   2.067760e-01  -4.973767e-01]
E=[ ...        
   3.428911e+05   1.217720e+05   6.581460e+02;
   1.217720e+05   1.983014e+05   3.938020e+01;
   6.581460e+02   3.938020e+01   1.008817e+00]
e=[ ...        
  -6.301188e+01   6.169267e+01   1.426630e+01;
   6.169267e+01  -5.942557e+01  -1.385766e+01;
   1.426630e+01  -1.385766e+01  -2.704557e+00]
intgraF=[ ...  
   4.291931e+00  -4.910276e+00  -5.940509e-02;
   1.160743e+00  -9.034780e-01  -1.381443e-02;
   3.332811e+00  -2.799170e+00  -3.907427e-02]
F=[ ...        
  -4.847067e+02   4.774737e+01  -1.250445e+00;
  -3.693280e+02   1.877273e+02  -1.065361e+00;
  -5.607490e+02  -5.992349e+02  -5.648255e-01]
R=[ ...        
  -6.528816e-01   2.637738e-01  -7.100486e-01;
  -5.568228e-01   4.683713e-01   6.859859e-01;
  -5.135115e-01  -8.432388e-01   1.589158e-01]
U=[ ...        
   8.100573e+02   1.720098e+02   1.699654e+00;
   1.720098e+02   6.058187e+02  -3.525362e-01;
   1.699654e+00  -3.525362e-01   6.729495e-02]
l=[ ...        
   3.878185e-03  -7.456794e-04  -6.100537e-03;
  -1.441828e-02   6.522654e-04  -3.197106e-05;
  -6.200045e-05  -1.558589e-04  -6.669162e-04]
d=[ ...        
   3.878185e-03  -7.581982e-03  -3.081269e-03;
  -7.581982e-03   6.522654e-04  -9.391500e-05;
  -3.081269e-03  -9.391500e-05  -6.669162e-04]
     iteration=        1050000       process=              3       (i,j,k)=              0              1              1       (x,y,z)=   5.000000e-03   1.500000e-02   1.609722e-02     particles=             39
fabric=[ ...   
   3.271240e-01   2.074140e-02  -8.913866e-03;
   2.074140e-02   3.197816e-01   4.678624e-03;
  -8.913866e-03   4.678624e-03   3.530944e-01]
sigma=[ ...    
  -9.444773e+01   2.643819e+00  -4.624276e+00;
   3.515371e+00  -9.942051e+01  -9.871624e+00;
  -5.029542e+00  -9.829202e+00  -1.380384e+02]
sigmaDot=[ ... 
  -5.348091e+04   1.664832e+04  -2.878972e+04;
   5.136048e+05   3.465428e+04  -1.386303e+05;
  -2.139686e+04   1.249924e+05   5.905663e+04]
intgraE=[ ...  
  -4.449449e-02   8.082071e-02  -3.276876e-02;
   8.082071e-02   5.957919e-02  -3.813962e-02;
  -3.276876e-02  -3.813962e-02  -1.033764e-01]
E=[ ...        
   2.709913e+05  -2.027810e+05   4.377664e+00;
  -2.027810e+05   3.762218e+05   4.390246e+00;
   4.377664e+00   4.390246e+00  -4.994444e-01]
e=[ ...        
  -3.359523e+02  -4.210764e+02  -2.942816e+02;
  -4.210764e+02  -5.264850e+02  -3.682990e+02;
  -2.942816e+02  -3.682990e+02  -2.568966e+02]
intgraF=[ ...  
   9.411661e-01  -9.216109e-05  -9.820126e-02;
   1.513113e-01   1.057280e+00  -1.023514e-01;
   4.819084e-02   3.630908e-02   8.792770e-01]
F=[ ...        
  -2.427782e+02  -3.334715e+02  -3.308569e-02;
  -2.572462e+02   6.203461e+02  -4.027131e-03;
   6.456522e+02  -5.063715e+02  -4.849668e-04]
R=[ ...        
  -5.874583e-01  -5.955361e-01  -5.479320e-01;
  -9.241433e-02   7.220221e-01  -6.856703e-01;
   8.039604e-01  -3.521659e-01  -4.791939e-01]
U=[ ...        
   6.854741e+02  -2.685309e+02   1.941873e-02;
  -2.685309e+02   8.248247e+02   1.696683e-02;
   1.941873e-02   1.696683e-02   2.112238e-02]
l=[ ...        
  -2.178536e-01   8.778957e-02  -7.263543e-01;
  -2.907656e-01   5.051611e-01  -2.472622e+00;
  -6.299665e-02  -6.751282e-03  -4.310055e-02]
d=[ ...        
  -2.178536e-01  -1.014880e-01  -3.946755e-01;
  -1.014880e-01   5.051611e-01  -1.239687e+00;
  -3.946755e-01  -1.239687e+00  -4.310055e-02]
     iteration=        1050000       process=              4       (i,j,k)=              1              0              0       (x,y,z)=   1.500000e-02   5.000000e-03   5.365740e-03     particles=             79
fabric=[ ...   
   3.235773e-01   3.159904e-03  -3.242860e-03;
   3.159904e-03   3.247366e-01   1.609259e-02;
  -3.242860e-03   1.609259e-02   3.516861e-01]
sigma=[ ...    
  -2.889845e+02   1.662273e+01  -1.838231e+01;
   1.661064e+01  -2.715919e+02  -3.788441e+01;
  -1.836167e+01  -3.789786e+01  -3.754094e+02]
sigmaDot=[ ... 
   9.299161e+03  -2.249068e+03  -7.161589e+03;
  -1.284137e+03   7.568606e+03   2.084157e+03;
  -6.507403e+03   2.453947e+03   1.562509e+04]
intgraE=[ ...  
   1.997066e+01  -1.507130e+00   1.548821e-02;
  -1.507130e+00   2.807304e+00   2.984041e-02;
   1.548821e-02   2.984041e-02  -4.996866e-01]
E=[ ...        
   1.664888e+06  -7.951253e+05   1.449223e+01;
  -7.951253e+05   4.272048e+05  -5.162730e+00;
   1.449223e+01  -5.162730e+00  -4.996816e-01]
e=[ ...        
  -3.163989e+02   6.252474e+02   3.633214e+02;
   6.252474e+02  -1.233125e+03  -7.168400e+02;
   3.633214e+02  -7.168400e+02  -4.160443e+02]
intgraF=[ ...  
   4.235398e+00   9.829250e-01   1.482409e-02;
   8.717042e-01   1.543602e+00   1.753354e-02;
   4.716234e+00  -1.807141e+00  -9.985414e-03]
F=[ ...        
  -3.778131e+02  -9.445830e+01  -1.987250e-02;
  -1.036220e+03   4.257183e+02   1.043381e-03;
   1.453713e+03  -8.150167e+02   1.551719e-02]
R=[ ...        
  -5.291214e-01  -7.475928e-01  -4.014169e-01;
  -6.106045e-01   6.955329e-03   7.919052e-01;
   5.892306e-01  -6.641210e-01   4.601637e-01]
U=[ ...        
   1.689202e+03  -6.901984e+02   1.902107e-02;
  -6.901984e+02   6.148471e+02   4.558502e-03;
   1.902107e-02   4.558502e-03   1.594386e-02]
l=[ ...        
   9.202878e-05  -3.648098e-04  -4.302261e-04;
  -5.945800e-05  -5.387670e-05   1.065830e-04;
  -1.973131e-04  -6.487106e-05   2.659455e-04]
d=[ ...        
   9.202878e-05  -2.121339e-04  -3.137696e-04;
  -2.121339e-04  -5.387670e-05   2.085597e-05;
  -3.137696e-04   2.085597e-05   2.659455e-04]
     iteration=        1050000       process=              5       (i,j,k)=              1              0              1       (x,y,z)=   1.500000e-02   5.000000e-03   1.609722e-02     particles=             33
fabric=[ ...   
   3.261180e-01   9.352181e-03   9.098599e-03;
   9.352181e-03   3.703961e-01  -2.159069e-03;
   9.098599e-03  -2.159069e-03   3.034859e-01]
sigma=[ ...    
  -1.150733e+02  -1.746022e+01  -6.957983e-01;
  -1.743310e+01  -1.120747e+02   1.247713e+01;
  -4.629834e-01   1.265448e+01  -1.162206e+02]
sigmaDot=[ ... 
   1.456249e+04   8.206589e+03  -2.464925e+03;
   4.022808e+03   2.554034e+04  -5.388425e+03;
  -8.995108e+03  -1.701031e+04   2.157998e+04]
intgraE=[ ...  
  -9.529811e-03   1.001340e-02  -6.491478e-02;
   1.001340e-02   4.272421e-02   1.489335e-01;
  -6.491478e-02   1.489335e-01  -4.026993e-01]
E=[ ...        
   1.111893e+06  -1.024384e+06  -9.268238e+03;
  -1.024384e+06   1.069804e+06   1.019315e+04;
  -9.268238e+03   1.019315e+04   1.346709e+02]
e=[ ...        
   4.999449e-01  -5.869263e-04  -1.757954e-04;
  -5.869263e-04   4.937162e-01  -1.889521e-03;
  -1.757954e-04  -1.889521e-03   4.994279e-01]
intgraF=[ ...  
   9.893143e-01   2.843048e-02  -1.143354e-01;
   2.680947e-03   1.015466e+00   2.124318e-01;
  -4.680259e-02   2.312329e-01   3.693258e-01]
F=[ ...        
  -1.484034e+03   1.346539e+03   1.134048e+01;
   1.448929e+02  -2.761083e+02  -1.119614e+01;
  -2.089539e+01   5.002081e+02   4.047424e+00]
R=[ ...        
  -8.424630e-01   5.319660e-01  -8.525357e-02;
  -7.778145e-02  -2.766805e-01  -9.578089e-01;
   5.331098e-01   8.002875e-01  -2.744702e-01]
U=[ ...        
   1.227834e+03  -8.462670e+02  -6.525365e+00;
  -8.462670e+02   1.193017e+03   1.236961e+01;
  -6.525365e+00   1.236961e+01   8.646047e+00]
l=[ ...        
   7.469716e-04  -1.674158e-04  -2.637399e-04;
  -4.246546e-04   1.486702e-03   6.184867e-04;
  -9.041769e-04   3.950245e-04   3.376654e-04]
d=[ ...        
   7.469716e-04  -2.960352e-04  -5.839584e-04;
  -2.960352e-04   1.486702e-03   5.067556e-04;
  -5.839584e-04   5.067556e-04   3.376654e-04]
     iteration=        1050000       process=              6       (i,j,k)=              1              1              0       (x,y,z)=   1.500000e-02   1.500000e-02   5.365740e-03     particles=             70
fabric=[ ...   
   3.098701e-01   5.211046e-05   6.974768e-03;
   5.211046e-05   3.278718e-01   1.781653e-02;
   6.974768e-03   1.781653e-02   3.622581e-01]
sigma=[ ...    
  -3.305682e+02  -4.339961e+01   1.344955e+01;
  -4.340293e+01  -3.562930e+02   2.629540e+01;
   1.344141e+01   2.628110e+01  -3.529554e+02]
sigmaDot=[ ... 
   7.720611e+03   4.438725e+03   4.836048e+03;
   4.827839e+03   2.359212e+03  -7.275653e+02;
  -9.432424e+02  -8.167062e+03   4.955647e+03]
intgraE=[ ...  
   3.621928e-01  -8.556501e-01  -3.540933e-02;
  -8.556501e-01   3.589327e-01   3.707873e-02;
  -3.540933e-02   3.707873e-02  -4.981613e-01]
E=[ ...        
   1.245347e+06  -1.010284e+06   6.103168e-01;
  -1.010284e+06   8.493896e+05   4.019323e-01;
   6.103168e-01   4.019323e-01  -4.999359e-01]
e=[ ...        
  -4.643564e+02  -1.112291e+03   1.304514e+03;
  -1.112291e+03  -2.660948e+03   3.121392e+03;
   1.304514e+03   3.121392e+03  -3.660323e+03]
intgraF=[ ...  
   4.849627e-01  -6.112224e-01  -4.567638e-02;
  -1.116908e+00   1.060965e+00   3.618390e-02;
  -4.916445e-01   4.675744e-01   1.678701e-02]
F=[ ...        
   5.953185e+02  -2.660663e+02   4.574060e-03;
  -1.210132e+03   1.016165e+03  -4.930772e-03;
  -8.196778e+02   7.716197e+02   9.112452e-03]
R=[ ...        
   8.193635e-01   5.100698e-01  -2.616719e-01;
  -5.462802e-01   5.562824e-01  -6.262011e-01;
  -1.738428e-01   6.560325e-01   7.344386e-01]
U=[ ...        
   1.291349e+03  -9.072565e+02   4.857268e-03;
  -9.072565e+02   9.357702e+02   5.568253e-03;
   4.857268e-03   5.568253e-03   8.583288e-03]
l=[ ...        
   4.000930e-03  -2.913928e-03  -5.869934e-03;
  -1.745215e-02   2.039085e-02   2.974406e-02;
  -3.545790e-03   9.795576e-04   2.266354e-03]
d=[ ...        
   4.000930e-03  -1.018304e-02  -4.707862e-03;
  -1.018304e-02   2.039085e-02   1.536181e-02;
  -4.707862e-03   1.536181e-02   2.266354e-03]
     iteration=        1050000       process=              7       (i,j,k)=              1              1              1       (x,y,z)=   1.500000e-02   1.500000e-02   1.609722e-02     particles=             48
fabric=[ ...   
   3.132604e-01  -1.169924e-03  -3.150139e-02;
  -1.169924e-03   3.242072e-01  -2.436696e-03;
  -3.150139e-02  -2.436696e-03   3.625324e-01]
sigma=[ ...    
  -7.496275e+01  -4.221090e+00   8.795179e+00;
  -3.974522e+00  -7.531360e+01   3.645972e+00;
   8.631517e+00   3.184825e+00  -1.004127e+02]
sigmaDot=[ ... 
   2.067703e+04   4.762082e+03   1.038754e+05;
   2.767026e+04   7.063085e+03  -1.199565e+04;
   8.606200e+03   3.413318e+04   1.657834e+04]
intgraE=[ ...  
   1.763711e-02   7.523258e-02  -9.801381e-02;
   7.523258e-02   1.093040e-02  -3.964928e-02;
  -9.801381e-02  -3.964928e-02  -4.661844e-01]
E=[ ...        
   6.891711e+05  -5.239025e+05   1.521644e+01;
  -5.239025e+05   4.176051e+05  -1.238388e+01;
   1.521644e+01  -1.238388e+01  -4.996286e-01]
e=[ ...        
  -3.438178e+04  -1.543803e+04  -8.793136e+04;
  -1.543803e+04  -6.931350e+03  -3.948217e+04;
  -8.793136e+04  -3.948217e+04  -2.248806e+05]
intgraF=[ ...  
   1.007898e+00   2.673164e-02  -1.736563e-01;
   1.069567e-01   9.913617e-01  -3.780397e-02;
  -8.931168e-02  -1.958270e-01   1.898566e-01]
F=[ ...        
  -6.854539e+02   6.642481e+02  -2.068630e-02;
  -8.564186e+02   5.203153e+02  -1.316893e-02;
   4.183819e+02  -3.510808e+02   1.189167e-02]
R=[ ...        
  -9.204738e-02   9.286511e-01   3.593528e-01;
  -9.739997e-01  -1.589930e-01   1.613871e-01;
   2.070069e-01  -3.351542e-01   9.191408e-01]
U=[ ...        
   9.838536e+02  -6.406054e+02   1.719231e-02;
  -6.406054e+02   6.517944e+02  -2.110213e-02;
   1.719231e-02  -2.110213e-02   1.371141e-03]
l=[ ...        
   1.396571e-02  -1.367486e-02  -7.562623e-02;
   5.025059e-02  -5.450380e-02  -3.033099e-01;
   2.176978e-02  -2.275754e-02  -1.330988e-01]
d=[ ...        
   1.396571e-02   1.828786e-02  -2.692822e-02;
   1.828786e-02  -5.450380e-02  -1.630337e-01;
  -2.692822e-02  -1.630337e-01  -1.330988e-01]
