     iteration=        2000000       process=              0       (i,j,k)=              0              0              0       (x,y,z)=   5.000000e-03   5.000000e-03   5.253276e-03     particles=             80
fabric=[ ...   
   3.407046e-01   6.665221e-03  -4.656668e-04;
   6.665221e-03   3.072128e-01   5.730423e-04;
  -4.656668e-04   5.730423e-04   3.520826e-01]
sigma=[ ...    
  -3.170742e+02  -2.419657e+01   2.392993e+01;
  -2.419672e+01  -2.446699e+02  -2.607315e+01;
   2.392999e+01  -2.607344e+01  -3.735403e+02]
sigmaDot=[ ... 
  -1.058307e+01   4.199897e+00   3.560924e+00;
   3.585035e+00  -1.233202e+01  -4.003236e+00;
   2.159005e+00  -2.860873e+00  -2.931795e+00]
intgraE=[ ...  
   4.533007e+01  -1.805915e+01  -6.085544e-02;
  -1.805915e+01   1.188758e+01   8.600007e-03;
  -6.085544e-02   8.600007e-03  -4.998743e-01]
E=[ ...        
   1.858324e+05  -5.419163e+04  -1.991437e+00;
  -5.419163e+04   8.829742e+05   1.410068e+00;
  -1.991437e+00   1.410068e+00  -4.997947e-01]
e=[ ...        
  -4.177762e+01  -3.698406e+00  -2.364626e+02;
  -3.698406e+00   1.764661e-01  -2.068552e+01;
  -2.364626e+02  -2.068552e+01  -1.322057e+03]
intgraF=[ ...  
   6.091493e+00  -3.970209e+00  -3.533652e-03;
  -5.147518e-01   2.636678e+00  -6.445178e-03;
  -7.368099e+00   1.435454e+00   1.404749e-02]
F=[ ...        
   5.030449e+02  -8.536458e+02  -2.698987e-03;
  -3.338177e+02  -1.004441e+03   2.818187e-03;
  -8.471932e+01   1.683351e+02   1.988213e-02]
R=[ ...        
   7.723302e-01  -6.103606e-01   1.759716e-01;
  -6.221202e-01  -7.827703e-01   1.540033e-02;
  -1.283456e-01   1.213696e-01   9.842748e-01]
U=[ ...        
   6.070649e+02  -5.601856e+01  -6.389544e-03;
  -5.601856e+01   1.327709e+03   1.854449e-03;
  -6.389544e-03   1.854449e-03   1.913794e-02]
l=[ ...        
  -1.178952e-02  -1.634270e-03   5.070678e-04;
  -1.114089e-02  -1.544703e-03   4.791366e-04;
   1.407022e-04   1.917267e-05  -5.751561e-06]
d=[ ...        
  -1.178952e-02  -6.387579e-03   3.238850e-04;
  -6.387579e-03  -1.544703e-03   2.491546e-04;
   3.238850e-04   2.491546e-04  -5.751561e-06]
     iteration=        2000000       process=              1       (i,j,k)=              0              0              1       (x,y,z)=   5.000000e-03   5.000000e-03   1.575983e-02     particles=             46
fabric=[ ...   
   3.564787e-01  -1.130126e-02   2.350286e-02;
  -1.130126e-02   3.196542e-01   3.392458e-04;
   2.350286e-02   3.392458e-04   3.238671e-01]
sigma=[ ...    
  -6.728684e+01   8.021229e+00   7.059759e-01;
   8.021116e+00  -7.685007e+01   1.498122e+00;
   7.059578e-01   1.498146e+00  -1.060244e+02]
sigmaDot=[ ... 
   3.085715e+01  -6.366439e+00  -1.936054e+01;
  -1.897209e+00   1.766531e+00   4.591865e-01;
  -2.169007e+01  -3.720537e+00   1.250367e+00]
intgraE=[ ...  
   9.541114e-02  -6.456879e-02  -6.784940e-01;
  -6.456879e-02   1.150404e-02   3.409815e-01;
  -6.784940e-01   3.409815e-01   3.604721e+00]
E=[ ...        
   6.649839e+05  -8.275409e+05   3.175634e+00;
  -8.275409e+05   1.803571e+06  -2.435672e+01;
   3.175634e+00  -2.435672e+01  -4.994458e-01]
e=[ ...        
  -1.548175e+05  -7.115272e+04   1.213401e+05;
  -7.115272e+04  -3.270054e+04   5.576660e+04;
   1.213401e+05   5.576660e+04  -9.510090e+04]
intgraF=[ ...  
   9.981293e-01   3.866600e-04  -9.610489e-02;
  -3.448877e-02   9.878713e-01   6.129181e-02;
  -4.397393e-01   2.170674e-01   2.862944e+00]
F=[ ...        
   4.045324e+02  -1.217120e+03   1.976895e-02;
  -1.073970e+03   1.174091e+03  -1.298038e-03;
  -1.136228e+02  -8.644495e+02   2.675489e-02]
R=[ ...        
   6.245660e-03  -6.724524e-01  -7.401141e-01;
  -8.660895e-01   3.663227e-01  -3.401420e-01;
  -4.998499e-01  -6.431294e-01   5.801160e-01]
U=[ ...        
   9.894754e+02  -5.923744e+02  -1.212574e-02;
  -5.923744e+02   1.804504e+03  -3.097603e-02;
  -1.212574e-02  -3.097603e-02   1.331180e-03]
l=[ ...        
   1.021615e-06  -2.294461e-07  -5.244669e-07;
  -2.743485e-07  -1.175912e-07   3.005745e-07;
  -3.531760e-08   5.732381e-08   1.504318e-07]
d=[ ...        
   1.021615e-06  -2.518973e-07  -2.798922e-07;
  -2.518973e-07  -1.175912e-07   1.789491e-07;
  -2.798922e-07   1.789491e-07   1.504318e-07]
     iteration=        2000000       process=              2       (i,j,k)=              0              1              0       (x,y,z)=   5.000000e-03   1.500000e-02   5.253276e-03     particles=             81
fabric=[ ...   
   3.310425e-01  -4.804308e-04   1.628560e-03;
  -4.804308e-04   3.223679e-01   1.541741e-02;
   1.628560e-03   1.541741e-02   3.465896e-01]
sigma=[ ...    
  -2.982505e+02  -7.164624e+00   2.961752e+01;
  -7.164725e+00  -2.536107e+02  -3.486866e+01;
   2.961750e+01  -3.486858e+01  -2.909844e+02]
sigmaDot=[ ... 
   1.138776e+00   1.268934e+00   6.443132e-02;
   8.868303e-01   4.758486e-01  -9.162376e-01;
   2.330103e-01  -7.103572e-01  -7.345112e-01]
intgraE=[ ...  
   1.494388e+01  -1.573196e+01  -2.006887e-01;
  -1.573196e+01   1.588645e+01   2.068469e-01;
  -2.006887e-01   2.068469e-01  -4.973758e-01]
E=[ ...        
   3.427997e+05   1.217367e+05   6.584444e+02;
   1.217367e+05   1.983748e+05   3.940030e+01;
   6.584444e+02   3.940030e+01   1.010350e+00]
e=[ ...        
  -6.349396e+01   6.217616e+01   1.436822e+01;
   6.217616e+01  -5.990999e+01  -1.396008e+01;
   1.436822e+01  -1.396008e+01  -2.726020e+00]
intgraF=[ ...  
   4.292957e+00  -4.911018e+00  -5.941627e-02;
   1.162169e+00  -9.051344e-01  -1.383433e-02;
   3.332813e+00  -2.799203e+00  -3.907451e-02]
F=[ ...        
  -4.846925e+02   4.784166e+01  -1.250978e+00;
  -3.693131e+02   1.877425e+02  -1.065954e+00;
  -5.606079e+02  -5.993452e+02  -5.652408e-01]
R=[ ...        
  -6.529391e-01   2.638280e-01  -7.099756e-01;
  -5.568158e-01   4.682391e-01   6.860819e-01;
  -5.134460e-01  -8.432953e-01   1.588280e-01]
U=[ ...        
   8.099560e+02   1.719557e+02   1.700573e+00;
   1.719557e+02   6.059553e+02  -3.524995e-01;
   1.700573e+00  -3.524995e-01   6.705556e-02]
l=[ ...        
  -3.896191e-03   6.496882e-04   6.807930e-03;
   1.418151e-02  -5.293741e-04  -2.988835e-04;
  -1.987942e-05  -1.005552e-05  -1.442433e-04]
d=[ ...        
  -3.896191e-03   7.415598e-03   3.394025e-03;
   7.415598e-03  -5.293741e-04  -1.544695e-04;
   3.394025e-03  -1.544695e-04  -1.442433e-04]
     iteration=        2000000       process=              3       (i,j,k)=              0              1              1       (x,y,z)=   5.000000e-03   1.500000e-02   1.575983e-02     particles=             39
fabric=[ ...   
   3.401903e-01   1.684132e-02   1.968429e-02;
   1.684132e-02   3.264894e-01   1.228563e-03;
   1.968429e-02   1.228563e-03   3.333202e-01]
sigma=[ ...    
  -1.009427e+02  -1.023733e+01  -9.287707e+00;
  -1.024036e+01  -8.770439e+01  -1.423643e+00;
  -9.283335e+00  -1.423952e+00  -1.334434e+02]
sigmaDot=[ ... 
   2.072495e+00   3.571020e-01   1.306219e+00;
   5.536725e-02   2.668687e+00  -1.241295e+00;
   1.155955e+00  -1.074963e+00   1.564681e+00]
intgraE=[ ...  
  -4.111339e-02   7.395219e-02  -3.250967e-02;
   7.395219e-02   7.158015e-02  -4.380868e-02;
  -3.250967e-02  -4.380868e-02  -1.447513e-01]
E=[ ...        
   5.583288e+05  -5.829602e+05   7.676760e+00;
  -5.829602e+05   9.244451e+05  -3.209606e-01;
   7.676760e+00  -3.209606e-01  -4.995267e-01]
e=[ ...        
   4.654939e-01   3.229075e+00   6.118516e+00;
   3.229075e+00  -3.016931e+02  -5.726016e+02;
   6.118516e+00  -5.726016e+02  -1.084477e+03]
intgraF=[ ...  
   9.471465e-01  -1.347453e-04  -9.096779e-02;
   1.362075e-01   1.067701e+00  -1.257955e-01;
   4.619818e-02   5.634629e-02   8.284913e-01]
F=[ ...        
  -5.269514e+02  -1.386250e+02  -2.412488e-02;
  -8.112913e+02   1.195956e+03   6.207387e-03;
   4.251910e+02  -6.319527e+02   1.805514e-02]
R=[ ...        
  -8.720993e-01  -4.893031e-01  -5.033403e-03;
  -4.347902e-01   7.701381e-01   4.667384e-01;
   2.245002e-01  -4.092307e-01   8.843811e-01]
U=[ ...        
   9.077508e+02  -5.409686e+02   2.239376e-02;
  -5.409686e+02   1.247495e+03   9.196208e-03;
   2.239376e-02   9.196208e-03   1.898628e-02]
l=[ ...        
  -1.175455e-08   3.747456e-08   1.927566e-08;
   4.131524e-09   6.144501e-09   4.558826e-08;
   7.385939e-08  -2.576577e-08   1.029459e-07]
d=[ ...        
  -1.175455e-08   2.080304e-08   4.656752e-08;
   2.080304e-08   6.144501e-09   9.911248e-09;
   4.656752e-08   9.911248e-09   1.029459e-07]
     iteration=        2000000       process=              4       (i,j,k)=              1              0              0       (x,y,z)=   1.500000e-02   5.000000e-03   5.253276e-03     particles=             77
fabric=[ ...   
   3.322144e-01   4.587474e-03  -1.145829e-02;
   4.587474e-03   3.198871e-01   2.024863e-02;
  -1.145829e-02   2.024863e-02   3.478985e-01]
sigma=[ ...    
  -2.892639e+02   1.823843e+01  -3.801551e+00;
   1.823823e+01  -2.589400e+02  -4.827265e+01;
  -3.792440e+00  -4.825852e+01  -3.697910e+02]
sigmaDot=[ ... 
   4.682604e+01   1.325221e+02  -1.862743e+01;
   1.148755e+02   4.259461e+00   8.917717e+01;
  -1.725450e+02  -2.010304e+02   5.005650e+01]
intgraE=[ ...  
   1.997192e+01  -1.506967e+00   1.549212e-02;
  -1.506967e+00   2.807015e+00   2.983774e-02;
   1.549212e-02   2.983774e-02  -4.996866e-01]
E=[ ...        
   1.458526e+06  -7.915101e+05   8.648136e+00;
  -7.915101e+05   4.650957e+05  -4.766184e+00;
   8.648136e+00  -4.766184e+00  -4.996759e-01]
e=[ ...        
  -7.131459e+02   2.837068e+02   2.542032e+02;
   2.837068e+02  -1.122864e+02  -1.010574e+02;
   2.542032e+02  -1.010574e+02  -9.004808e+01]
intgraF=[ ...  
   4.235455e+00   9.829269e-01   1.482423e-02;
   8.721553e-01   1.543407e+00   1.753236e-02;
   4.716365e+00  -1.807147e+00  -9.985240e-03]
F=[ ...        
  -7.275278e+00  -1.216293e+02  -2.038520e-02;
  -1.149846e+03   4.503910e+02   1.728104e-03;
   1.262876e+03  -8.441248e+02   1.515194e-02]
R=[ ...        
  -2.039299e-01  -4.244478e-01  -8.821886e-01;
  -8.860389e-01  -3.032161e-01   3.507065e-01;
   4.163504e-01  -8.531729e-01   3.142424e-01]
U=[ ...        
   1.546091e+03  -7.257118e+02   8.934500e-03;
  -7.257118e+02   6.352439e+02  -4.798760e-03;
   8.934500e-03  -4.798760e-03   2.335103e-02]
l=[ ...        
   1.200414e-07   2.299607e-04   1.636274e-04;
   8.547500e-08   3.692949e-05   2.447101e-05;
   4.295535e-07   3.277985e-05  -5.419185e-06]
d=[ ...        
   1.200414e-07   1.150231e-04   8.202847e-05;
   1.150231e-04   3.692949e-05   2.862543e-05;
   8.202847e-05   2.862543e-05  -5.419185e-06]
     iteration=        2000000       process=              5       (i,j,k)=              1              0              1       (x,y,z)=   1.500000e-02   5.000000e-03   1.575983e-02     particles=             35
fabric=[ ...   
   3.330019e-01   1.096332e-02   3.956541e-03;
   1.096332e-02   3.613500e-01   2.199389e-03;
   3.956541e-03   2.199389e-03   3.056481e-01]
sigma=[ ...    
  -1.123869e+02  -1.911034e+00   1.088320e+00;
  -1.911129e+00  -1.196867e+02   1.548804e+01;
   1.088456e+00   1.548775e+01  -1.337139e+02]
sigmaDot=[ ... 
  -3.072195e+01  -1.041796e+01   9.066865e+00;
  -2.481561e-01  -2.849771e+01  -1.991031e+01;
  -3.591189e+00  -1.048993e+01  -3.517468e+01]
intgraE=[ ...  
  -9.614594e-03   1.044749e-02  -6.499427e-02;
   1.044749e-02   4.347372e-02   1.493198e-01;
  -6.499427e-02   1.493198e-01  -4.027498e-01]
E=[ ...        
   1.446285e+06  -4.948988e+05  -6.632021e+03;
  -4.948988e+05   9.678349e+05   9.123865e+03;
  -6.632021e+03   9.123865e+03   1.197083e+02]
e=[ ...        
   4.994273e-01  -2.034181e-03   3.976825e-04;
  -2.034181e-03   4.927722e-01   1.413318e-03;
   3.976825e-04   1.413318e-03   4.997233e-01]
intgraF=[ ...  
   9.892159e-01   2.952754e-02  -1.144071e-01;
   2.639701e-03   1.015634e+00   2.124687e-01;
  -4.707096e-02   2.335858e-01   3.691455e-01]
F=[ ...        
  -1.124083e+03   1.271325e+03   1.067151e+01;
   5.422837e+02  -2.595663e+02  -1.056540e+01;
   1.155394e+03   5.020247e+02   3.861076e+00]
R=[ ...        
  -5.138166e-01   8.180652e-01  -2.583831e-01;
   3.000325e-01  -1.108089e-01  -9.474713e-01;
   8.037244e-01   5.643498e-01   1.885107e-01]
U=[ ...        
   1.668894e+03  -3.276168e+02  -5.549919e+00;
  -3.276168e+02   1.352107e+03   1.207973e+01;
  -5.549919e+00   1.207973e+01   7.980928e+00]
l=[ ...        
  -1.538180e-07  -9.434076e-07  -1.821464e-06;
   4.419261e-07  -3.188480e-07  -5.023611e-07;
   1.436998e-06   4.802432e-07   2.019283e-07]
d=[ ...        
  -1.538180e-07  -2.507407e-07  -1.922327e-07;
  -2.507407e-07  -3.188480e-07  -1.105896e-08;
  -1.922327e-07  -1.105896e-08   2.019283e-07]
     iteration=        2000000       process=              6       (i,j,k)=              1              1              0       (x,y,z)=   1.500000e-02   1.500000e-02   5.253276e-03     particles=             70
fabric=[ ...   
   3.123277e-01  -2.936941e-03   9.731085e-03;
  -2.936941e-03   3.305643e-01   2.223678e-02;
   9.731085e-03   2.223678e-02   3.571079e-01]
sigma=[ ...    
  -3.144480e+02  -4.058018e+01   1.809358e+01;
  -4.058625e+01  -3.491137e+02   2.116503e+01;
   1.809294e+01   2.115643e+01  -3.557883e+02]
sigmaDot=[ ... 
   1.197887e+01  -1.257824e+00   3.582042e-01;
  -8.970024e-01   1.072442e+01  -1.413143e+00;
   6.244462e-01  -1.508888e+00   1.148111e+01]
intgraE=[ ...  
   3.544986e-01  -8.483784e-01  -3.516303e-02;
  -8.483784e-01   3.520654e-01   3.684702e-02;
  -3.516303e-02   3.684702e-02  -4.981690e-01]
E=[ ...        
   1.117922e+06  -8.898598e+05   2.968523e-03;
  -8.898598e+05   7.359076e+05   9.375517e-01;
   2.968523e-03   9.375517e-01  -4.999357e-01]
e=[ ...        
  -5.905637e+02  -1.380523e+03   1.523765e+03;
  -1.380523e+03  -3.223932e+03   3.558995e+03;
   1.523765e+03   3.558995e+03  -3.927772e+03]
intgraF=[ ...  
   4.848777e-01  -6.111755e-01  -4.568055e-02;
  -1.110236e+00   1.054672e+00   3.596896e-02;
  -4.911895e-01   4.671863e-01   1.678079e-02]
F=[ ...        
   6.122501e+02  -2.831199e+02   4.740467e-03;
  -1.120689e+03   9.268040e+02  -4.004309e-03;
  -7.778492e+02   7.298586e+02   9.492844e-03]
R=[ ...        
   8.301519e-01   4.842951e-01  -2.762356e-01;
  -5.336356e-01   5.466697e-01  -6.452792e-01;
  -1.614960e-01   6.830889e-01   7.122560e-01]
U=[ ...        
   1.231920e+03  -8.474774e+02   4.539093e-03;
  -8.474774e+02   8.681004e+02   6.591207e-03;
   4.539093e-03   6.591207e-03   8.035747e-03]
l=[ ...        
   2.235888e-02   1.045927e-02  -1.406771e-02;
   9.835532e-02  -4.401466e-03  -1.321604e-01;
  -2.230599e-02  -5.080874e-03   1.388031e-02]
d=[ ...        
   2.235888e-02   5.440729e-02  -1.818685e-02;
   5.440729e-02  -4.401466e-03  -6.862063e-02;
  -1.818685e-02  -6.862063e-02   1.388031e-02]
     iteration=        2000000       process=              7       (i,j,k)=              1              1              1       (x,y,z)=   1.500000e-02   1.500000e-02   1.575983e-02     particles=             48
fabric=[ ...   
   3.295687e-01  -1.015338e-02  -9.363665e-03;
  -1.015338e-02   3.120910e-01  -6.333302e-03;
  -9.363665e-03  -6.333302e-03   3.583403e-01]
sigma=[ ...    
  -7.719620e+01   4.758386e-01   1.208240e+01;
   4.758489e-01  -7.533882e+01   4.108732e+00;
   1.208240e+01   4.108749e+00  -1.001860e+02]
sigmaDot=[ ... 
  -2.282994e-01   5.708373e-02   1.047562e+00;
   3.916350e-01   4.318938e+00   1.075055e+00;
   2.156892e+00   2.055507e+00   2.082043e+00]
intgraE=[ ...  
   1.740593e-02   7.398290e-02  -9.779643e-02;
   7.398290e-02   1.064828e-02  -3.851894e-02;
  -9.779643e-02  -3.851894e-02  -4.664300e-01]
E=[ ...        
   6.940563e+05  -5.277906e+05   1.521941e+01;
  -5.277906e+05   4.208986e+05  -1.237949e+01;
   1.521941e+01  -1.237949e+01  -4.996319e-01]
e=[ ...        
  -2.902120e+04  -1.319159e+04  -7.423015e+04;
  -1.319159e+04  -5.995631e+03  -3.374073e+04;
  -7.423015e+04  -3.374073e+04  -1.898614e+05]
intgraF=[ ...  
   1.008011e+00   2.683119e-02  -1.737981e-01;
   1.045809e-01   9.911030e-01  -3.574203e-02;
  -8.825153e-02  -1.956823e-01   1.888298e-01]
F=[ ...        
  -6.868624e+02   6.663999e+02  -2.046772e-02;
  -8.595599e+02   5.223412e+02  -1.319020e-02;
   4.212961e+02  -3.533681e+02   1.196912e-02]
R=[ ...        
  -9.087297e-02   9.288244e-01   3.592039e-01;
  -9.737723e-01  -1.584258e-01   1.633060e-01;
   2.085898e-01  -3.349427e-01   9.188600e-01]
U=[ ...        
   9.873109e+02  -6.429081e+02   1.720085e-02;
  -6.429081e+02   6.545742e+02  -2.093021e-02;
   1.720085e-02  -2.093021e-02   1.491819e-03]
l=[ ...        
   1.629420e-08  -9.190438e-08  -3.467605e-08;
   7.548489e-08   2.949108e-07  -6.426652e-08;
   6.699601e-08   5.807818e-08  -1.134863e-07]
d=[ ...        
   1.629420e-08  -8.209748e-09   1.615998e-08;
  -8.209748e-09   2.949108e-07  -3.094171e-09;
   1.615998e-08  -3.094171e-09  -1.134863e-07]
