     iteration=        1500000       process=              0       (i,j,k)=              0              0              0       (x,y,z)=   5.000000e-03   5.000000e-03   5.253276e-03     particles=             80
fabric=[ ...   
   3.406939e-01   6.662268e-03  -4.603166e-04;
   6.662268e-03   3.072332e-01   5.829097e-04;
  -4.603166e-04   5.829097e-04   3.520729e-01]
sigma=[ ...    
  -3.169731e+02  -2.416390e+01   2.403662e+01;
  -2.416341e+01  -2.443512e+02  -2.622563e+01;
   2.403680e+01  -2.622220e+01  -3.733920e+02]
sigmaDot=[ ... 
   2.681456e+02   9.546618e+01  -5.142763e+01;
   1.658134e+02  -5.432196e+02  -3.672164e+02;
   2.272939e+01  -5.681050e+02  -7.938495e+02]
intgraE=[ ...  
   4.533249e+01  -1.806016e+01  -6.085849e-02;
  -1.806016e+01   1.188794e+01   8.601472e-03;
  -6.085849e-02   8.601472e-03  -4.998743e-01]
E=[ ...        
   1.862500e+05  -5.331751e+04  -1.989355e+00;
  -5.331751e+04   8.837745e+05   1.419508e+00;
  -1.989355e+00   1.419508e+00  -4.997947e-01]
e=[ ...        
  -4.155942e+01  -3.884549e+00  -2.357808e+02;
  -3.884549e+00   1.412277e-01  -2.177639e+01;
  -2.357808e+02  -2.177639e+01  -1.321263e+03]
intgraF=[ ...  
   6.091917e+00  -3.970454e+00  -3.533989e-03;
  -5.143462e-01   2.636443e+00  -6.445500e-03;
  -7.368105e+00   1.435458e+00   1.404750e-02]
F=[ ...        
   5.031479e+02  -8.532312e+02  -2.706668e-03;
  -3.350342e+02  -1.005517e+03   2.811021e-03;
  -8.423355e+01   1.687686e+02   1.988600e-02]
R=[ ...        
   7.724701e-01  -6.102964e-01   1.755797e-01;
  -6.221129e-01  -7.827594e-01   1.622280e-02;
  -1.275359e-01   1.217620e-01   9.843315e-01]
U=[ ...        
   6.078387e+02  -5.507467e+01  -6.375772e-03;
  -5.507467e+01   1.328351e+03   1.872876e-03;
  -6.375772e-03   1.872876e-03   1.914479e-02]
l=[ ...        
  -1.763135e-02  -2.434627e-03   7.651972e-04;
  -1.640952e-02  -2.269944e-03   6.992498e-04;
   8.018163e-05   8.125986e-06  -1.890363e-05]
d=[ ...        
  -1.763135e-02  -9.422073e-03   4.226894e-04;
  -9.422073e-03  -2.269944e-03   3.536879e-04;
   4.226894e-04   3.536879e-04  -1.890363e-05]
     iteration=        1500000       process=              1       (i,j,k)=              0              0              1       (x,y,z)=   5.000000e-03   5.000000e-03   1.575983e-02     particles=             46
fabric=[ ...   
   3.547058e-01  -1.147668e-02   2.342456e-02;
  -1.147668e-02   3.172298e-01   1.953987e-03;
   2.342456e-02   1.953987e-03   3.280644e-01]
sigma=[ ...    
  -6.505518e+01   7.145684e+00   6.918203e-01;
   7.244790e+00  -7.569122e+01   2.379166e+00;
   9.401898e-01   2.448141e+00  -1.054445e+02]
sigmaDot=[ ... 
  -2.718501e+02   6.824077e+02   4.829520e+03;
  -1.852882e+03  -9.403458e+02  -2.581973e+02;
  -7.528902e+03  -4.145663e+03   2.726654e+03]
intgraE=[ ...  
   9.540840e-02  -6.456661e-02  -6.784928e-01;
  -6.456661e-02   1.150186e-02   3.409786e-01;
  -6.784928e-01   3.409786e-01   3.604736e+00]
E=[ ...        
   6.650170e+05  -8.275300e+05   3.175595e+00;
  -8.275300e+05   1.803502e+06  -2.435598e+01;
   3.175595e+00  -2.435598e+01  -4.994459e-01]
e=[ ...        
  -1.548212e+05  -7.115393e+04   1.213500e+05;
  -7.115393e+04  -3.270087e+04   5.577080e+04;
   1.213500e+05   5.577080e+04  -9.511424e+04]
intgraF=[ ...  
   9.981260e-01   3.892136e-04  -9.609632e-02;
  -3.448627e-02   9.878689e-01   6.128258e-02;
  -4.397409e-01   2.170683e-01   2.862950e+00]
F=[ ...        
   4.045215e+02  -1.217115e+03   1.976921e-02;
  -1.074003e+03   1.174063e+03  -1.298433e-03;
  -1.136450e+02  -8.644138e+02   2.675352e-02]
R=[ ...        
   6.230825e-03  -6.724678e-01  -7.401001e-01;
  -8.660955e-01   3.663167e-01  -3.401333e-01;
  -4.998398e-01  -6.431167e-01   5.801389e-01]
U=[ ...        
   9.895138e+02  -5.923659e+02  -1.212473e-02;
  -5.923659e+02   1.804469e+03  -3.097544e-02;
  -1.212473e-02  -3.097544e-02   1.331203e-03]
l=[ ...        
   6.203569e-04  -5.679246e-04  -1.112098e-03;
   1.876978e-04  -1.963938e-04  -3.095290e-04;
   4.276625e-04  -3.148478e-04  -7.685222e-04]
d=[ ...        
   6.203569e-04  -1.901134e-04  -3.422177e-04;
  -1.901134e-04  -1.963938e-04  -3.121884e-04;
  -3.422177e-04  -3.121884e-04  -7.685222e-04]
     iteration=        1500000       process=              2       (i,j,k)=              0              1              0       (x,y,z)=   5.000000e-03   1.500000e-02   5.253276e-03     particles=             81
fabric=[ ...   
   3.319443e-01  -1.800045e-03   1.551165e-03;
  -1.800045e-03   3.200895e-01   1.602579e-02;
   1.551165e-03   1.602579e-02   3.479661e-01]
sigma=[ ...    
  -2.982417e+02  -7.348323e+00   2.949731e+01;
  -7.201578e+00  -2.534462e+02  -3.443393e+01;
   2.949462e+01  -3.448447e+01  -2.915783e+02]
sigmaDot=[ ... 
  -2.355319e+03   4.542267e+03  -1.453919e+05;
  -8.037266e+03  -2.259111e+03  -1.195085e+03;
  -7.463733e+03  -5.912540e+04  -2.679014e+02]
intgraE=[ ...  
   1.493986e+01  -1.572835e+01  -2.006392e-01;
  -1.572835e+01   1.588345e+01   2.068040e-01;
  -2.006392e-01   2.068040e-01  -4.973763e-01]
E=[ ...        
   3.378770e+05   1.169018e+05   6.553903e+02;
   1.169018e+05   1.935909e+05   3.661603e+01;
   6.553903e+02   3.661603e+01   1.009258e+00]
e=[ ...        
  -6.534973e+01   6.398137e+01   1.484681e+01;
   6.398137e+01  -6.166602e+01  -1.442556e+01;
   1.484681e+01  -1.442556e+01  -2.847438e+00]
intgraF=[ ...  
   4.292512e+00  -4.910797e+00  -5.941210e-02;
   1.160354e+00  -9.030261e-01  -1.380900e-02;
   3.332812e+00  -2.799201e+00  -3.907450e-02]
F=[ ...        
  -4.836451e+02   4.883662e+01  -1.250216e+00;
  -3.695589e+02   1.874763e+02  -1.065922e+00;
  -5.525113e+02  -5.913125e+02  -5.650541e-01]
R=[ ...        
  -6.535714e-01   2.624940e-01  -7.098882e-01;
  -5.572536e-01   4.678026e-01   6.860241e-01;
  -5.121648e-01  -8.439536e-01   1.594667e-01]
U=[ ...        
   8.050114e+02   1.664593e+02   1.700495e+00;
   1.664593e+02   5.995615e+02  -3.499360e-01;
   1.700495e+00  -3.499360e-01   6.615820e-02]
l=[ ...        
   2.912340e-03  -3.673902e-04  -6.559323e-04;
  -9.603743e-03   2.731189e-04  -1.033539e-03;
  -2.990827e-05   7.104023e-05  -8.442843e-05]
d=[ ...        
   2.912340e-03  -4.985566e-03  -3.429203e-04;
  -4.985566e-03   2.731189e-04  -4.812494e-04;
  -3.429203e-04  -4.812494e-04  -8.442843e-05]
     iteration=        1500000       process=              3       (i,j,k)=              0              1              1       (x,y,z)=   5.000000e-03   1.500000e-02   1.575983e-02     particles=             39
fabric=[ ...   
   3.371985e-01   1.308814e-02   2.173842e-02;
   1.308814e-02   3.282514e-01  -2.830085e-04;
   2.173842e-02  -2.830085e-04   3.345501e-01]
sigma=[ ...    
  -1.018481e+02  -9.163092e+00  -9.678374e+00;
  -8.745698e+00  -8.576821e+01  -1.399482e+00;
  -8.898198e+00  -2.253500e+00  -1.346871e+02]
sigmaDot=[ ... 
  -9.450933e+04   1.187548e+05  -2.358073e+06;
   6.102247e+05   3.115806e+04   3.169400e+04;
  -6.412484e+04  -1.524617e+06   6.390085e+04]
intgraE=[ ...  
  -4.111496e-02   7.394698e-02  -3.251270e-02;
   7.394698e-02   7.157761e-02  -4.380594e-02;
  -3.251270e-02  -4.380594e-02  -1.447451e-01]
E=[ ...        
   5.470593e+05  -5.405540e+05   9.113437e+00;
  -5.405540e+05   9.233462e+05  -1.691704e+00;
   9.113437e+00  -1.691704e+00  -4.995768e-01]
e=[ ...        
  -2.798168e+00   3.854709e+01   6.826496e+01;
   3.854709e+01  -4.500164e+02  -7.978419e+02;
   6.826496e+01  -7.978419e+02  -1.412438e+03]
intgraF=[ ...  
   9.471463e-01  -1.366944e-04  -9.096919e-02;
   1.362003e-01   1.067699e+00  -1.257906e-01;
   4.619007e-02   5.634543e-02   8.284994e-01]
F=[ ...        
  -5.668667e+02  -1.804431e+02  -2.404639e-02;
  -7.769186e+02   1.169083e+03   2.639583e-03;
   4.113139e+02  -6.688628e+02   1.615923e-02]
R=[ ...        
  -8.741789e-01  -4.837780e-01  -4.207313e-02;
  -4.397319e-01   7.518645e-01   4.912592e-01;
   2.060271e-01  -4.479493e-01   8.699967e-01]
U=[ ...        
   9.219207e+02  -4.941476e+02   2.318938e-02;
  -4.941476e+02   1.265903e+03   6.379209e-03;
   2.318938e-02   6.379209e-03   1.636690e-02]
l=[ ...        
  -8.286857e-04   1.374651e-03  -4.170138e-03;
  -5.335407e-04   1.907193e-03  -5.516780e-03;
  -3.275144e-04   1.600773e-03  -4.716221e-03]
d=[ ...        
  -8.286857e-04   4.205554e-04  -2.248826e-03;
   4.205554e-04   1.907193e-03  -1.958003e-03;
  -2.248826e-03  -1.958003e-03  -4.716221e-03]
     iteration=        1500000       process=              4       (i,j,k)=              1              0              0       (x,y,z)=   1.500000e-02   5.000000e-03   5.253276e-03     particles=             77
fabric=[ ...   
   3.322035e-01   4.589657e-03  -1.145003e-02;
   4.589657e-03   3.199002e-01   2.025590e-02;
  -1.145003e-02   2.025590e-02   3.478964e-01]
sigma=[ ...    
  -2.889814e+02   1.828953e+01  -3.756662e+00;
   1.828775e+01  -2.587088e+02  -4.828298e+01;
  -3.753100e+00  -4.827587e+01  -3.695805e+02]
sigmaDot=[ ... 
  -2.042352e+02   2.499809e+02   5.068929e+02;
   2.888079e+02   3.171577e+01  -4.059867e+02;
   3.254391e+02  -5.811044e+02  -6.570858e+02]
intgraE=[ ...  
   1.997172e+01  -1.507031e+00   1.549118e-02;
  -1.507031e+00   2.807029e+00   2.983778e-02;
   1.549118e-02   2.983778e-02  -4.996866e-01]
E=[ ...        
   1.458478e+06  -7.914695e+05   8.648041e+00;
  -7.914695e+05   4.650642e+05  -4.766097e+00;
   8.648041e+00  -4.766097e+00  -4.996759e-01]
e=[ ...        
  -7.131659e+02   2.837097e+02   2.542019e+02;
   2.837097e+02  -1.122856e+02  -1.010551e+02;
   2.542019e+02  -1.010551e+02  -9.004465e+01]
intgraF=[ ...  
   4.235410e+00   9.829199e-01   1.482407e-02;
   8.721486e-01   1.543409e+00   1.753237e-02;
   4.716366e+00  -1.807157e+00  -9.985337e-03]
F=[ ...        
  -7.287143e+00  -1.216177e+02  -2.038502e-02;
  -1.149834e+03   4.503775e+02   1.728111e-03;
   1.262849e+03  -8.440963e+02   1.515192e-02]
R=[ ...        
  -2.039296e-01  -4.244380e-01  -8.821934e-01;
  -8.860398e-01  -3.032185e-01   3.507022e-01;
   4.163487e-01  -8.531770e-01   3.142337e-01]
U=[ ...        
   1.546070e+03  -7.256893e+02   8.934413e-03;
  -7.256893e+02   6.352199e+02  -4.799083e-03;
   8.934413e-03  -4.799083e-03   2.335083e-02]
l=[ ...        
   2.954615e-06  -2.990830e-05  -2.869918e-05;
  -3.577519e-06  -5.814522e-06  -1.690955e-05;
   4.777403e-08   2.337327e-05  -1.736113e-05]
d=[ ...        
   2.954615e-06  -1.674291e-05  -1.432570e-05;
  -1.674291e-05  -5.814522e-06   3.231860e-06;
  -1.432570e-05   3.231860e-06  -1.736113e-05]
     iteration=        1500000       process=              5       (i,j,k)=              1              0              1       (x,y,z)=   1.500000e-02   5.000000e-03   1.575983e-02     particles=             35
fabric=[ ...   
   3.330609e-01   7.185394e-03   4.723591e-03;
   7.185394e-03   3.589191e-01   3.254558e-03;
   4.723591e-03   3.254558e-03   3.080200e-01]
sigma=[ ...    
  -1.117459e+02  -1.985809e+00   1.204051e+00;
  -1.990850e+00  -1.195595e+02   1.546888e+01;
   1.209122e+00   1.546515e+01  -1.338188e+02]
sigmaDot=[ ... 
  -2.095316e+01   2.697544e+02   9.308998e+01;
   1.768694e+02   9.129937e+01  -7.800545e+00;
  -2.204871e+02  -9.454310e+01  -3.472368e+02]
intgraE=[ ...  
  -9.614705e-03   1.044756e-02  -6.499422e-02;
   1.044756e-02   4.347326e-02   1.493197e-01;
  -6.499422e-02   1.493197e-01  -4.027498e-01]
E=[ ...        
   1.446286e+06  -4.948994e+05  -6.632009e+03;
  -4.948994e+05   9.678353e+05   9.123845e+03;
  -6.632009e+03   9.123845e+03   1.197077e+02]
e=[ ...        
   4.994273e-01  -2.034194e-03   3.976851e-04;
  -2.034194e-03   4.927722e-01   1.413327e-03;
   3.976851e-04   1.413327e-03   4.997233e-01]
intgraF=[ ...  
   9.892158e-01   2.952752e-02  -1.144071e-01;
   2.639869e-03   1.015634e+00   2.124686e-01;
  -4.707092e-02   2.335860e-01   3.691455e-01]
F=[ ...        
  -1.124084e+03   1.271325e+03   1.067148e+01;
   5.422840e+02  -2.595666e+02  -1.056537e+01;
   1.155394e+03   5.020245e+02   3.861064e+00]
R=[ ...        
  -5.138166e-01   8.180652e-01  -2.583832e-01;
   3.000326e-01  -1.108090e-01  -9.474713e-01;
   8.037245e-01   5.643498e-01   1.885107e-01]
U=[ ...        
   1.668894e+03  -3.276171e+02  -5.549907e+00;
  -3.276171e+02   1.352107e+03   1.207970e+01;
  -5.549907e+00   1.207970e+01   7.980903e+00]
l=[ ...        
  -7.198825e-06   5.841222e-05   2.108498e-06;
   2.238897e-05   2.606056e-05  -2.725287e-06;
   1.889226e-05  -3.577063e-05  -2.753111e-06]
d=[ ...        
  -7.198825e-06   4.040060e-05   1.050038e-05;
   4.040060e-05   2.606056e-05  -1.924796e-05;
   1.050038e-05  -1.924796e-05  -2.753111e-06]
     iteration=        1500000       process=              6       (i,j,k)=              1              1              0       (x,y,z)=   1.500000e-02   1.500000e-02   5.253276e-03     particles=             70
fabric=[ ...   
   3.123793e-01  -2.521108e-03   1.007630e-02;
  -2.521108e-03   3.305137e-01   2.180042e-02;
   1.007630e-02   2.180042e-02   3.571070e-01]
sigma=[ ...    
  -3.135735e+02  -4.048984e+01   1.804983e+01;
  -4.049749e+01  -3.480867e+02   2.109664e+01;
   1.805557e+01   2.108615e+01  -3.546876e+02]
sigmaDot=[ ... 
   7.242450e+01  -2.582668e+02  -2.084695e+02;
  -2.593998e+02  -1.918508e+02   4.632604e+01;
  -1.593260e+02   4.833720e+01  -3.524958e+02]
intgraE=[ ...  
   3.613886e-01  -8.548271e-01  -3.536791e-02;
  -8.548271e-01   3.580993e-01   3.703842e-02;
  -3.536791e-02   3.703842e-02  -4.981629e-01]
E=[ ...        
   1.330923e+06  -1.088980e+06  -1.149378e+00;
  -1.088980e+06   9.193560e+05   1.890745e+00;
  -1.149378e+00   1.890745e+00  -4.999350e-01]
e=[ ...        
  -4.173046e+02  -1.095451e+03   1.370947e+03;
  -1.095451e+03  -2.871686e+03   3.594516e+03;
   1.370947e+03   3.594516e+03  -4.498004e+03]
intgraF=[ ...  
   4.852499e-01  -6.115262e-01  -4.569209e-02;
  -1.116116e+00   1.060053e+00   3.612031e-02;
  -4.915239e-01   4.674625e-01   1.678310e-02]
F=[ ...        
   5.947151e+02  -2.718858e+02   4.831353e-03;
  -1.270119e+03   1.077007e+03  -2.501865e-03;
  -8.336417e+02   7.777198e+02   1.001594e-02]
R=[ ...        
   8.207739e-01   5.222112e-01  -2.315720e-01;
  -5.413337e-01   5.815420e-01  -6.072617e-01;
  -1.824500e-01   6.237823e-01   7.600050e-01]
U=[ ...        
   1.327783e+03  -9.480717e+02   3.492385e-03;
  -9.480717e+02   9.694705e+02   7.315811e-03;
   3.492385e-03   7.315811e-03   8.012643e-03]
l=[ ...        
   3.090668e-02  -1.683404e-02  -2.920626e-03;
   1.195592e-01   1.291657e-01  -2.704506e-02;
  -2.408775e-02   2.112447e-02  -1.660119e-02]
d=[ ...        
   3.090668e-02   5.136259e-02  -1.350419e-02;
   5.136259e-02   1.291657e-01  -2.960295e-03;
  -1.350419e-02  -2.960295e-03  -1.660119e-02]
     iteration=        1500000       process=              7       (i,j,k)=              1              1              1       (x,y,z)=   1.500000e-02   1.500000e-02   1.575983e-02     particles=             48
fabric=[ ...   
   3.295687e-01  -1.015337e-02  -9.363674e-03;
  -1.015337e-02   3.120910e-01  -6.333303e-03;
  -9.363674e-03  -6.333303e-03   3.583403e-01]
sigma=[ ...    
  -7.680593e+01   6.098911e-01   1.175315e+01;
   6.110022e-01  -7.488690e+01   4.006989e+00;
   1.174931e+01   4.003923e+00  -9.987542e+01]
sigmaDot=[ ... 
   9.418191e+02  -1.390246e+02  -2.180838e+02;
  -1.841952e+02   1.730994e+01   3.261953e+02;
  -2.030052e+02   5.981558e+02   3.725728e+02]
intgraE=[ ...  
   1.740614e-02   7.398328e-02  -9.779649e-02;
   7.398328e-02   1.064864e-02  -3.851902e-02;
  -9.779649e-02  -3.851902e-02  -4.664300e-01]
E=[ ...        
   6.940562e+05  -5.277905e+05   1.521941e+01;
  -5.277905e+05   4.208985e+05  -1.237949e+01;
   1.521941e+01  -1.237949e+01  -4.996319e-01]
e=[ ...        
  -2.900674e+04  -1.318501e+04  -7.419317e+04;
  -1.318501e+04  -5.992643e+03  -3.372392e+04;
  -7.419317e+04  -3.372392e+04  -1.897668e+05]
intgraF=[ ...  
   1.008011e+00   2.683138e-02  -1.737981e-01;
   1.045814e-01   9.911033e-01  -3.574214e-02;
  -8.825167e-02  -1.956823e-01   1.888298e-01]
F=[ ...        
  -6.868623e+02   6.663998e+02  -2.046772e-02;
  -8.595599e+02   5.223412e+02  -1.319021e-02;
   4.212960e+02  -3.533680e+02   1.196912e-02]
R=[ ...        
  -9.087294e-02   9.288244e-01   3.592038e-01;
  -9.737723e-01  -1.584257e-01   1.633060e-01;
   2.085897e-01  -3.349426e-01   9.188600e-01]
U=[ ...        
   9.873108e+02  -6.429080e+02   1.720086e-02;
  -6.429080e+02   6.545741e+02  -2.093022e-02;
   1.720086e-02  -2.093022e-02   1.491820e-03]
l=[ ...        
  -8.069383e-05  -5.018761e-05   5.066334e-05;
   5.454508e-05   2.137721e-05  -3.814194e-05;
  -3.727183e-05   2.220161e-05   2.600755e-05]
d=[ ...        
  -8.069383e-05   2.178732e-06   6.695755e-06;
   2.178732e-06   2.137721e-05  -7.970165e-06;
   6.695755e-06  -7.970165e-06   2.600755e-05]
