     iteration=        2550000       process=              0       (i,j,k)=              0              0              0       (x,y,z)=   5.000000e-03   5.000000e-03   5.253276e-03     particles=             80
fabric=[ ...   
   3.406944e-01   6.662481e-03  -4.604990e-04;
   6.662481e-03   3.072323e-01   5.821204e-04;
  -4.604990e-04   5.821204e-04   3.520733e-01]
sigma=[ ...    
  -3.169458e+02  -2.421893e+01   2.399071e+01;
  -2.421914e+01  -2.445948e+02  -2.609299e+01;
   2.399060e+01  -2.609316e+01  -3.733277e+02]
sigmaDot=[ ... 
   9.327318e+00  -1.895572e+01   1.123943e+01;
  -1.396733e+01   2.151733e+01   1.743562e+00;
   7.505522e+00   1.776022e+00   8.478581e+00]
intgraE=[ ...  
   4.534825e+01  -1.806685e+01  -6.087815e-02;
  -1.806685e+01   1.189040e+01   8.610906e-03;
  -6.087815e-02   8.610906e-03  -4.998743e-01]
E=[ ...        
   1.862279e+05  -5.336389e+04  -1.989466e+00;
  -5.336389e+04   8.837321e+05   1.419008e+00;
  -1.989466e+00   1.419008e+00  -4.997947e-01]
e=[ ...        
  -4.157095e+01  -3.874722e+00  -2.358169e+02;
  -3.874722e+00   1.431383e-01  -2.171867e+01;
  -2.358169e+02  -2.171867e+01  -1.321305e+03]
intgraF=[ ...  
   6.094704e+00  -3.972066e+00  -3.536202e-03;
  -5.117515e-01   2.634942e+00  -6.447560e-03;
  -7.368120e+00   1.435466e+00   1.404751e-02]
F=[ ...        
   5.031425e+02  -8.532531e+02  -2.706260e-03;
  -3.349697e+02  -1.005460e+03   2.811399e-03;
  -8.425932e+01   1.687456e+02   1.988580e-02]
R=[ ...        
   7.724627e-01  -6.102998e-01   1.756004e-01;
  -6.221133e-01  -7.827600e-01   1.617925e-02;
  -1.275788e-01   1.217412e-01   9.843286e-01]
U=[ ...        
   6.077977e+02  -5.512471e+01  -6.376500e-03;
  -5.512471e+01   1.328317e+03   1.871901e-03;
  -6.376500e-03   1.871901e-03   1.914442e-02]
l=[ ...        
   1.821406e-02   2.523974e-03  -7.832268e-04;
   1.697007e-02   2.352656e-03  -7.304758e-04;
  -9.427175e-05  -1.300377e-05   4.102579e-06]
d=[ ...        
   1.821406e-02   9.747020e-03  -4.387493e-04;
   9.747020e-03   2.352656e-03  -3.717398e-04;
  -4.387493e-04  -3.717398e-04   4.102579e-06]
     iteration=        2550000       process=              1       (i,j,k)=              0              0              1       (x,y,z)=   5.000000e-03   5.000000e-03   1.575983e-02     particles=             46
fabric=[ ...   
   3.564787e-01  -1.130125e-02   2.350287e-02;
  -1.130125e-02   3.196542e-01   3.392485e-04;
   2.350287e-02   3.392485e-04   3.238671e-01]
sigma=[ ...    
  -6.730460e+01   7.998363e+00   7.269794e-01;
   7.998206e+00  -7.669779e+01   1.509240e+00;
   7.270896e-01   1.509174e+00  -1.060239e+02]
sigmaDot=[ ... 
   3.703716e+01  -1.149662e+01  -3.479578e+01;
  -1.081697e+01   1.827862e+01   1.476641e+01;
  -3.819503e+01   1.106419e+01   2.808449e+01]
intgraE=[ ...  
   9.541109e-02  -6.456877e-02  -6.784939e-01;
  -6.456877e-02   1.150404e-02   3.409815e-01;
  -6.784939e-01   3.409815e-01   3.604720e+00]
E=[ ...        
   6.649840e+05  -8.275410e+05   3.175638e+00;
  -8.275410e+05   1.803571e+06  -2.435673e+01;
   3.175638e+00  -2.435673e+01  -4.994458e-01]
e=[ ...        
  -1.548502e+05  -7.116773e+04   1.213657e+05;
  -7.116773e+04  -3.270743e+04   5.577837e+04;
   1.213657e+05   5.577837e+04  -9.512095e+04]
intgraF=[ ...  
   9.981293e-01   3.866703e-04  -9.610486e-02;
  -3.448875e-02   9.878713e-01   6.129176e-02;
  -4.397393e-01   2.170674e-01   2.862944e+00]
F=[ ...        
   4.045325e+02  -1.217120e+03   1.976895e-02;
  -1.073970e+03   1.174091e+03  -1.298042e-03;
  -1.136228e+02  -8.644495e+02   2.675489e-02]
R=[ ...        
   6.245676e-03  -6.724523e-01  -7.401141e-01;
  -8.660895e-01   3.663227e-01  -3.401420e-01;
  -4.998499e-01  -6.431295e-01   5.801160e-01]
U=[ ...        
   9.894754e+02  -5.923744e+02  -1.212574e-02;
  -5.923744e+02   1.804504e+03  -3.097603e-02;
  -1.212574e-02  -3.097603e-02   1.331182e-03]
l=[ ...        
   1.436483e-06  -5.848245e-07  -5.094243e-07;
  -1.734396e-07   3.158882e-07   4.502053e-07;
   5.533274e-07   5.713580e-08   4.587274e-07]
d=[ ...        
   1.436483e-06  -3.791320e-07   2.195158e-08;
  -3.791320e-07   3.158882e-07   2.536706e-07;
   2.195158e-08   2.536706e-07   4.587274e-07]
     iteration=        2550000       process=              2       (i,j,k)=              0              1              0       (x,y,z)=   5.000000e-03   1.500000e-02   5.253276e-03     particles=             81
fabric=[ ...   
   3.310621e-01  -4.643057e-04   1.403021e-03;
  -4.643057e-04   3.223508e-01   1.549191e-02;
   1.403021e-03   1.549191e-02   3.465871e-01]
sigma=[ ...    
  -2.982777e+02  -7.149022e+00   2.963840e+01;
  -7.148870e+00  -2.536349e+02  -3.485008e+01;
   2.963842e+01  -3.485029e+01  -2.910351e+02]
sigmaDot=[ ... 
  -2.242447e-01   3.756148e-01  -1.327962e-01;
   2.095276e-01   3.926845e-01   6.734878e-01;
   9.025230e-01   6.374826e-01   3.049308e-01]
intgraE=[ ...  
   1.493968e+01  -1.572816e+01  -2.006369e-01;
  -1.572816e+01   1.588326e+01   2.068016e-01;
  -2.006369e-01   2.068016e-01  -4.973764e-01]
E=[ ...        
   3.378936e+05   1.169115e+05   6.554186e+02;
   1.169115e+05   1.936090e+05   3.662043e+01;
   6.554186e+02   3.662043e+01   1.009324e+00]
e=[ ...        
  -6.511279e+01   6.375233e+01   1.479413e+01;
   6.375233e+01  -6.144464e+01  -1.437464e+01;
   1.479413e+01  -1.437464e+01  -2.835726e+00]
intgraF=[ ...  
   4.292465e+00  -4.910754e+00  -5.941152e-02;
   1.160373e+00  -9.030488e-01  -1.380926e-02;
   3.332812e+00  -2.799201e+00  -3.907450e-02]
F=[ ...        
  -4.836588e+02   4.884099e+01  -1.250328e+00;
  -3.695549e+02   1.874902e+02  -1.065847e+00;
  -5.525319e+02  -5.913383e+02  -5.650639e-01]
R=[ ...        
  -6.535770e-01   2.624995e-01  -7.098811e-01;
  -5.572416e-01   4.678083e-01   6.860300e-01;
  -5.121708e-01  -8.439487e-01   1.594730e-01]
U=[ ...        
   8.050304e+02   1.664675e+02   1.700529e+00;
   1.664675e+02   5.995894e+02  -3.499376e-01;
   1.700529e+00  -3.499376e-01   6.626894e-02]
l=[ ...        
   3.172198e-03  -3.418880e-04  -3.077628e-03;
  -1.114527e-02   3.474276e-04  -5.566459e-04;
  -6.760079e-05  -3.497271e-06  -1.178741e-04]
d=[ ...        
   3.172198e-03  -5.743580e-03  -1.572615e-03;
  -5.743580e-03   3.474276e-04  -2.800716e-04;
  -1.572615e-03  -2.800716e-04  -1.178741e-04]
     iteration=        2550000       process=              3       (i,j,k)=              0              1              1       (x,y,z)=   5.000000e-03   1.500000e-02   1.575983e-02     particles=             39
fabric=[ ...   
   3.400249e-01   1.749904e-02   2.044070e-02;
   1.749904e-02   3.267264e-01   1.321021e-03;
   2.044070e-02   1.321021e-03   3.332488e-01]
sigma=[ ...    
  -1.011564e+02  -1.037849e+01  -9.170397e+00;
  -1.037707e+01  -8.793679e+01  -1.335026e+00;
  -9.177127e+00  -1.334572e+00  -1.335879e+02]
sigmaDot=[ ... 
  -7.209637e+00   8.711783e+00   3.834797e+00;
   8.464442e+00  -1.405406e+01  -1.694475e+00;
   3.246511e+00  -1.824369e+00   1.453000e+00]
intgraE=[ ...  
  -4.111339e-02   7.395220e-02  -3.250966e-02;
   7.395220e-02   7.158015e-02  -4.380868e-02;
  -3.250966e-02  -4.380868e-02  -1.447513e-01]
E=[ ...        
   5.288726e+05  -4.700754e+05   9.373954e+00;
  -4.700754e+05   6.970689e+05  -2.281375e+00;
   9.373954e+00  -2.281375e+00  -4.995808e-01]
e=[ ...        
   5.595607e-03   1.439260e+01   2.838950e+01;
   1.439260e+01  -4.184843e+02  -8.264495e+02;
   2.838950e+01  -8.264495e+02  -1.629677e+03]
intgraF=[ ...  
   9.471465e-01  -1.347411e-04  -9.096779e-02;
   1.362075e-01   1.067701e+00  -1.257955e-01;
   4.619819e-02   5.634628e-02   8.284913e-01]
F=[ ...        
  -6.096971e+02  -5.982911e+01  -2.408663e-02;
  -7.429821e+02   1.051357e+03   2.363717e-03;
   3.660511e+02  -5.340476e+02   1.589548e-02]
R=[ ...        
  -8.956070e-01  -4.445734e-01  -1.557377e-02;
  -4.028823e-01   7.957807e-01   4.521272e-01;
   1.886104e-01  -4.112027e-01   8.918175e-01]
U=[ ...        
   9.144243e+02  -4.707169e+02   2.361791e-02;
  -4.707169e+02   1.082850e+03   6.053011e-03;
   2.361791e-02   6.053011e-03   1.561969e-02]
l=[ ...        
  -5.945753e-08   1.265071e-07   1.294170e-07;
   1.489309e-07  -1.444080e-07  -1.761590e-07;
  -3.113807e-08  -5.056543e-08   9.282076e-09]
d=[ ...        
  -5.945753e-08   1.377190e-07   4.913947e-08;
   1.377190e-07  -1.444080e-07  -1.133622e-07;
   4.913947e-08  -1.133622e-07   9.282076e-09]
     iteration=        2550000       process=              4       (i,j,k)=              1              0              0       (x,y,z)=   1.500000e-02   5.000000e-03   5.253276e-03     particles=             77
fabric=[ ...   
   3.322066e-01   4.589113e-03  -1.144915e-02;
   4.589113e-03   3.198984e-01   2.026000e-02;
  -1.144915e-02   2.026000e-02   3.478950e-01]
sigma=[ ...    
  -2.893866e+02   1.824102e+01  -3.898876e+00;
   1.824350e+01  -2.591121e+02  -4.830645e+01;
  -3.890440e+00  -4.829042e+01  -3.700156e+02]
sigmaDot=[ ... 
  -4.897156e+01   9.300150e+01   6.811658e+01;
   8.831025e+01  -1.271711e+01   1.443735e+02;
  -5.304561e+01  -1.780890e+02  -1.101897e+02]
intgraE=[ ...  
   1.997192e+01  -1.506931e+00   1.549250e-02;
  -1.506931e+00   2.807000e+00   2.983764e-02;
   1.549250e-02   2.983764e-02  -4.996866e-01]
E=[ ...        
   1.458573e+06  -7.915501e+05   8.648089e+00;
  -7.915501e+05   4.651290e+05  -4.766088e+00;
   8.648089e+00  -4.766088e+00  -4.996759e-01]
e=[ ...        
  -7.130952e+02   2.837057e+02   2.542170e+02;
   2.837057e+02  -1.122935e+02  -1.010696e+02;
   2.542170e+02  -1.010696e+02  -9.006433e+01]
intgraF=[ ...  
   4.235456e+00   9.829327e-01   1.482429e-02;
   8.721549e-01   1.543405e+00   1.753234e-02;
   4.716365e+00  -1.807137e+00  -9.985136e-03]
F=[ ...        
  -7.241715e+00  -1.216627e+02  -2.038543e-02;
  -1.149853e+03   4.503988e+02   1.728024e-03;
   1.262906e+03  -8.441553e+02   1.515198e-02]
R=[ ...        
  -2.039290e-01  -4.244860e-01  -8.821704e-01;
  -8.860339e-01  -3.032120e-01   3.507228e-01;
   4.163616e-01  -8.531554e-01   3.142753e-01]
U=[ ...        
   1.546111e+03  -7.257319e+02   8.934795e-03;
  -7.257319e+02   6.352734e+02  -4.797616e-03;
   8.934795e-03  -4.797616e-03   2.335138e-02]
l=[ ...        
  -1.853090e-06   5.249797e-04   3.899455e-04;
   2.066713e-06   8.162678e-05   5.868123e-05;
   5.687360e-07   2.649264e-05  -5.804122e-06]
d=[ ...        
  -1.853090e-06   2.635232e-04   1.952571e-04;
   2.635232e-04   8.162678e-05   4.258693e-05;
   1.952571e-04   4.258693e-05  -5.804122e-06]
     iteration=        2550000       process=              5       (i,j,k)=              1              0              1       (x,y,z)=   1.500000e-02   5.000000e-03   1.575983e-02     particles=             35
fabric=[ ...   
   3.330019e-01   1.096332e-02   3.956543e-03;
   1.096332e-02   3.613500e-01   2.199392e-03;
   3.956543e-03   2.199392e-03   3.056481e-01]
sigma=[ ...    
  -1.121759e+02  -1.700726e+00   9.971987e-01;
  -1.701268e+00  -1.197186e+02   1.533472e+01;
   9.971396e-01   1.533434e+01  -1.337176e+02]
sigmaDot=[ ... 
  -2.072554e+01  -2.405738e+01   8.859513e+00;
  -1.352651e+01  -2.687679e+01   3.219599e+00;
  -1.757258e+01   9.954976e+00   2.926362e+01]
intgraE=[ ...  
  -9.614576e-03   1.044747e-02  -6.499428e-02;
   1.044747e-02   4.347372e-02   1.493198e-01;
  -6.499428e-02   1.493198e-01  -4.027498e-01]
E=[ ...        
   1.446285e+06  -4.948988e+05  -6.632022e+03;
  -4.948988e+05   9.678349e+05   9.123866e+03;
  -6.632022e+03   9.123866e+03   1.197083e+02]
e=[ ...        
   4.994273e-01  -2.034181e-03   3.976825e-04;
  -2.034181e-03   4.927722e-01   1.413318e-03;
   3.976825e-04   1.413318e-03   4.997233e-01]
intgraF=[ ...  
   9.892160e-01   2.952749e-02  -1.144072e-01;
   2.639702e-03   1.015634e+00   2.124687e-01;
  -4.707095e-02   2.335857e-01   3.691455e-01]
F=[ ...        
  -1.124083e+03   1.271325e+03   1.067151e+01;
   5.422837e+02  -2.595663e+02  -1.056540e+01;
   1.155394e+03   5.020247e+02   3.861076e+00]
R=[ ...        
  -5.138166e-01   8.180652e-01  -2.583831e-01;
   3.000325e-01  -1.108089e-01  -9.474713e-01;
   8.037244e-01   5.643498e-01   1.885107e-01]
U=[ ...        
   1.668894e+03  -3.276168e+02  -5.549920e+00;
  -3.276168e+02   1.352107e+03   1.207973e+01;
  -5.549920e+00   1.207973e+01   7.980928e+00]
l=[ ...        
  -2.320739e-07  -1.750076e-06  -2.632754e-06;
   1.809002e-07   5.966139e-07   1.791752e-06;
  -4.116681e-07   1.077917e-06   9.900217e-07]
d=[ ...        
  -2.320739e-07  -7.845878e-07  -1.522211e-06;
  -7.845878e-07   5.966139e-07   1.434835e-06;
  -1.522211e-06   1.434835e-06   9.900217e-07]
     iteration=        2550000       process=              6       (i,j,k)=              1              1              0       (x,y,z)=   1.500000e-02   1.500000e-02   5.253276e-03     particles=             70
fabric=[ ...   
   3.124887e-01  -1.713518e-03   9.966923e-03;
  -1.713518e-03   3.303939e-01   2.067838e-02;
   9.966923e-03   2.067838e-02   3.571174e-01]
sigma=[ ...    
  -3.144044e+02  -4.058229e+01   1.809637e+01;
  -4.057860e+01  -3.491596e+02   2.118444e+01;
   1.809881e+01   2.119609e+01  -3.556913e+02]
sigmaDot=[ ... 
  -1.171006e+01  -4.387834e+00  -1.901482e+00;
  -1.783182e+00  -4.971611e+00  -6.225263e-01;
  -2.480234e+00  -1.036950e+00  -1.610014e+01]
intgraE=[ ...  
   3.531059e-01  -8.467513e-01  -3.505705e-02;
  -8.467513e-01   3.502119e-01   3.673262e-02;
  -3.505705e-02   3.673262e-02  -4.981752e-01]
E=[ ...        
   1.246683e+06  -1.011769e+06   5.739713e-01;
  -1.011769e+06   8.509201e+05   4.307716e-01;
   5.739713e-01   4.307716e-01  -4.999361e-01]
e=[ ...        
  -4.644276e+02  -1.113090e+03   1.308229e+03;
  -1.113090e+03  -2.664365e+03   3.132051e+03;
   1.308229e+03   3.132051e+03  -3.680642e+03]
intgraF=[ ...  
   4.845196e-01  -6.107090e-01  -4.564363e-02;
  -1.109331e+00   1.053442e+00   3.586580e-02;
  -4.907518e-01   4.666030e-01   1.673313e-02]
F=[ ...        
   5.947142e+02  -2.656770e+02   4.563237e-03;
  -1.211625e+03   1.017809e+03  -4.879468e-03;
  -8.195414e+02   7.715711e+02   9.124572e-03]
R=[ ...        
   8.192145e-01   5.105335e-01  -2.612341e-01;
  -5.464941e-01   5.568531e-01  -6.255068e-01;
  -1.738731e-01   6.551871e-01   7.351857e-01]
U=[ ...        
   1.291840e+03  -9.080285e+02   4.818353e-03;
  -9.080285e+02   9.366565e+02   5.590840e-03;
   4.818353e-03   5.590840e-03   8.568322e-03]
l=[ ...        
  -2.772293e-02   9.583024e-03  -1.132300e-03;
   1.647478e-01  -2.185838e-02  -1.089741e-01;
   3.820992e-02  -3.636814e-03   5.335625e-03]
d=[ ...        
  -2.772293e-02   8.716541e-02   1.853881e-02;
   8.716541e-02  -2.185838e-02  -5.630545e-02;
   1.853881e-02  -5.630545e-02   5.335625e-03]
     iteration=        2550000       process=              7       (i,j,k)=              1              1              1       (x,y,z)=   1.500000e-02   1.500000e-02   1.575983e-02     particles=             48
fabric=[ ...   
   3.295687e-01  -1.015338e-02  -9.363665e-03;
  -1.015338e-02   3.120910e-01  -6.333301e-03;
  -9.363665e-03  -6.333301e-03   3.583403e-01]
sigma=[ ...    
  -7.721187e+01   4.680598e-01   1.206001e+01;
   4.680634e-01  -7.537354e+01   4.094216e+00;
   1.206003e+01   4.094230e+00  -1.001887e+02]
sigmaDot=[ ... 
   3.829409e+00   1.329406e+00  -6.489504e-01;
   2.048713e+00   2.404815e-01   6.811073e+00;
   9.051766e-01   7.426154e+00   4.838110e+00]
intgraE=[ ...  
   1.740594e-02   7.398291e-02  -9.779643e-02;
   7.398291e-02   1.064828e-02  -3.851895e-02;
  -9.779643e-02  -3.851895e-02  -4.664300e-01]
E=[ ...        
   6.940563e+05  -5.277906e+05   1.521941e+01;
  -5.277906e+05   4.208986e+05  -1.237949e+01;
   1.521941e+01  -1.237949e+01  -4.996319e-01]
e=[ ...        
  -2.903854e+04  -1.319946e+04  -7.427449e+04;
  -1.319946e+04  -5.999211e+03  -3.376088e+04;
  -7.427449e+04  -3.376088e+04  -1.899748e+05]
intgraF=[ ...  
   1.008011e+00   2.683120e-02  -1.737981e-01;
   1.045809e-01   9.911030e-01  -3.574203e-02;
  -8.825154e-02  -1.956823e-01   1.888298e-01]
F=[ ...        
  -6.868624e+02   6.663999e+02  -2.046772e-02;
  -8.595599e+02   5.223412e+02  -1.319020e-02;
   4.212961e+02  -3.533681e+02   1.196912e-02]
R=[ ...        
  -9.087298e-02   9.288243e-01   3.592039e-01;
  -9.737723e-01  -1.584258e-01   1.633060e-01;
   2.085898e-01  -3.349427e-01   9.188600e-01]
U=[ ...        
   9.873109e+02  -6.429081e+02   1.720085e-02;
  -6.429081e+02   6.545742e+02  -2.093021e-02;
   1.720085e-02  -2.093021e-02   1.491818e-03]
l=[ ...        
   1.007702e-07   7.837370e-08   1.661533e-07;
  -4.441910e-07  -1.555789e-08   3.636260e-07;
  -8.780740e-08  -1.278559e-07   1.655688e-07]
d=[ ...        
   1.007702e-07  -1.829086e-07   3.917295e-08;
  -1.829086e-07  -1.555789e-08   1.178850e-07;
   3.917295e-08   1.178850e-07   1.655688e-07]
