     iteration=        3100000       process=              0       (i,j,k)=              0              0              0       (x,y,z)=   5.000000e-03   5.000000e-03   5.253276e-03     particles=             80
fabric=[ ...   
   3.406623e-01   6.655460e-03  -4.424946e-04;
   6.655460e-03   3.072933e-01   6.115039e-04;
  -4.424946e-04   6.115039e-04   3.520444e-01]
sigma=[ ...    
  -3.166697e+02  -2.421913e+01   2.403444e+01;
  -2.421917e+01  -2.444596e+02  -2.608425e+01;
   2.403438e+01  -2.608415e+01  -3.729420e+02]
sigmaDot=[ ... 
   1.259082e+01   9.761930e+00   1.018793e+00;
   7.116764e+00  -1.298013e+01  -2.720318e+00;
   3.587473e+00  -4.217629e+00  -2.058108e+00]
intgraE=[ ...  
   4.535613e+01  -1.807025e+01  -6.088779e-02;
  -1.807025e+01   1.189170e+01   8.615570e-03;
  -6.088779e-02   8.615570e-03  -4.998743e-01]
E=[ ...        
   1.875272e+05  -5.064884e+04  -1.983091e+00;
  -5.064884e+04   8.862199e+05   1.448180e+00;
  -1.983091e+00   1.448180e+00  -4.997944e-01]
e=[ ...        
  -4.090965e+01  -4.436619e+00  -2.337446e+02;
  -4.436619e+00   2.466093e-02  -2.504334e+01;
  -2.337446e+02  -2.504334e+01  -1.318916e+03]
intgraF=[ ...  
   6.096122e+00  -3.972887e+00  -3.537327e-03;
  -5.104755e-01   2.634204e+00  -6.448573e-03;
  -7.368105e+00   1.435458e+00   1.404750e-02]
F=[ ...        
   5.034542e+02  -8.519755e+02  -2.730260e-03;
  -3.387327e+02  -1.008787e+03   2.789441e-03;
  -8.276140e+01   1.700814e+02   1.989752e-02]
R=[ ...        
   7.728862e-01  -6.101072e-01   1.744023e-01;
  -6.220898e-01  -7.827227e-01   1.869193e-02;
  -1.251046e-01   1.229406e-01   9.844970e-01]
U=[ ...        
   6.101889e+02  -5.220196e+01  -6.334734e-03;
  -5.220196e+01   1.330307e+03   1.928606e-03;
  -6.334734e-03   1.928606e-03   1.916503e-02]
l=[ ...        
   1.386774e-03   1.932993e-04  -6.039729e-05;
   1.236146e-03   1.717219e-04  -5.362689e-05;
   2.054097e-05   2.789102e-06  -1.008053e-06]
d=[ ...        
   1.386774e-03   7.147224e-04  -1.992816e-05;
   7.147224e-04   1.717219e-04  -2.541890e-05;
  -1.992816e-05  -2.541890e-05  -1.008053e-06]
     iteration=        3100000       process=              1       (i,j,k)=              0              0              1       (x,y,z)=   5.000000e-03   5.000000e-03   1.575983e-02     particles=             46
fabric=[ ...   
   3.564787e-01  -1.130125e-02   2.350287e-02;
  -1.130125e-02   3.196542e-01   3.392486e-04;
   2.350287e-02   3.392486e-04   3.238671e-01]
sigma=[ ...    
  -6.731030e+01   8.037781e+00   7.576169e-01;
   8.037723e+00  -7.668392e+01   1.509863e+00;
   7.575649e-01   1.509917e+00  -1.060264e+02]
sigmaDot=[ ... 
   2.118675e+01  -3.065968e+00  -9.824708e+00;
   2.090330e+00   3.681289e+00  -3.278846e+00;
  -1.428260e+01  -4.186205e+00   7.558327e+00]
intgraE=[ ...  
   9.541105e-02  -6.456878e-02  -6.784939e-01;
  -6.456878e-02   1.150404e-02   3.409815e-01;
  -6.784939e-01   3.409815e-01   3.604720e+00]
E=[ ...        
   6.649840e+05  -8.275411e+05   3.175638e+00;
  -8.275411e+05   1.803571e+06  -2.435673e+01;
   3.175638e+00  -2.435673e+01  -4.994458e-01]
e=[ ...        
  -1.548556e+05  -7.117023e+04   1.213699e+05;
  -7.117023e+04  -3.270858e+04   5.578033e+04;
   1.213699e+05   5.578033e+04  -9.512429e+04]
intgraF=[ ...  
   9.981292e-01   3.866734e-04  -9.610481e-02;
  -3.448875e-02   9.878713e-01   6.129175e-02;
  -4.397393e-01   2.170674e-01   2.862944e+00]
F=[ ...        
   4.045325e+02  -1.217120e+03   1.976895e-02;
  -1.073970e+03   1.174091e+03  -1.298042e-03;
  -1.136228e+02  -8.644495e+02   2.675489e-02]
R=[ ...        
   6.245681e-03  -6.724523e-01  -7.401141e-01;
  -8.660895e-01   3.663227e-01  -3.401420e-01;
  -4.998499e-01  -6.431295e-01   5.801160e-01]
U=[ ...        
   9.894754e+02  -5.923744e+02  -1.212574e-02;
  -5.923744e+02   1.804504e+03  -3.097603e-02;
  -1.212574e-02  -3.097603e-02   1.331182e-03]
l=[ ...        
   6.410395e-07  -8.215521e-08  -2.576054e-07;
  -1.792141e-07  -7.559268e-08   3.304463e-07;
  -5.296720e-07  -6.131426e-08   1.245534e-07]
d=[ ...        
   6.410395e-07  -1.306847e-07  -3.936387e-07;
  -1.306847e-07  -7.559268e-08   1.345660e-07;
  -3.936387e-07   1.345660e-07   1.245534e-07]
     iteration=        3100000       process=              2       (i,j,k)=              0              1              0       (x,y,z)=   5.000000e-03   1.500000e-02   5.253276e-03     particles=             81
fabric=[ ...   
   3.310356e-01  -4.733278e-04   1.713580e-03;
  -4.733278e-04   3.223820e-01   1.541185e-02;
   1.713580e-03   1.541185e-02   3.465824e-01]
sigma=[ ...    
  -2.983420e+02  -7.123463e+00   2.962707e+01;
  -7.123612e+00  -2.536816e+02  -3.484181e+01;
   2.962707e+01  -3.484158e+01  -2.910615e+02]
sigmaDot=[ ... 
  -3.683911e+00   9.106142e-01  -4.407089e-01;
   2.574180e-01   8.932110e-01   2.541260e-01;
   1.000705e-02   7.634378e-02  -2.700010e+00]
intgraE=[ ...  
   1.494290e+01  -1.573091e+01  -2.006757e-01;
  -1.573091e+01   1.588534e+01   2.068330e-01;
  -2.006757e-01   2.068330e-01  -4.973759e-01]
E=[ ...        
   3.416897e+05   1.212509e+05   6.570588e+02;
   1.212509e+05   1.985451e+05   3.805737e+01;
   6.570588e+02   3.805737e+01   1.010127e+00]
e=[ ...        
  -6.679761e+01   6.542213e+01   1.547159e+01;
   6.542213e+01  -6.309892e+01  -1.504043e+01;
   1.547159e+01  -1.504043e+01  -3.056892e+00]
intgraF=[ ...  
   4.292654e+00  -4.910737e+00  -5.941253e-02;
   1.162421e+00  -9.054024e-01  -1.383767e-02;
   3.332822e+00  -2.799210e+00  -3.907462e-02]
F=[ ...        
  -4.851229e+02   4.748453e+01  -1.251557e+00;
  -3.665858e+02   1.904556e+02  -1.065121e+00;
  -5.600455e+02  -5.988013e+02  -5.651335e-01]
R=[ ...        
  -6.540526e-01   2.627218e-01  -7.093606e-01;
  -5.545864e-01   4.711988e-01   6.858612e-01;
  -5.144405e-01  -8.419911e-01   1.624869e-01]
U=[ ...        
   8.087095e+02   1.713662e+02   1.700013e+00;
   1.713662e+02   6.064030e+02  -3.548578e-01;
   1.700013e+00  -3.548578e-01   6.545270e-02]
l=[ ...        
  -1.179144e-03  -6.288775e-05  -1.402164e-03;
   3.233676e-03  -5.745418e-05   7.767234e-04;
  -2.097180e-05   3.757553e-06   3.963423e-05]
d=[ ...        
  -1.179144e-03   1.585394e-03  -7.115677e-04;
   1.585394e-03  -5.745418e-05   3.902405e-04;
  -7.115677e-04   3.902405e-04   3.963423e-05]
     iteration=        3100000       process=              3       (i,j,k)=              0              1              1       (x,y,z)=   5.000000e-03   1.500000e-02   1.575983e-02     particles=             39
fabric=[ ...   
   3.401861e-01   1.685123e-02   1.968990e-02;
   1.685123e-02   3.264953e-01   1.235339e-03;
   1.968990e-02   1.235339e-03   3.333186e-01]
sigma=[ ...    
  -1.011576e+02  -1.029785e+01  -9.151793e+00;
  -1.030082e+01  -8.799720e+01  -1.339105e+00;
  -9.147468e+00  -1.339412e+00  -1.335940e+02]
sigmaDot=[ ... 
   1.634822e+00   8.449784e-01   1.114985e+00;
   1.250457e-01   2.063032e+00   4.548989e-01;
   8.834545e-01   6.603053e-01   2.177910e-01]
intgraE=[ ...  
  -4.111339e-02   7.395219e-02  -3.250967e-02;
   7.395219e-02   7.158015e-02  -4.380867e-02;
  -3.250967e-02  -4.380867e-02  -1.447513e-01]
E=[ ...        
   5.583342e+05  -5.826343e+05   7.683099e+00;
  -5.826343e+05   9.236008e+05  -3.301375e-01;
   7.683099e+00  -3.301375e-01  -4.995268e-01]
e=[ ...        
   4.608722e-01   3.439377e+00   6.514061e+00;
   3.439377e+00  -3.018399e+02  -5.726215e+02;
   6.514061e+00  -5.726215e+02  -1.084025e+03]
intgraF=[ ...  
   9.471465e-01  -1.347487e-04  -9.096780e-02;
   1.362075e-01   1.067701e+00  -1.257955e-01;
   4.619818e-02   5.634628e-02   8.284913e-01]
F=[ ...        
  -5.269541e+02  -1.387610e+02  -2.412562e-02;
  -8.112952e+02   1.195252e+03   6.193191e-03;
   4.251928e+02  -6.319179e+02   1.805677e-02]
R=[ ...        
  -8.719995e-01  -4.894774e-01  -5.357481e-03;
  -4.350350e-01   7.699005e-01   4.669024e-01;
   2.244134e-01  -4.094693e-01   8.842926e-01]
U=[ ...        
   9.078645e+02  -5.407879e+02   2.239546e-02;
  -5.407879e+02   1.246897e+03   9.183394e-03;
   2.239546e-02   9.183394e-03   1.898834e-02]
l=[ ...        
   5.930034e-08  -1.881415e-08   7.259661e-08;
  -1.101127e-09   2.619648e-08  -9.968335e-08;
  -9.447996e-08   1.591496e-07   1.640874e-08]
d=[ ...        
   5.930034e-08  -9.957637e-09  -1.094168e-08;
  -9.957637e-09   2.619648e-08   2.973310e-08;
  -1.094168e-08   2.973310e-08   1.640874e-08]
     iteration=        3100000       process=              4       (i,j,k)=              1              0              0       (x,y,z)=   1.500000e-02   5.000000e-03   5.253276e-03     particles=             77
fabric=[ ...   
   3.321787e-01   4.594629e-03  -1.141662e-02;
   4.594629e-03   3.199365e-01   2.029018e-02;
  -1.141662e-02   2.029018e-02   3.478848e-01]
sigma=[ ...    
  -2.894268e+02   1.831414e+01  -3.999153e+00;
   1.831402e+01  -2.592933e+02  -4.835837e+01;
  -3.988608e+00  -4.834389e+01  -3.701839e+02]
sigmaDot=[ ... 
   1.015137e+02   1.433091e+02  -8.501678e+01;
   6.272079e+01  -9.371321e+01   2.704429e+01;
  -1.822260e+02  -2.039129e+02   8.407790e+01]
intgraE=[ ...  
   1.997175e+01  -1.506929e+00   1.549226e-02;
  -1.506929e+00   2.806987e+00   2.983750e-02;
   1.549226e-02   2.983750e-02  -4.996866e-01]
E=[ ...        
   1.458618e+06  -7.915896e+05   8.648050e+00;
  -7.915896e+05   4.651618e+05  -4.766005e+00;
   8.648050e+00  -4.766005e+00  -4.996759e-01]
e=[ ...        
  -7.130471e+02   2.837044e+02   2.542296e+02;
   2.837044e+02  -1.123001e+02  -1.010810e+02;
   2.542296e+02  -1.010810e+02  -9.007946e+01]
intgraF=[ ...  
   4.235419e+00   9.829375e-01   1.482427e-02;
   8.721485e-01   1.543401e+00   1.753228e-02;
   4.716363e+00  -1.807131e+00  -9.985074e-03]
F=[ ...        
  -7.210093e+00  -1.216942e+02  -2.038566e-02;
  -1.149860e+03   4.504068e+02   1.727950e-03;
   1.262936e+03  -8.441853e+02   1.515202e-02]
R=[ ...        
  -2.039282e-01  -4.245218e-01  -8.821533e-01;
  -8.860292e-01  -3.032081e-01   3.507381e-01;
   4.163720e-01  -8.531390e-01   3.143060e-01]
U=[ ...        
   1.546131e+03  -7.257518e+02   8.935071e-03;
  -7.257518e+02   6.353022e+02  -4.796544e-03;
   8.935071e-03  -4.796544e-03   2.335171e-02]
l=[ ...        
  -3.840292e-07   7.991650e-05   5.155795e-05;
  -5.770165e-07   7.493106e-06   8.148305e-06;
   4.911400e-07   1.243651e-05  -4.363559e-06]
d=[ ...        
  -3.840292e-07   3.966974e-05   2.602454e-05;
   3.966974e-05   7.493106e-06   1.029241e-05;
   2.602454e-05   1.029241e-05  -4.363559e-06]
     iteration=        3100000       process=              5       (i,j,k)=              1              0              1       (x,y,z)=   1.500000e-02   5.000000e-03   1.575983e-02     particles=             35
fabric=[ ...   
   3.330019e-01   1.096332e-02   3.956546e-03;
   1.096332e-02   3.613500e-01   2.199395e-03;
   3.956546e-03   2.199395e-03   3.056481e-01]
sigma=[ ...    
  -1.119535e+02  -1.468255e+00   9.206323e-01;
  -1.468342e+00  -1.198043e+02   1.517408e+01;
   9.207260e-01   1.517369e+01  -1.336942e+02]
sigmaDot=[ ... 
  -5.908585e+00  -5.958210e+00   1.424993e+01;
   7.648459e+00  -2.409355e+00  -2.041205e+01;
   9.836913e+00  -3.371982e+00  -1.022176e+01]
intgraE=[ ...  
  -9.614591e-03   1.044758e-02  -6.499422e-02;
   1.044758e-02   4.347370e-02   1.493197e-01;
  -6.499422e-02   1.493197e-01  -4.027499e-01]
E=[ ...        
   1.446285e+06  -4.948989e+05  -6.632022e+03;
  -4.948989e+05   9.678349e+05   9.123867e+03;
  -6.632022e+03   9.123867e+03   1.197083e+02]
e=[ ...        
   4.994273e-01  -2.034181e-03   3.976824e-04;
  -2.034181e-03   4.927722e-01   1.413318e-03;
   3.976824e-04   1.413318e-03   4.997233e-01]
intgraF=[ ...  
   9.892159e-01   2.952781e-02  -1.144070e-01;
   2.639648e-03   1.015634e+00   2.124687e-01;
  -4.707109e-02   2.335857e-01   3.691455e-01]
F=[ ...        
  -1.124083e+03   1.271325e+03   1.067151e+01;
   5.422837e+02  -2.595664e+02  -1.056540e+01;
   1.155394e+03   5.020246e+02   3.861076e+00]
R=[ ...        
  -5.138166e-01   8.180652e-01  -2.583831e-01;
   3.000325e-01  -1.108089e-01  -9.474713e-01;
   8.037244e-01   5.643499e-01   1.885106e-01]
U=[ ...        
   1.668894e+03  -3.276168e+02  -5.549920e+00;
  -3.276168e+02   1.352107e+03   1.207973e+01;
  -5.549920e+00   1.207973e+01   7.980928e+00]
l=[ ...        
  -2.520725e-07  -1.596492e-07  -4.468696e-07;
   3.540413e-08  -3.771816e-07  -1.261890e-07;
   5.952573e-07   8.154757e-07   1.095200e-06]
d=[ ...        
  -2.520725e-07  -6.212255e-08   7.419383e-08;
  -6.212255e-08  -3.771816e-07   3.446434e-07;
   7.419383e-08   3.446434e-07   1.095200e-06]
     iteration=        3100000       process=              6       (i,j,k)=              1              1              0       (x,y,z)=   1.500000e-02   1.500000e-02   5.253276e-03     particles=             70
fabric=[ ...   
   3.125569e-01  -2.473719e-03   1.028381e-02;
  -2.473719e-03   3.301338e-01   2.188484e-02;
   1.028381e-02   2.188484e-02   3.573093e-01]
sigma=[ ...    
  -3.143249e+02  -4.057214e+01   1.809509e+01;
  -4.057445e+01  -3.491791e+02   2.116324e+01;
   1.809574e+01   2.115954e+01  -3.555717e+02]
sigmaDot=[ ... 
  -1.829322e+01  -2.520148e+00   5.783091e+00;
  -3.893827e+00  -3.521295e+01   2.607053e-01;
   5.202580e+00  -7.889753e-01  -2.698426e+01]
intgraE=[ ...  
   3.573061e-01  -8.511094e-01  -3.526668e-02;
  -8.511094e-01   3.546779e-01   3.693890e-02;
  -3.526668e-02   3.693890e-02  -4.981669e-01]
E=[ ...        
   1.112199e+06  -8.847390e+05  -7.798333e-02;
  -8.847390e+05   7.312945e+05   1.006196e+00;
  -7.798333e-02   1.006196e+00  -4.999358e-01]
e=[ ...        
  -6.088174e+02  -1.418687e+03   1.552819e+03;
  -1.418687e+03  -3.302659e+03   3.615462e+03;
   1.552819e+03   3.615462e+03  -3.956792e+03]
intgraF=[ ...  
   4.840671e-01  -6.101207e-01  -4.559742e-02;
  -1.113441e+00   1.058200e+00   3.616960e-02;
  -4.904499e-01   4.661777e-01   1.669578e-02]
F=[ ...        
   6.127545e+02  -2.838350e+02   4.730083e-03;
  -1.115011e+03   9.212474e+02  -3.909085e-03;
  -7.782551e+02   7.302951e+02   9.525178e-03]
R=[ ...        
   8.303935e-01   4.827457e-01  -2.782144e-01;
  -5.332839e-01   5.439541e-01  -6.478598e-01;
  -1.614156e-01   6.863458e-01   7.091364e-01]
U=[ ...        
   1.229067e+03  -8.448622e+02   4.474969e-03;
  -8.448622e+02   8.653311e+02   6.694630e-03;
   4.474969e-03   6.694630e-03   7.971212e-03]
l=[ ...        
  -3.753318e-02   5.956217e-03   1.975589e-02;
  -2.107644e-01  -2.682047e-02   5.772249e-02;
   2.850560e-02  -1.136657e-04  -1.094608e-02]
d=[ ...        
  -3.753318e-02  -1.024041e-01   2.413074e-02;
  -1.024041e-01  -2.682047e-02   2.880441e-02;
   2.413074e-02   2.880441e-02  -1.094608e-02]
     iteration=        3100000       process=              7       (i,j,k)=              1              1              1       (x,y,z)=   1.500000e-02   1.500000e-02   1.575983e-02     particles=             48
fabric=[ ...   
   3.295687e-01  -1.015338e-02  -9.363665e-03;
  -1.015338e-02   3.120910e-01  -6.333302e-03;
  -9.363665e-03  -6.333302e-03   3.583403e-01]
sigma=[ ...    
  -7.723139e+01   4.755018e-01   1.206371e+01;
   4.754961e-01  -7.540693e+01   4.089040e+00;
   1.206372e+01   4.089020e+00  -1.002050e+02]
sigmaDot=[ ... 
  -2.593869e-01   8.881155e-01   3.536521e+00;
   1.179995e+00   3.789300e+00   4.520620e+00;
   4.577328e+00   5.921004e+00  -3.459254e-01]
intgraE=[ ...  
   1.740593e-02   7.398291e-02  -9.779643e-02;
   7.398291e-02   1.064828e-02  -3.851894e-02;
  -9.779643e-02  -3.851894e-02  -4.664300e-01]
E=[ ...        
   6.940563e+05  -5.277906e+05   1.521941e+01;
  -5.277906e+05   4.208986e+05  -1.237949e+01;
   1.521941e+01  -1.237949e+01  -4.996319e-01]
e=[ ...        
  -2.902843e+04  -1.319487e+04  -7.424862e+04;
  -1.319487e+04  -5.997124e+03  -3.374913e+04;
  -7.424862e+04  -3.374913e+04  -1.899086e+05]
intgraF=[ ...  
   1.008011e+00   2.683120e-02  -1.737981e-01;
   1.045809e-01   9.911030e-01  -3.574203e-02;
  -8.825155e-02  -1.956823e-01   1.888298e-01]
F=[ ...        
  -6.868624e+02   6.663999e+02  -2.046772e-02;
  -8.595599e+02   5.223412e+02  -1.319020e-02;
   4.212961e+02  -3.533681e+02   1.196912e-02]
R=[ ...        
  -9.087297e-02   9.288243e-01   3.592039e-01;
  -9.737723e-01  -1.584258e-01   1.633060e-01;
   2.085898e-01  -3.349427e-01   9.188600e-01]
U=[ ...        
   9.873109e+02  -6.429081e+02   1.720085e-02;
  -6.429081e+02   6.545742e+02  -2.093021e-02;
   1.720085e-02  -2.093021e-02   1.491818e-03]
l=[ ...        
  -4.344707e-08  -2.165060e-07   1.208510e-07;
   8.889958e-08   2.896136e-07   9.238846e-08;
   4.289438e-08   2.403832e-07  -4.252891e-08]
d=[ ...        
  -4.344707e-08  -6.380321e-08   8.187272e-08;
  -6.380321e-08   2.896136e-07   1.663858e-07;
   8.187272e-08   1.663858e-07  -4.252891e-08]
