     iteration=        1150000       process=              0       (i,j,k)=              0              0              0       (x,y,z)=   5.000000e-03   5.000000e-03   5.253389e-03     particles=             80
fabric=[ ...   
   3.451678e-01   7.200725e-03  -2.201744e-03;
   7.200725e-03   3.066314e-01   2.731188e-03;
  -2.201744e-03   2.731188e-03   3.482008e-01]
sigma=[ ...    
  -3.179781e+02  -2.681105e+01   2.015472e+01;
  -2.677880e+01  -2.312064e+02  -3.695037e+01;
   2.008845e+01  -3.705106e+01  -3.773943e+02]
sigmaDot=[ ... 
   2.325297e+02   8.822984e+02  -8.258278e+03;
  -2.643182e+03   6.905097e+03   5.994916e+03;
  -4.192021e+03   9.662582e+03  -1.338963e+04]
intgraE=[ ...  
   4.535055e+01  -1.807324e+01  -6.086516e-02;
  -1.807324e+01   1.189274e+01   8.619918e-03;
  -6.086516e-02   8.619918e-03  -4.998744e-01]
E=[ ...        
   1.872324e+05  -5.195024e+04  -1.985757e+00;
  -5.195024e+04   8.858034e+05   1.431469e+00;
  -1.985757e+00   1.431469e+00  -4.997945e-01]
e=[ ...        
  -4.117658e+01  -4.239004e+00  -2.345707e+02;
  -4.239004e+00   6.884193e-02  -2.385863e+01;
  -2.345707e+02  -2.385863e+01  -1.319747e+03]
intgraF=[ ...  
   6.094725e+00  -3.972526e+00  -3.534920e-03;
  -5.154645e-01   2.635140e+00  -6.438955e-03;
  -7.368157e+00   1.435463e+00   1.404761e-02]
F=[ ...        
   5.037551e+02  -8.528041e+02  -2.712472e-03;
  -3.372531e+02  -1.007732e+03   2.804838e-03;
  -8.340844e+01   1.697303e+02   1.989189e-02]
R=[ ...        
   7.727738e-01  -6.101083e-01   1.748959e-01;
  -6.220390e-01  -7.827840e-01   1.779550e-02;
  -1.260485e-01   1.225439e-01   9.844261e-01]
U=[ ...        
   6.095868e+02  -5.357004e+01  -6.348189e-03;
  -5.357004e+01   1.329939e+03   1.896951e-03;
  -6.348189e-03   1.896951e-03   1.915761e-02]
l=[ ...        
   1.710252e-02  -2.219424e-03   2.468599e-03;
   1.587649e-02  -1.294653e-03   2.987316e-02;
  -4.291319e-05  -1.451121e-04  -5.425767e-04]
d=[ ...        
   1.710252e-02   6.828532e-03   1.212843e-03;
   6.828532e-03  -1.294653e-03   1.486403e-02;
   1.212843e-03   1.486403e-02  -5.425767e-04]
     iteration=        1150000       process=              1       (i,j,k)=              0              0              1       (x,y,z)=   5.000000e-03   5.000000e-03   1.576017e-02     particles=             46
fabric=[ ...   
   3.464710e-01  -1.792909e-02   2.230456e-02;
  -1.792909e-02   3.330403e-01  -4.789812e-03;
   2.230456e-02  -4.789812e-03   3.204887e-01]
sigma=[ ...    
  -8.408657e+01   1.060653e+01   7.102222e-01;
   1.088479e+01  -9.070704e+01  -1.860508e+00;
   9.906868e-01  -2.600012e+00  -1.047641e+02]
sigmaDot=[ ... 
   4.745304e+04  -6.025592e+04   2.144600e+04;
  -4.993782e+04  -1.978221e+04   1.791115e+04;
   3.971682e+04   2.977898e+04   4.975239e+04]
intgraE=[ ...  
   9.867672e-02  -6.377455e-02  -6.930108e-01;
  -6.377455e-02   1.181626e-02   3.394382e-01;
  -6.930108e-01   3.394382e-01   3.637879e+00]
E=[ ...        
   6.694973e+05  -8.234170e+05   3.213218e+00;
  -8.234170e+05   1.786346e+06  -2.435600e+01;
   3.213218e+00  -2.435600e+01  -4.994457e-01]
e=[ ...        
  -1.786368e+05  -8.242845e+04   1.400064e+05;
  -8.242845e+04  -3.803438e+04   6.460300e+04;
   1.400064e+05   6.460300e+04  -1.097290e+05]
intgraF=[ ...  
   9.977865e-01   1.027041e-04  -9.629417e-02;
  -3.093486e-02   9.882827e-01   5.682193e-02;
  -4.481277e-01   2.166328e-01   2.874588e+00]
F=[ ...        
   4.067134e+02  -1.213876e+03   1.985874e-02;
  -1.077171e+03   1.162973e+03  -1.323834e-03;
  -1.152473e+02  -8.641136e+02   2.669368e-02]
R=[ ...        
   9.791202e-03  -6.727831e-01  -7.397750e-01;
  -8.671322e-01   3.627171e-01  -3.413473e-01;
  -4.979818e-01  -6.448249e-01   5.798404e-01]
U=[ ...        
   9.954231e+02  -5.900240e+02  -1.195059e-02;
  -5.900240e+02   1.795707e+03  -3.105355e-02;
  -1.195059e-02  -3.105355e-02   1.238965e-03]
l=[ ...        
  -1.654077e-02   1.722916e-02   3.292387e-02;
  -1.135333e-02   1.297051e-02   2.730627e-02;
   2.168462e-02  -1.807305e-02  -4.242617e-02]
d=[ ...        
  -1.654077e-02   2.937912e-03   2.730425e-02;
   2.937912e-03   1.297051e-02   4.616610e-03;
   2.730425e-02   4.616610e-03  -4.242617e-02]
     iteration=        1150000       process=              2       (i,j,k)=              0              1              0       (x,y,z)=   5.000000e-03   1.500000e-02   5.253389e-03     particles=             81
fabric=[ ...   
   3.292677e-01   5.592865e-03   6.745800e-03;
   5.592865e-03   3.179115e-01   1.743915e-02;
   6.745800e-03   1.743915e-02   3.528208e-01]
sigma=[ ...    
  -2.782542e+02  -3.084552e+00   3.437211e+01;
  -3.088975e+00  -2.387852e+02  -2.797269e+01;
   3.442400e+01  -2.804962e+01  -2.624947e+02]
sigmaDot=[ ... 
   2.859933e+04   1.502099e+04  -1.936959e+05;
   3.522484e+05  -2.014102e+03  -6.527242e+04;
  -1.235274e+04  -1.078368e+04  -6.568698e+03]
intgraE=[ ...  
   1.494442e+01  -1.573255e+01  -2.006960e-01;
  -1.573255e+01   1.588707e+01   2.068547e-01;
  -2.006960e-01   2.068547e-01  -4.973757e-01]
E=[ ...        
   3.428349e+05   1.217476e+05   6.583872e+02;
   1.217476e+05   1.983048e+05   3.940120e+01;
   6.583872e+02   3.940120e+01   1.010041e+00]
e=[ ...        
  -6.394895e+01   6.260528e+01   1.447614e+01;
   6.260528e+01  -6.031435e+01  -1.406202e+01;
   1.447614e+01  -1.406202e+01  -2.751544e+00]
intgraF=[ ...  
   4.293183e+00  -4.911215e+00  -5.941901e-02;
   1.162070e+00  -9.050195e-01  -1.383294e-02;
   3.332719e+00  -2.799113e+00  -3.907334e-02]
F=[ ...        
  -4.846854e+02   4.776450e+01  -1.250631e+00;
  -3.693147e+02   1.877322e+02  -1.066101e+00;
  -5.606760e+02  -5.992377e+02  -5.651841e-01]
R=[ ...        
  -6.528954e-01   2.637693e-01  -7.100375e-01;
  -5.568284e-01   4.683443e-01   6.859998e-01;
  -5.134878e-01  -8.432552e-01   1.589056e-01]
U=[ ...        
   8.099941e+02   1.719814e+02   1.700382e+00;
   1.719814e+02   6.058324e+02  -3.525859e-01;
   1.700382e+00  -3.525859e-01   6.683916e-02]
l=[ ...        
  -4.138159e-03   7.020675e-04   1.359598e-02;
   1.387042e-02  -8.548110e-04   9.455479e-04;
   6.288267e-04   1.487207e-04  -2.074317e-03]
d=[ ...        
  -4.138159e-03   7.286245e-03   7.112405e-03;
   7.286245e-03  -8.548110e-04   5.471343e-04;
   7.112405e-03   5.471343e-04  -2.074317e-03]
     iteration=        1150000       process=              3       (i,j,k)=              0              1              1       (x,y,z)=   5.000000e-03   1.500000e-02   1.576017e-02     particles=             39
fabric=[ ...   
   3.256254e-01   1.479734e-02   2.067617e-02;
   1.479734e-02   3.187163e-01   1.698774e-02;
   2.067617e-02   1.698774e-02   3.556583e-01]
sigma=[ ...    
  -9.115732e+01  -8.653922e+00  -6.459358e+00;
  -9.695365e+00  -9.356128e+01  -1.328748e+01;
  -5.029459e+00  -1.269213e+01  -1.146005e+02]
sigmaDot=[ ... 
   3.962319e+04  -5.495267e+04  -6.355427e+04;
   2.961871e+05  -6.766203e+04   4.753231e+04;
   7.359131e+03   7.133787e+05   4.317835e+04]
intgraE=[ ...  
  -4.760551e-02   7.528468e-02  -4.622634e-02;
   7.528468e-02   8.846787e-02  -7.696117e-02;
  -4.622634e-02  -7.696117e-02  -1.092140e-01]
E=[ ...        
   3.497387e+05  -3.956054e+05   5.042875e+00;
  -3.956054e+05   7.570177e+05   3.839670e+00;
   5.042875e+00   3.839670e+00  -4.995486e-01]
e=[ ...        
  -1.120691e+02  -3.434018e+02  -4.504227e+02;
  -3.434018e+02  -1.047077e+03  -1.374054e+03;
  -4.504227e+02  -1.374054e+03  -1.801776e+03]
intgraF=[ ...  
   9.410855e-01   8.645002e-03  -1.187152e-01;
   1.292731e-01   1.083807e+00  -1.783812e-01;
   4.935071e-02   4.714308e-02   8.577056e-01]
F=[ ...        
  -3.717757e+02  -2.673725e+02  -2.403850e-02;
  -5.480716e+02   9.864172e+02   1.112243e-02;
   5.107630e+02  -6.852222e+02   1.418409e-02]
R=[ ...        
  -8.243155e-01  -5.315328e-01   1.948763e-01;
  -3.316619e-01   7.323737e-01   5.946673e-01;
   4.588075e-01  -4.255605e-01   7.799962e-01]
U=[ ...        
   7.225768e+02  -4.211427e+02   2.263419e-02;
  -4.211427e+02   1.156147e+03   1.488684e-02;
   2.263419e-02   1.488684e-02   1.299314e-02]
l=[ ...        
   2.268883e-01  -5.728886e-02   3.816858e-01;
  -3.700448e-01   3.614382e-01  -8.901978e-01;
   2.878756e-01   5.264018e-02   3.597327e-01]
d=[ ...        
   2.268883e-01  -2.136668e-01   3.347807e-01;
  -2.136668e-01   3.614382e-01  -4.187788e-01;
   3.347807e-01  -4.187788e-01   3.597327e-01]
     iteration=        1150000       process=              4       (i,j,k)=              1              0              0       (x,y,z)=   1.500000e-02   5.000000e-03   5.253389e-03     particles=             77
fabric=[ ...   
   3.369341e-01   6.421242e-03  -1.026254e-02;
   6.421242e-03   3.195616e-01   1.950002e-02;
  -1.026254e-02   1.950002e-02   3.435043e-01]
sigma=[ ...    
  -2.876359e+02   1.530905e+01  -2.057496e+01;
   1.540951e+01  -2.658892e+02  -4.970885e+01;
  -2.031825e+01  -4.969613e+01  -3.729318e+02]
sigmaDot=[ ... 
  -5.361093e+03  -7.638642e+03  -5.938224e+04;
   3.856575e+04   2.694872e+03   4.507264e+03;
  -7.496524e+03   8.056061e+04   9.609089e+03]
intgraE=[ ...  
   1.997172e+01  -1.507049e+00   1.549099e-02;
  -1.507049e+00   2.807031e+00   2.983779e-02;
   1.549099e-02   2.983779e-02  -4.996866e-01]
E=[ ...        
   1.458449e+06  -7.914411e+05   8.648477e+00;
  -7.914411e+05   4.650380e+05  -4.766649e+00;
   8.648477e+00  -4.766649e+00  -4.996760e-01]
e=[ ...        
  -7.132967e+02   2.837276e+02   2.541876e+02;
   2.837276e+02  -1.122791e+02  -1.010372e+02;
   2.541876e+02  -1.010372e+02  -9.001782e+01]
intgraF=[ ...  
   4.235408e+00   9.829153e-01   1.482403e-02;
   8.721572e-01   1.543406e+00   1.753236e-02;
   4.716365e+00  -1.807162e+00  -9.985405e-03]
F=[ ...        
  -7.337062e+00  -1.215666e+02  -2.038366e-02;
  -1.149818e+03   4.503641e+02   1.728550e-03;
   1.262839e+03  -8.440798e+02   1.515230e-02]
R=[ ...        
  -2.039274e-01  -4.243685e-01  -8.822273e-01;
  -8.860441e-01  -3.032390e-01   3.506735e-01;
   4.163405e-01  -8.532042e-01   3.141705e-01]
U=[ ...        
   1.546057e+03  -7.256763e+02   8.933731e-03;
  -7.256763e+02   6.351935e+02  -4.801983e-03;
   8.933731e-03  -4.801983e-03   2.334958e-02]
l=[ ...        
  -2.325556e-04  -1.722320e-04  -2.919446e-04;
  -7.874295e-05  -4.269973e-04   3.951826e-03;
   1.894717e-04   3.462717e-04   8.440801e-04]
d=[ ...        
  -2.325556e-04  -1.254875e-04  -5.123644e-05;
  -1.254875e-04  -4.269973e-04   2.149049e-03;
  -5.123644e-05   2.149049e-03   8.440801e-04]
     iteration=        1150000       process=              5       (i,j,k)=              1              0              1       (x,y,z)=   1.500000e-02   5.000000e-03   1.576017e-02     particles=             35
fabric=[ ...   
   3.395572e-01   1.062040e-02   6.647083e-03;
   1.062040e-02   3.489487e-01   1.169912e-03;
   6.647083e-03   1.169912e-03   3.114940e-01]
sigma=[ ...    
  -1.247139e+02  -6.544035e+00   7.133946e+00;
  -6.665421e+00  -1.223240e+02   1.668578e+01;
   6.996292e+00   1.665762e+01  -1.251108e+02]
sigmaDot=[ ... 
   1.364396e+04  -2.122976e+03   1.322428e+05;
   5.384555e+05  -5.960800e+03   2.366357e+04;
  -2.304718e+04  -2.866794e+05   5.226287e+04]
intgraE=[ ...  
  -9.495679e-03   1.000170e-02  -6.491780e-02;
   1.000170e-02   4.278358e-02   1.489513e-01;
  -6.491780e-02   1.489513e-01  -4.026949e-01]
E=[ ...        
   1.443031e+06  -4.810939e+05  -6.309092e+03;
  -4.810939e+05   9.353512e+05   8.807521e+03;
  -6.309092e+03   8.807521e+03   1.172636e+02]
e=[ ...        
   4.995269e-01  -1.825977e-03   3.409140e-04;
  -1.825977e-03   4.929501e-01   1.316579e-03;
   3.409140e-04   1.316579e-03   4.997538e-01]
intgraF=[ ...  
   9.893488e-01   2.842661e-02  -1.143333e-01;
   2.661076e-03   1.015522e+00   2.124500e-01;
  -4.680251e-02   2.312446e-01   3.693280e-01]
F=[ ...        
  -1.112454e+03   1.260254e+03   1.057850e+01;
   5.083163e+02  -2.375581e+02  -1.045411e+01;
   1.179035e+03   4.754243e+02   3.786063e+00]
R=[ ...        
  -5.084263e-01   8.273221e-01  -2.388323e-01;
   2.820698e-01  -1.020434e-01  -9.539517e-01;
   8.135965e-01   5.523815e-01   1.814810e-01]
U=[ ...        
   1.668240e+03  -3.209509e+02  -5.246847e+00;
  -3.209509e+02   1.329493e+03   1.190995e+01;
  -5.246847e+00   1.190995e+01   8.133329e+00]
l=[ ...        
   1.318348e-03  -4.966489e-04   1.041814e-03;
  -8.973976e-04   1.980089e-03   6.043211e-04;
  -8.517862e-05   4.858596e-04  -3.581371e-05]
d=[ ...        
   1.318348e-03  -6.970233e-04   4.783177e-04;
  -6.970233e-04   1.980089e-03   5.450903e-04;
   4.783177e-04   5.450903e-04  -3.581371e-05]
     iteration=        1150000       process=              6       (i,j,k)=              1              1              0       (x,y,z)=   1.500000e-02   1.500000e-02   5.253389e-03     particles=             70
fabric=[ ...   
   3.067423e-01  -2.907107e-03   1.298009e-02;
  -2.907107e-03   3.353282e-01   2.369159e-02;
   1.298009e-02   2.369159e-02   3.579294e-01]
sigma=[ ...    
  -3.216308e+02  -3.806782e+01   9.326371e+00;
  -3.805118e+01  -3.549704e+02   2.232179e+01;
   9.275382e+00   2.230514e+01  -3.509762e+02]
sigmaDot=[ ... 
   1.239469e+02   2.992581e+03  -2.733926e+03;
   1.933284e+03   3.090088e+03  -2.269623e+03;
  -8.380232e+02  -5.559844e+02   5.654677e+03]
intgraE=[ ...  
   3.548821e-01  -8.481922e-01  -3.506721e-02;
  -8.481922e-01   3.513310e-01   3.673113e-02;
  -3.506721e-02   3.673113e-02  -4.981770e-01]
E=[ ...        
   1.475874e+06  -1.226648e+06  -5.619650e-01;
  -1.226648e+06   1.049483e+06   1.362569e+00;
  -5.619650e-01   1.362569e+00  -4.999368e-01]
e=[ ...        
  -3.203889e+02  -8.771990e+02   1.157695e+03;
  -8.771990e+02  -2.397458e+03   3.164738e+03;
   1.157695e+03   3.164738e+03  -4.176206e+03]
intgraF=[ ...  
   4.839827e-01  -6.100940e-01  -4.560544e-02;
  -1.111387e+00   1.055136e+00   3.588390e-02;
  -4.902480e-01   4.659789e-01   1.668803e-02]
F=[ ...        
   5.773250e+02  -2.553503e+02   4.649436e-03;
  -1.362754e+03   1.169839e+03  -3.390969e-03;
  -8.725518e+02   8.156224e+02   9.660426e-03]
R=[ ...        
   8.110762e-01   5.437236e-01  -2.156851e-01;
  -5.520135e-01   5.895182e-01  -5.897028e-01;
  -1.934851e-01   5.973550e-01   7.782869e-01]
U=[ ...        
   1.389339e+03  -1.010686e+03   3.773760e-03;
  -1.010686e+03   1.038017e+03   6.299674e-03;
   3.773760e-03   6.299674e-03   8.515433e-03]
l=[ ...        
  -1.517008e-02   1.210387e-02   9.641149e-03;
   2.480158e-01  -8.697467e-02  -1.238011e-01;
   2.637112e-02  -1.222927e-02  -7.074184e-03]
d=[ ...        
  -1.517008e-02   1.300598e-01   1.800613e-02;
   1.300598e-01  -8.697467e-02  -6.801519e-02;
   1.800613e-02  -6.801519e-02  -7.074184e-03]
     iteration=        1150000       process=              7       (i,j,k)=              1              1              1       (x,y,z)=   1.500000e-02   1.500000e-02   1.576017e-02     particles=             48
fabric=[ ...   
   3.054868e-01  -8.512210e-03  -5.262737e-03;
  -8.512210e-03   3.239180e-01  -5.378788e-03;
  -5.262737e-03  -5.378788e-03   3.705952e-01]
sigma=[ ...    
  -6.591795e+01  -4.595693e+00   3.909119e+00;
  -4.702566e+00  -8.174996e+01   9.373746e+00;
   3.887898e+00   9.559439e+00  -1.012288e+02]
sigmaDot=[ ... 
  -1.911222e+03  -5.230906e+03  -1.305102e+04;
  -2.369251e+03  -2.601055e+04   3.008221e+03;
   1.292401e+03  -8.219220e+03  -3.073066e+03]
intgraE=[ ...  
   1.731321e-02   7.408798e-02  -9.779781e-02;
   7.408798e-02   1.065253e-02  -3.862756e-02;
  -9.779781e-02  -3.862756e-02  -4.663494e-01]
E=[ ...        
   6.918910e+05  -5.261982e+05   1.522169e+01;
  -5.261982e+05   4.196170e+05  -1.239309e+01;
   1.522169e+01  -1.239309e+01  -4.996298e-01]
e=[ ...        
  -3.310065e+04  -1.485890e+04  -8.450966e+04;
  -1.485890e+04  -6.669567e+03  -3.793586e+04;
  -8.450966e+04  -3.793586e+04  -2.157588e+05]
intgraF=[ ...  
   1.007852e+00   2.677703e-02  -1.736535e-01;
   1.047307e-01   9.910952e-01  -3.585570e-02;
  -8.884047e-02  -1.957509e-01   1.893672e-01]
F=[ ...        
  -6.866933e+02   6.657254e+02  -2.063379e-02;
  -8.579025e+02   5.213829e+02  -1.313967e-02;
   4.198079e+02  -3.524266e+02   1.191436e-02]
R=[ ...        
  -9.190993e-02   9.284617e-01   3.598771e-01;
  -9.739595e-01  -1.590432e-01   1.615800e-01;
   2.072569e-01  -3.356549e-01   9.189017e-01]
U=[ ...        
   9.856843e+02  -6.420355e+02   1.716329e-02;
  -6.420355e+02   6.534718e+02  -2.106702e-02;
   1.716329e-02  -2.106702e-02   1.399388e-03]
l=[ ...        
  -2.460335e-03   1.986295e-03   8.057392e-04;
  -1.579986e-02   1.418480e-02   8.508791e-02;
  -4.170509e-06  -3.685148e-03  -2.402555e-02]
d=[ ...        
  -2.460335e-03  -6.906783e-03   4.007844e-04;
  -6.906783e-03   1.418480e-02   4.070138e-02;
   4.007844e-04   4.070138e-02  -2.402555e-02]
