     iteration=        3250000       process=              0       (i,j,k)=              0              0              0       (x,y,z)=   5.000000e-03   5.000000e-03   5.253276e-03     particles=             80
fabric=[ ...   
   3.407044e-01   6.665225e-03  -4.654878e-04;
   6.665225e-03   3.072133e-01   5.729852e-04;
  -4.654878e-04   5.729852e-04   3.520823e-01]
sigma=[ ...    
  -3.168898e+02  -2.424589e+01   2.407024e+01;
  -2.424596e+01  -2.446331e+02  -2.611335e+01;
   2.407016e+01  -2.611360e+01  -3.731764e+02]
sigmaDot=[ ... 
   1.419209e+01  -1.324695e+01   7.533841e-01;
  -9.175088e+00   7.773280e+00   6.241356e+00;
  -2.728191e+00   6.495762e+00  -2.854117e+00]
intgraE=[ ...  
   4.534141e+01  -1.806392e+01  -6.086969e-02;
  -1.806392e+01   1.188930e+01   8.606832e-03;
  -6.086969e-02   8.606832e-03  -4.998743e-01]
E=[ ...        
   1.858397e+05  -5.417635e+04  -1.991400e+00;
  -5.417635e+04   8.829882e+05   1.410234e+00;
  -1.991400e+00   1.410234e+00  -4.997947e-01]
e=[ ...        
  -4.177377e+01  -3.701682e+00  -2.364505e+02;
  -3.701682e+00   1.758631e-01  -2.070468e+01;
  -2.364505e+02  -2.070468e+01  -1.322043e+03]
intgraF=[ ...  
   6.093486e+00  -3.971361e+00  -3.535234e-03;
  -5.128703e-01   2.635589e+00  -6.446672e-03;
  -7.368122e+00   1.435468e+00   1.404751e-02]
F=[ ...        
   5.030467e+02  -8.536386e+02  -2.699122e-03;
  -3.338390e+02  -1.004460e+03   2.818062e-03;
  -8.471080e+01   1.683427e+02   1.988220e-02]
R=[ ...        
   7.723326e-01  -6.103595e-01   1.759647e-01;
  -6.221200e-01  -7.827701e-01   1.541476e-02;
  -1.283313e-01   1.213765e-01   9.842758e-01]
U=[ ...        
   6.070784e+02  -5.600205e+01  -6.389302e-03;
  -5.600205e+01   1.327720e+03   1.854771e-03;
  -6.389302e-03   1.854771e-03   1.913806e-02]
l=[ ...        
   1.327829e-02   1.840321e-03  -5.706314e-04;
   1.254331e-02   1.738910e-03  -5.400618e-04;
  -1.559827e-04  -2.154131e-05   6.755014e-06]
d=[ ...        
   1.327829e-02   7.191814e-03  -3.633070e-04;
   7.191814e-03   1.738910e-03  -2.808015e-04;
  -3.633070e-04  -2.808015e-04   6.755014e-06]
     iteration=        3250000       process=              1       (i,j,k)=              0              0              1       (x,y,z)=   5.000000e-03   5.000000e-03   1.575983e-02     particles=             46
fabric=[ ...   
   3.564787e-01  -1.130125e-02   2.350287e-02;
  -1.130125e-02   3.196542e-01   3.392484e-04;
   2.350287e-02   3.392484e-04   3.238671e-01]
sigma=[ ...    
  -6.730983e+01   8.042932e+00   7.705411e-01;
   8.042965e+00  -7.668379e+01   1.505129e+00;
   7.705197e-01   1.505029e+00  -1.060304e+02]
sigmaDot=[ ... 
   1.530377e+01   1.936474e+00   3.384683e+00;
   9.424998e+00  -6.065375e-02   8.232672e+00;
   3.056766e+00   6.578507e+00   9.787342e-01]
intgraE=[ ...  
   9.541112e-02  -6.456879e-02  -6.784940e-01;
  -6.456879e-02   1.150404e-02   3.409815e-01;
  -6.784940e-01   3.409815e-01   3.604721e+00]
E=[ ...        
   6.649840e+05  -8.275411e+05   3.175638e+00;
  -8.275411e+05   1.803571e+06  -2.435673e+01;
   3.175638e+00  -2.435673e+01  -4.994458e-01]
e=[ ...        
  -1.548338e+05  -7.116022e+04   1.213528e+05;
  -7.116022e+04  -3.270398e+04   5.577248e+04;
   1.213528e+05   5.577248e+04  -9.511092e+04]
intgraF=[ ...  
   9.981293e-01   3.866654e-04  -9.610495e-02;
  -3.448876e-02   9.878713e-01   6.129180e-02;
  -4.397393e-01   2.170674e-01   2.862944e+00]
F=[ ...        
   4.045325e+02  -1.217120e+03   1.976895e-02;
  -1.073970e+03   1.174091e+03  -1.298042e-03;
  -1.136228e+02  -8.644495e+02   2.675489e-02]
R=[ ...        
   6.245681e-03  -6.724523e-01  -7.401141e-01;
  -8.660895e-01   3.663227e-01  -3.401420e-01;
  -4.998499e-01  -6.431295e-01   5.801160e-01]
U=[ ...        
   9.894754e+02  -5.923744e+02  -1.212574e-02;
  -5.923744e+02   1.804504e+03  -3.097603e-02;
  -1.212574e-02  -3.097603e-02   1.331182e-03]
l=[ ...        
   8.118380e-07  -4.707496e-07  -2.666712e-07;
  -4.086878e-07   5.832824e-09   3.532741e-07;
   3.356136e-08   1.385741e-07  -4.169846e-08]
d=[ ...        
   8.118380e-07  -4.397187e-07  -1.165549e-07;
  -4.397187e-07   5.832824e-09   2.459241e-07;
  -1.165549e-07   2.459241e-07  -4.169846e-08]
     iteration=        3250000       process=              2       (i,j,k)=              0              1              0       (x,y,z)=   5.000000e-03   1.500000e-02   5.253276e-03     particles=             81
fabric=[ ...   
   3.310504e-01  -4.756812e-04   1.520872e-03;
  -4.756812e-04   3.223581e-01   1.544400e-02;
   1.520872e-03   1.544400e-02   3.465915e-01]
sigma=[ ...    
  -2.983184e+02  -7.121753e+00   2.963396e+01;
  -7.121770e+00  -2.536569e+02  -3.484045e+01;
   2.963397e+01  -3.484052e+01  -2.910241e+02]
sigmaDot=[ ... 
   3.990983e+00  -4.730392e+00   1.571494e-01;
  -4.900007e+00  -1.117267e+00  -3.641927e-01;
   9.048351e-01  -6.285935e-01  -1.401077e+00]
intgraE=[ ...  
   1.494302e+01  -1.573121e+01  -2.006782e-01;
  -1.573121e+01   1.588585e+01   2.068381e-01;
  -2.006782e-01   2.068381e-01  -4.973759e-01]
E=[ ...        
   3.379102e+05   1.169223e+05   6.555864e+02;
   1.169223e+05   1.936257e+05   3.663478e+01;
   6.555864e+02   3.663478e+01   1.010027e+00]
e=[ ...        
  -6.515887e+01   6.379663e+01   1.480529e+01;
   6.379663e+01  -6.148720e+01  -1.438537e+01;
   1.480529e+01  -1.438537e+01  -2.838415e+00]
intgraF=[ ...  
   4.292877e+00  -4.910992e+00  -5.941562e-02;
   1.161682e+00  -9.045748e-01  -1.382757e-02;
   3.332827e+00  -2.799216e+00  -3.907469e-02]
F=[ ...        
  -4.836666e+02   4.884150e+01  -1.250591e+00;
  -3.695535e+02   1.875047e+02  -1.066113e+00;
  -5.525561e+02  -5.913619e+02  -5.652234e-01]
R=[ ...        
  -6.535747e-01   2.624998e-01  -7.098831e-01;
  -5.572360e-01   4.678210e-01   6.860259e-01;
  -5.121799e-01  -8.439416e-01   1.594816e-01]
U=[ ...        
   8.050489e+02   1.664778e+02   1.700927e+00;
   1.664778e+02   5.996144e+02  -3.500147e-01;
   1.700927e+00  -3.500147e-01   6.624938e-02]
l=[ ...        
  -3.229940e-03   6.701906e-04   7.399482e-03;
   1.247726e-02  -4.851568e-04  -5.275217e-04;
   4.998187e-05   8.844489e-07   3.522324e-05]
d=[ ...        
  -3.229940e-03   6.573725e-03   3.724732e-03;
   6.573725e-03  -4.851568e-04  -2.633186e-04;
   3.724732e-03  -2.633186e-04   3.522324e-05]
     iteration=        3250000       process=              3       (i,j,k)=              0              1              1       (x,y,z)=   5.000000e-03   1.500000e-02   1.575983e-02     particles=             39
fabric=[ ...   
   3.400439e-01   1.732102e-02   2.018731e-02;
   1.732102e-02   3.266930e-01   1.378226e-03;
   2.018731e-02   1.378226e-03   3.332632e-01]
sigma=[ ...    
  -1.011998e+02  -1.031276e+01  -9.161962e+00;
  -1.031188e+01  -8.802879e+01  -1.348404e+00;
  -9.164760e+00  -1.348368e+00  -1.335910e+02]
sigmaDot=[ ... 
   3.123815e-01  -4.159080e-01   1.194752e+00;
   2.265958e-01   3.404768e+00   2.075371e-03;
   2.113790e+00  -2.318554e-01  -3.113230e+00]
intgraE=[ ...  
  -4.111339e-02   7.395219e-02  -3.250967e-02;
   7.395219e-02   7.158015e-02  -4.380867e-02;
  -3.250967e-02  -4.380867e-02  -1.447513e-01]
E=[ ...        
   5.473188e+05  -5.362562e+05   9.183361e+00;
  -5.362562e+05   9.115469e+05  -1.840658e+00;
   9.183361e+00  -1.840658e+00  -4.995793e-01]
e=[ ...        
  -3.355557e+00   4.182075e+01   7.369802e+01;
   4.182075e+01  -4.531246e+02  -7.993936e+02;
   7.369802e+01  -7.993936e+02  -1.408220e+03]
intgraF=[ ...  
   9.471465e-01  -1.347538e-04  -9.096779e-02;
   1.362075e-01   1.067701e+00  -1.257955e-01;
   4.619818e-02   5.634630e-02   8.284913e-01]
F=[ ...        
  -5.672989e+02  -1.814726e+02  -2.392881e-02;
  -7.769824e+02   1.159569e+03   2.415692e-03;
   4.112286e+02  -6.675041e+02   1.621698e-02]
R=[ ...        
  -8.729442e-01  -4.856943e-01  -4.549269e-02;
  -4.424786e-01   7.490930e-01   4.930237e-01;
   2.053805e-01  -4.505117e-01   8.688257e-01]
U=[ ...        
   9.234767e+02  -4.917615e+02   2.315027e-02;
  -4.917615e+02   1.257484e+03   6.125724e-03;
   2.315027e-02   6.125724e-03   1.636931e-02]
l=[ ...        
   1.916554e-08  -2.562969e-08   5.065629e-08;
  -4.650781e-08  -1.820974e-08   7.103445e-08;
  -1.072705e-08  -1.619308e-08   2.249308e-08]
d=[ ...        
   1.916554e-08  -3.606875e-08   1.996462e-08;
  -3.606875e-08  -1.820974e-08   2.742069e-08;
   1.996462e-08   2.742069e-08   2.249308e-08]
     iteration=        3250000       process=              4       (i,j,k)=              1              0              0       (x,y,z)=   1.500000e-02   5.000000e-03   5.253276e-03     particles=             77
fabric=[ ...   
   3.322170e-01   4.587925e-03  -1.145989e-02;
   4.587925e-03   3.198859e-01   2.025467e-02;
  -1.145989e-02   2.025467e-02   3.478972e-01]
sigma=[ ...    
  -2.894369e+02   1.832790e+01  -4.017394e+00;
   1.832872e+01  -2.593177e+02  -4.837634e+01;
  -4.011755e+00  -4.836795e+01  -3.702205e+02]
sigmaDot=[ ... 
  -6.601531e+01   1.086011e+02   6.013094e+01;
   1.532283e+02   2.592600e+01   6.334788e+00;
  -5.549875e+01  -1.898750e+02  -2.427071e+01]
intgraE=[ ...  
   1.997178e+01  -1.506909e+00   1.549251e-02;
  -1.506909e+00   2.806981e+00   2.983748e-02;
   1.549251e-02   2.983748e-02  -4.996866e-01]
E=[ ...        
   1.458631e+06  -7.916005e+05   8.648054e+00;
  -7.916005e+05   4.651706e+05  -4.766000e+00;
   8.648054e+00  -4.766000e+00  -4.996759e-01]
e=[ ...        
  -7.130368e+02   2.837038e+02   2.542319e+02;
   2.837038e+02  -1.123013e+02  -1.010832e+02;
   2.542319e+02  -1.010832e+02  -9.008239e+01]
intgraF=[ ...  
   4.235426e+00   9.829396e-01   1.482431e-02;
   8.721497e-01   1.543401e+00   1.753229e-02;
   4.716363e+00  -1.807126e+00  -9.985027e-03]
F=[ ...        
  -7.203461e+00  -1.217007e+02  -2.038572e-02;
  -1.149863e+03   4.504096e+02   1.727937e-03;
   1.262944e+03  -8.441933e+02   1.515202e-02]
R=[ ...        
  -2.039281e-01  -4.245289e-01  -8.821499e-01;
  -8.860283e-01  -3.032072e-01   3.507411e-01;
   4.163740e-01  -8.531357e-01   3.143122e-01]
U=[ ...        
   1.546137e+03  -7.257575e+02   8.935127e-03;
  -7.257575e+02   6.353095e+02  -4.796327e-03;
   8.935127e-03  -4.796327e-03   2.335179e-02]
l=[ ...        
  -3.759358e-07   1.940279e-04   1.334409e-04;
   1.119957e-06   3.046349e-05   1.992923e-05;
   3.627325e-07   3.603263e-05  -6.511093e-06]
d=[ ...        
  -3.759358e-07   9.757395e-05   6.690180e-05;
   9.757395e-05   3.046349e-05   2.798093e-05;
   6.690180e-05   2.798093e-05  -6.511093e-06]
     iteration=        3250000       process=              5       (i,j,k)=              1              0              1       (x,y,z)=   1.500000e-02   5.000000e-03   1.575983e-02     particles=             35
fabric=[ ...   
   3.330019e-01   1.096332e-02   3.956546e-03;
   1.096332e-02   3.613500e-01   2.199396e-03;
   3.956546e-03   2.199396e-03   3.056481e-01]
sigma=[ ...    
  -1.118787e+02  -1.418836e+00   9.006644e-01;
  -1.418836e+00  -1.198370e+02   1.513752e+01;
   9.003972e-01   1.513751e+01  -1.336916e+02]
sigmaDot=[ ... 
  -7.810748e+00   1.096721e+00   2.210418e+01;
   7.872803e+00  -4.760961e+01  -2.137930e+01;
   1.439297e+01  -7.083080e+00   2.244805e+01]
intgraE=[ ...  
  -9.614593e-03   1.044756e-02  -6.499424e-02;
   1.044756e-02   4.347370e-02   1.493198e-01;
  -6.499424e-02   1.493198e-01  -4.027498e-01]
E=[ ...        
   1.446285e+06  -4.948989e+05  -6.632022e+03;
  -4.948989e+05   9.678349e+05   9.123866e+03;
  -6.632022e+03   9.123866e+03   1.197083e+02]
e=[ ...        
   4.994273e-01  -2.034181e-03   3.976825e-04;
  -2.034181e-03   4.927722e-01   1.413318e-03;
   3.976825e-04   1.413318e-03   4.997233e-01]
intgraF=[ ...  
   9.892159e-01   2.952774e-02  -1.144070e-01;
   2.639665e-03   1.015634e+00   2.124687e-01;
  -4.707103e-02   2.335858e-01   3.691455e-01]
F=[ ...        
  -1.124083e+03   1.271325e+03   1.067151e+01;
   5.422837e+02  -2.595664e+02  -1.056540e+01;
   1.155394e+03   5.020246e+02   3.861076e+00]
R=[ ...        
  -5.138166e-01   8.180652e-01  -2.583831e-01;
   3.000325e-01  -1.108089e-01  -9.474713e-01;
   8.037244e-01   5.643499e-01   1.885106e-01]
U=[ ...        
   1.668894e+03  -3.276168e+02  -5.549920e+00;
  -3.276168e+02   1.352107e+03   1.207973e+01;
  -5.549920e+00   1.207973e+01   7.980928e+00]
l=[ ...        
  -2.956049e-07   9.367354e-07   1.306709e-06;
   2.073069e-07  -7.423306e-08   1.390503e-07;
   5.977882e-08  -8.065627e-08  -5.489424e-07]
d=[ ...        
  -2.956049e-07   5.720211e-07   6.832437e-07;
   5.720211e-07  -7.423306e-08   2.919702e-08;
   6.832437e-07   2.919702e-08  -5.489424e-07]
     iteration=        3250000       process=              6       (i,j,k)=              1              1              0       (x,y,z)=   1.500000e-02   1.500000e-02   5.253276e-03     particles=             70
fabric=[ ...   
   3.123686e-01  -2.853241e-03   1.001527e-02;
  -2.853241e-03   3.305144e-01   2.223340e-02;
   1.001527e-02   2.223340e-02   3.571170e-01]
sigma=[ ...    
  -3.143004e+02  -4.056865e+01   1.808694e+01;
  -4.057486e+01  -3.491742e+02   2.115742e+01;
   1.808637e+01   2.114851e+01  -3.555367e+02]
sigmaDot=[ ... 
  -3.197599e+01  -6.216611e+00   2.627140e+00;
  -5.530476e+00  -3.303253e+01  -1.413054e+00;
   2.115588e+00  -2.970826e-01  -3.423739e+01]
intgraE=[ ...  
   3.555231e-01  -8.494478e-01  -3.521569e-02;
  -8.494478e-01   3.531647e-01   3.689850e-02;
  -3.521569e-02   3.689850e-02  -4.981670e-01]
E=[ ...        
   1.118920e+06  -8.911507e+05  -2.846858e-02;
  -8.911507e+05   7.373824e+05   9.609945e-01;
  -2.846858e-02   9.609945e-01  -4.999359e-01]
e=[ ...        
  -5.862024e+02  -1.373223e+03   1.524197e+03;
  -1.373223e+03  -3.213636e+03   3.567503e+03;
   1.524197e+03   3.567503e+03  -3.959219e+03]
intgraF=[ ...  
   4.846837e-01  -6.109372e-01  -4.566319e-02;
  -1.111306e+00   1.055931e+00   3.605297e-02;
  -4.910474e-01   4.670055e-01   1.676683e-02]
F=[ ...        
   6.100872e+02  -2.811995e+02   4.727441e-03;
  -1.123244e+03   9.295011e+02  -3.951890e-03;
  -7.771466e+02   7.291916e+02   9.496309e-03]
R=[ ...        
   8.295918e-01   4.860023e-01  -2.749166e-01;
  -5.343220e-01   5.480350e-01  -6.435508e-01;
  -1.621032e-01   6.807785e-01   7.143271e-01]
U=[ ...        
   1.232275e+03  -8.481379e+02   4.494046e-03;
  -8.481379e+02   8.691535e+02   6.596656e-03;
   4.494046e-03   6.596656e-03   8.027060e-03]
l=[ ...        
  -1.714177e-02  -3.365484e-03   3.655646e-02;
  -4.710142e-02  -7.204644e-02   8.327441e-02;
   1.067853e-02   5.142273e-03  -1.814118e-02]
d=[ ...        
  -1.714177e-02  -2.523345e-02   2.361749e-02;
  -2.523345e-02  -7.204644e-02   4.420834e-02;
   2.361749e-02   4.420834e-02  -1.814118e-02]
     iteration=        3250000       process=              7       (i,j,k)=              1              1              1       (x,y,z)=   1.500000e-02   1.500000e-02   1.575983e-02     particles=             48
fabric=[ ...   
   3.295687e-01  -1.015339e-02  -9.363665e-03;
  -1.015339e-02   3.120910e-01  -6.333302e-03;
  -9.363665e-03  -6.333302e-03   3.583403e-01]
sigma=[ ...    
  -7.722101e+01   4.805566e-01   1.205060e+01;
   4.805762e-01  -7.542276e+01   4.089434e+00;
   1.205061e+01   4.089449e+00  -1.002048e+02]
sigmaDot=[ ... 
  -2.666789e-02   1.069543e+00  -6.499926e-01;
   4.878061e-01   8.050484e+00   4.269357e+00;
  -1.239605e+00   3.657491e+00   2.484030e+00]
intgraE=[ ...  
   1.740593e-02   7.398292e-02  -9.779643e-02;
   7.398292e-02   1.064829e-02  -3.851894e-02;
  -9.779643e-02  -3.851894e-02  -4.664300e-01]
E=[ ...        
   6.940563e+05  -5.277906e+05   1.521941e+01;
  -5.277906e+05   4.208986e+05  -1.237949e+01;
   1.521941e+01  -1.237949e+01  -4.996319e-01]
e=[ ...        
  -2.900534e+04  -1.318438e+04  -7.418958e+04;
  -1.318438e+04  -5.992354e+03  -3.372229e+04;
  -7.418958e+04  -3.372229e+04  -1.897576e+05]
intgraF=[ ...  
   1.008011e+00   2.683121e-02  -1.737981e-01;
   1.045809e-01   9.911030e-01  -3.574203e-02;
  -8.825153e-02  -1.956822e-01   1.888298e-01]
F=[ ...        
  -6.868624e+02   6.663999e+02  -2.046772e-02;
  -8.595599e+02   5.223412e+02  -1.319020e-02;
   4.212961e+02  -3.533681e+02   1.196912e-02]
R=[ ...        
  -9.087298e-02   9.288243e-01   3.592039e-01;
  -9.737723e-01  -1.584258e-01   1.633060e-01;
   2.085898e-01  -3.349427e-01   9.188600e-01]
U=[ ...        
   9.873109e+02  -6.429081e+02   1.720085e-02;
  -6.429081e+02   6.545742e+02  -2.093021e-02;
   1.720085e-02  -2.093021e-02   1.491818e-03]
l=[ ...        
  -3.099652e-09   8.009977e-08  -7.496617e-08;
   5.463530e-08   2.268957e-07   2.801592e-07;
   1.375943e-07   8.809934e-08   8.074139e-08]
d=[ ...        
  -3.099652e-09   6.736753e-08   3.131409e-08;
   6.736753e-08   2.268957e-07   1.841293e-07;
   3.131409e-08   1.841293e-07   8.074139e-08]
