     iteration=        1900000       process=              0       (i,j,k)=              0              0              0       (x,y,z)=   5.000000e-03   5.000000e-03   5.253276e-03     particles=             80
fabric=[ ...   
   3.406636e-01   6.655608e-03  -4.433179e-04;
   6.655608e-03   3.072909e-01   6.106500e-04;
  -4.433179e-04   6.106500e-04   3.520456e-01]
sigma=[ ...    
  -3.168494e+02  -2.417339e+01   2.390556e+01;
  -2.417334e+01  -2.444760e+02  -2.605758e+01;
   2.390536e+01  -2.605749e+01  -3.733000e+02]
sigmaDot=[ ... 
   2.323898e+01   8.868749e+00  -3.698702e+00;
   6.619697e+00  -1.526980e+01   9.078740e-03;
   1.082831e+00  -2.050756e+00  -3.469922e+00]
intgraE=[ ...  
   4.535620e+01  -1.807028e+01  -6.088787e-02;
  -1.807028e+01   1.189171e+01   8.615609e-03;
  -6.088787e-02   8.615609e-03  -4.998743e-01]
E=[ ...        
   1.874772e+05  -5.075327e+04  -1.983334e+00;
  -5.075327e+04   8.861242e+05   1.447062e+00;
  -1.983334e+00   1.447062e+00  -4.997944e-01]
e=[ ...        
  -4.093464e+01  -4.415458e+00  -2.338231e+02;
  -4.415458e+00   2.946842e-02  -2.491723e+01;
  -2.338231e+02  -2.491723e+01  -1.319006e+03]
intgraF=[ ...  
   6.096134e+00  -3.972894e+00  -3.537337e-03;
  -5.104647e-01   2.634197e+00  -6.448582e-03;
  -7.368104e+00   1.435458e+00   1.404750e-02]
F=[ ...        
   5.034425e+02  -8.520243e+02  -2.729333e-03;
  -3.385884e+02  -1.008659e+03   2.790277e-03;
  -8.281873e+01   1.700303e+02   1.989708e-02]
R=[ ...        
   7.728702e-01  -6.101144e-01   1.744479e-01;
  -6.220908e-01  -7.827242e-01   1.859645e-02;
  -1.251986e-01   1.228951e-01   9.844908e-01]
U=[ ...        
   6.100972e+02  -5.231412e+01  -6.336312e-03;
  -5.231412e+01   1.330230e+03   1.926440e-03;
  -6.336312e-03   1.926440e-03   1.916425e-02]
l=[ ...        
   2.763119e-03   3.836249e-04  -1.190832e-04;
   2.466458e-03   3.421727e-04  -1.063538e-04;
   3.831716e-05   5.697123e-06  -2.030516e-06]
d=[ ...        
   2.763119e-03   1.425041e-03  -4.038300e-05;
   1.425041e-03   3.421727e-04  -5.032834e-05;
  -4.038300e-05  -5.032834e-05  -2.030516e-06]
     iteration=        1900000       process=              1       (i,j,k)=              0              0              1       (x,y,z)=   5.000000e-03   5.000000e-03   1.575983e-02     particles=             46
fabric=[ ...   
   3.564787e-01  -1.130126e-02   2.350286e-02;
  -1.130126e-02   3.196542e-01   3.392464e-04;
   2.350286e-02   3.392464e-04   3.238671e-01]
sigma=[ ...    
  -6.728629e+01   8.011683e+00   6.985673e-01;
   8.011841e+00  -7.686461e+01   1.494661e+00;
   6.984914e-01   1.494655e+00  -1.060281e+02]
sigmaDot=[ ... 
  -2.507895e+01   1.155247e+01   2.949345e+01;
   1.617958e+01  -1.070820e+01  -5.242900e+00;
   2.716469e+01  -8.606110e-01  -2.631185e+00]
intgraE=[ ...  
   9.541113e-02  -6.456879e-02  -6.784940e-01;
  -6.456879e-02   1.150404e-02   3.409815e-01;
  -6.784940e-01   3.409815e-01   3.604721e+00]
E=[ ...        
   6.649840e+05  -8.275409e+05   3.175634e+00;
  -8.275409e+05   1.803571e+06  -2.435672e+01;
   3.175634e+00  -2.435672e+01  -4.994458e-01]
e=[ ...        
  -1.548121e+05  -7.115022e+04   1.213358e+05;
  -7.115022e+04  -3.269939e+04   5.576465e+04;
   1.213358e+05   5.576465e+04  -9.509756e+04]
intgraF=[ ...  
   9.981293e-01   3.866627e-04  -9.610486e-02;
  -3.448877e-02   9.878713e-01   6.129182e-02;
  -4.397393e-01   2.170674e-01   2.862944e+00]
F=[ ...        
   4.045324e+02  -1.217120e+03   1.976895e-02;
  -1.073970e+03   1.174091e+03  -1.298038e-03;
  -1.136228e+02  -8.644495e+02   2.675489e-02]
R=[ ...        
   6.245659e-03  -6.724524e-01  -7.401141e-01;
  -8.660895e-01   3.663227e-01  -3.401420e-01;
  -4.998499e-01  -6.431294e-01   5.801160e-01]
U=[ ...        
   9.894754e+02  -5.923744e+02  -1.212574e-02;
  -5.923744e+02   1.804504e+03  -3.097603e-02;
  -1.212574e-02  -3.097603e-02   1.331180e-03]
l=[ ...        
  -7.980484e-07   2.431725e-07   4.499975e-07;
   1.978122e-08  -1.578367e-07  -3.579360e-08;
  -5.409992e-07  -7.045201e-08  -2.981156e-07]
d=[ ...        
  -7.980484e-07   1.314769e-07  -4.550088e-08;
   1.314769e-07  -1.578367e-07  -5.312280e-08;
  -4.550088e-08  -5.312280e-08  -2.981156e-07]
     iteration=        1900000       process=              2       (i,j,k)=              0              1              0       (x,y,z)=   5.000000e-03   1.500000e-02   5.253276e-03     particles=             81
fabric=[ ...   
   3.310564e-01  -4.596177e-04   1.443091e-03;
  -4.596177e-04   3.223571e-01   1.548570e-02;
   1.443091e-03   1.548570e-02   3.465866e-01]
sigma=[ ...    
  -2.982516e+02  -7.171799e+00   2.962862e+01;
  -7.171710e+00  -2.536012e+02  -3.487424e+01;
   2.962867e+01  -3.487438e+01  -2.909816e+02]
sigmaDot=[ ... 
   4.319326e+00  -4.210766e+00   1.101087e-01;
  -4.110486e+00   5.949955e+00  -1.065424e-01;
   2.031416e-01  -3.370985e-01   2.419163e+00]
intgraE=[ ...  
   1.493941e+01  -1.572784e+01  -2.006331e-01;
  -1.572784e+01   1.588287e+01   2.067971e-01;
  -2.006331e-01   2.067971e-01  -4.973764e-01]
E=[ ...        
   3.427842e+05   1.217286e+05   6.581832e+02;
   1.217286e+05   1.983615e+05   3.938000e+01;
   6.581832e+02   3.938000e+01   1.009229e+00]
e=[ ...        
  -6.334935e+01   6.203669e+01   1.433571e+01;
   6.203669e+01  -5.977549e+01  -1.392873e+01;
   1.433571e+01  -1.392873e+01  -2.718713e+00]
intgraF=[ ...  
   4.292335e+00  -4.910624e+00  -5.940985e-02;
   1.160627e+00  -9.033267e-01  -1.381269e-02;
   3.332811e+00  -2.799200e+00  -3.907448e-02]
F=[ ...        
  -4.846880e+02   4.783939e+01  -1.250588e+00;
  -3.693072e+02   1.877323e+02  -1.065491e+00;
  -5.605883e+02  -5.993263e+02  -5.649918e-01]
R=[ ...        
  -6.529459e-01   2.638277e-01  -7.099694e-01;
  -5.568143e-01   4.682310e-01   6.860886e-01;
  -5.134389e-01  -8.432999e-01   1.588265e-01]
U=[ ...        
   8.099384e+02   1.719488e+02   1.699936e+00;
   1.719488e+02   6.059352e+02  -3.523782e-01;
   1.699936e+00  -3.523782e-01   6.712269e-02]
l=[ ...        
   3.874697e-03  -5.922061e-04  -6.054405e-03;
  -1.403617e-02   4.926836e-04  -1.090676e-04;
  -3.600501e-05  -1.112813e-05  -1.649870e-04]
d=[ ...        
   3.874697e-03  -7.314187e-03  -3.045205e-03;
  -7.314187e-03   4.926836e-04  -6.009786e-05;
  -3.045205e-03  -6.009786e-05  -1.649870e-04]
     iteration=        1900000       process=              3       (i,j,k)=              0              1              1       (x,y,z)=   5.000000e-03   1.500000e-02   1.575983e-02     particles=             39
fabric=[ ...   
   3.400258e-01   1.748323e-02   2.041793e-02;
   1.748323e-02   3.267242e-01   1.328767e-03;
   2.041793e-02   1.328767e-03   3.332499e-01]
sigma=[ ...    
  -1.009998e+02  -1.029694e+01  -9.306192e+00;
  -1.029553e+01  -8.771492e+01  -1.430523e+00;
  -9.312568e+00  -1.430118e+00  -1.334366e+02]
sigmaDot=[ ... 
   3.768303e+00  -4.828512e+00  -3.841932e+00;
  -4.255965e+00   5.957383e+00   2.739181e+00;
  -3.216902e+00   3.215847e+00  -4.298172e+00]
intgraE=[ ...  
  -4.111339e-02   7.395219e-02  -3.250967e-02;
   7.395219e-02   7.158015e-02  -4.380868e-02;
  -3.250967e-02  -4.380868e-02  -1.447513e-01]
E=[ ...        
   5.288616e+05  -4.704030e+05   9.367574e+00;
  -4.704030e+05   6.976830e+05  -2.274512e+00;
   9.367574e+00  -2.274512e+00  -4.995791e-01]
e=[ ...        
   3.414448e-02   1.387337e+01   2.738314e+01;
   1.387337e+01  -4.126564e+02  -8.154843e+02;
   2.738314e+01  -8.154843e+02  -1.609096e+03]
intgraF=[ ...  
   9.471465e-01  -1.347454e-04  -9.096779e-02;
   1.362075e-01   1.067701e+00  -1.257955e-01;
   4.619818e-02   5.634629e-02   8.284913e-01]
F=[ ...        
  -6.096905e+02  -5.947573e+01  -2.409038e-02;
  -7.429743e+02   1.051990e+03   2.427824e-03;
   3.660476e+02  -5.339912e+02   1.598503e-02]
R=[ ...        
  -8.957360e-01  -4.443259e-01  -1.521690e-02;
  -4.025652e-01   7.960726e-01   4.518957e-01;
   1.886752e-01  -4.109050e-01   8.919410e-01]
U=[ ...        
   9.142814e+02  -4.709709e+02   2.361724e-02;
  -4.709709e+02   1.083307e+03   6.068380e-03;
   2.361724e-02   6.068380e-03   1.572141e-02]
l=[ ...        
   3.415444e-08  -8.144597e-08  -5.496901e-08;
  -8.905186e-08   6.485232e-08   8.892072e-08;
  -8.051006e-08   3.028457e-08  -8.006793e-08]
d=[ ...        
   3.415444e-08  -8.524891e-08  -6.773953e-08;
  -8.524891e-08   6.485232e-08   5.960264e-08;
  -6.773953e-08   5.960264e-08  -8.006793e-08]
     iteration=        1900000       process=              4       (i,j,k)=              1              0              0       (x,y,z)=   1.500000e-02   5.000000e-03   5.253276e-03     particles=             77
fabric=[ ...   
   3.321772e-01   4.594242e-03  -1.141708e-02;
   4.594242e-03   3.199364e-01   2.028364e-02;
  -1.141708e-02   2.028364e-02   3.478865e-01]
sigma=[ ...    
  -2.892332e+02   1.824291e+01  -3.780458e+00;
   1.824320e+01  -2.589053e+02  -4.827164e+01;
  -3.774180e+00  -4.826580e+01  -3.697347e+02]
sigmaDot=[ ... 
   4.912306e+01   9.867368e+01  -8.529502e+01;
   5.021031e+01  -1.774868e+01  -1.846892e+02;
  -8.675377e+01  -2.094729e+02   7.937345e+01]
intgraE=[ ...  
   1.997168e+01  -1.507014e+00   1.549129e-02;
  -1.507014e+00   2.807018e+00   2.983769e-02;
   1.549129e-02   2.983769e-02  -4.996866e-01]
E=[ ...        
   1.458516e+06  -7.915018e+05   8.648094e+00;
  -7.915018e+05   4.650896e+05  -4.766137e+00;
   8.648094e+00  -4.766137e+00  -4.996759e-01]
e=[ ...        
  -7.131450e+02   2.837077e+02   2.542049e+02;
   2.837077e+02  -1.122872e+02  -1.010585e+02;
   2.542049e+02  -1.010585e+02  -9.004943e+01]
intgraF=[ ...  
   4.235401e+00   9.829241e-01   1.482410e-02;
   8.721471e-01   1.543406e+00   1.753234e-02;
   4.716365e+00  -1.807151e+00  -9.985274e-03]
F=[ ...        
  -7.274208e+00  -1.216304e+02  -2.038517e-02;
  -1.149843e+03   4.503874e+02   1.728094e-03;
   1.262871e+03  -8.441194e+02   1.515194e-02]
R=[ ...        
  -2.039297e-01  -4.244504e-01  -8.821874e-01;
  -8.860384e-01  -3.032163e-01   3.507076e-01;
   4.163516e-01  -8.531716e-01   3.142445e-01]
U=[ ...        
   1.546086e+03  -7.257069e+02   8.934516e-03;
  -7.257069e+02   6.352399e+02  -4.798694e-03;
   8.934516e-03  -4.798694e-03   2.335101e-02]
l=[ ...        
   6.095497e-08  -5.043648e-04  -3.956420e-04;
  -1.032667e-06  -9.055592e-05  -5.957534e-05;
   5.466121e-07   1.180792e-05  -3.599031e-06]
d=[ ...        
   6.095497e-08  -2.526987e-04  -1.975477e-04;
  -2.526987e-04  -9.055592e-05  -2.388371e-05;
  -1.975477e-04  -2.388371e-05  -3.599031e-06]
     iteration=        1900000       process=              5       (i,j,k)=              1              0              1       (x,y,z)=   1.500000e-02   5.000000e-03   1.575983e-02     particles=             35
fabric=[ ...   
   3.330019e-01   1.096332e-02   3.956541e-03;
   1.096332e-02   3.613500e-01   2.199389e-03;
   3.956541e-03   2.199389e-03   3.056481e-01]
sigma=[ ...    
  -1.124160e+02  -1.953072e+00   1.104508e+00;
  -1.952709e+00  -1.196834e+02   1.551577e+01;
   1.104298e+00   1.551582e+01  -1.337043e+02]
sigmaDot=[ ... 
   3.631001e+01   1.901276e+01   1.912715e+01;
   2.389231e+01   1.263448e+00  -2.558175e+01;
   3.774391e+01  -1.441527e+01   1.512155e+01]
intgraE=[ ...  
  -9.614595e-03   1.044752e-02  -6.499426e-02;
   1.044752e-02   4.347372e-02   1.493198e-01;
  -6.499426e-02   1.493198e-01  -4.027498e-01]
E=[ ...        
   1.446285e+06  -4.948988e+05  -6.632021e+03;
  -4.948988e+05   9.678349e+05   9.123865e+03;
  -6.632021e+03   9.123865e+03   1.197083e+02]
e=[ ...        
   4.994273e-01  -2.034181e-03   3.976825e-04;
  -2.034181e-03   4.927722e-01   1.413318e-03;
   3.976825e-04   1.413318e-03   4.997233e-01]
intgraF=[ ...  
   9.892159e-01   2.952763e-02  -1.144071e-01;
   2.639686e-03   1.015634e+00   2.124687e-01;
  -4.707101e-02   2.335858e-01   3.691455e-01]
F=[ ...        
  -1.124083e+03   1.271325e+03   1.067151e+01;
   5.422837e+02  -2.595663e+02  -1.056540e+01;
   1.155394e+03   5.020247e+02   3.861076e+00]
R=[ ...        
  -5.138166e-01   8.180652e-01  -2.583831e-01;
   3.000325e-01  -1.108089e-01  -9.474713e-01;
   8.037244e-01   5.643498e-01   1.885107e-01]
U=[ ...        
   1.668894e+03  -3.276168e+02  -5.549919e+00;
  -3.276168e+02   1.352107e+03   1.207973e+01;
  -5.549919e+00   1.207973e+01   7.980928e+00]
l=[ ...        
   2.534166e-07   1.768271e-06   3.635469e-06;
  -2.505525e-07  -6.672102e-07  -8.514344e-07;
  -5.636250e-07  -1.341708e-06  -7.015543e-07]
d=[ ...        
   2.534166e-07   7.588594e-07   1.535922e-06;
   7.588594e-07  -6.672102e-07  -1.096571e-06;
   1.535922e-06  -1.096571e-06  -7.015543e-07]
     iteration=        1900000       process=              6       (i,j,k)=              1              1              0       (x,y,z)=   1.500000e-02   1.500000e-02   5.253276e-03     particles=             70
fabric=[ ...   
   3.126444e-01  -2.034596e-03   1.064882e-02;
  -2.034596e-03   3.300130e-01   2.072882e-02;
   1.064882e-02   2.072882e-02   3.573426e-01]
sigma=[ ...    
  -3.135665e+02  -4.046608e+01   1.802823e+01;
  -4.046682e+01  -3.481141e+02   2.113070e+01;
   1.803001e+01   2.112787e+01  -3.547871e+02]
sigmaDot=[ ... 
  -2.841973e+00   5.915009e-01   3.325020e+00;
  -4.877956e-01   1.878958e+00  -2.641486e+00;
   2.237264e+00   3.175385e-01  -9.272362e-01]
intgraE=[ ...  
   3.531678e-01  -8.466981e-01  -3.503678e-02;
  -8.466981e-01   3.500480e-01   3.670836e-02;
  -3.503678e-02   3.670836e-02  -4.981768e-01]
E=[ ...        
   1.474693e+06  -1.225608e+06  -5.679641e-01;
  -1.225608e+06   1.048729e+06   1.373779e+00;
  -5.679641e-01   1.373779e+00  -4.999366e-01]
e=[ ...        
  -3.263564e+02  -8.872697e+02   1.168840e+03;
  -8.872697e+02  -2.408043e+03   3.172880e+03;
   1.168840e+03   3.172880e+03  -4.179276e+03]
intgraF=[ ...  
   4.844945e-01  -6.106389e-01  -4.563399e-02;
  -1.109563e+00   1.053519e+00   3.584482e-02;
  -4.903772e-01   4.661689e-01   1.670559e-02]
F=[ ...        
   5.771931e+02  -2.547280e+02   4.661095e-03;
  -1.361988e+03   1.168971e+03  -3.385593e-03;
  -8.724816e+02   8.161370e+02   9.670595e-03]
R=[ ...        
   8.107657e-01   5.435147e-01  -2.173726e-01;
  -5.526895e-01   5.884224e-01  -5.901639e-01;
  -1.928558e-01   5.986241e-01   7.774675e-01]
U=[ ...        
   1.388988e+03  -1.010000e+03   3.785207e-03;
  -1.010000e+03   1.037960e+03   6.330266e-03;
   3.785207e-03   6.330266e-03   8.503435e-03]
l=[ ...        
   2.560120e-02   4.220432e-03  -1.998801e-02;
   2.071099e-01  -5.136177e-02  -2.871930e-02;
  -1.676497e-02  -1.664698e-02   1.718324e-02]
d=[ ...        
   2.560120e-02   1.056652e-01  -1.837649e-02;
   1.056652e-01  -5.136177e-02  -2.268314e-02;
  -1.837649e-02  -2.268314e-02   1.718324e-02]
     iteration=        1900000       process=              7       (i,j,k)=              1              1              1       (x,y,z)=   1.500000e-02   1.500000e-02   1.575983e-02     particles=             48
fabric=[ ...   
   3.295687e-01  -1.015338e-02  -9.363665e-03;
  -1.015338e-02   3.120910e-01  -6.333301e-03;
  -9.363665e-03  -6.333301e-03   3.583403e-01]
sigma=[ ...    
  -7.717908e+01   4.733830e-01   1.206759e+01;
   4.733841e-01  -7.533304e+01   4.106414e+00;
   1.206758e+01   4.106394e+00  -1.001758e+02]
sigmaDot=[ ... 
  -3.066914e+00   7.121784e-01   6.717982e-02;
   2.473748e-01   5.382135e+00   2.722590e+00;
  -1.238875e+00   2.887331e+00  -5.001674e+00]
intgraE=[ ...  
   1.740593e-02   7.398290e-02  -9.779643e-02;
   7.398290e-02   1.064828e-02  -3.851894e-02;
  -9.779643e-02  -3.851894e-02  -4.664300e-01]
E=[ ...        
   6.940563e+05  -5.277906e+05   1.521941e+01;
  -5.277906e+05   4.208986e+05  -1.237949e+01;
   1.521941e+01  -1.237949e+01  -4.996319e-01]
e=[ ...        
  -2.902361e+04  -1.319268e+04  -7.423631e+04;
  -1.319268e+04  -5.996126e+03  -3.374352e+04;
  -7.423631e+04  -3.374352e+04  -1.898771e+05]
intgraF=[ ...  
   1.008011e+00   2.683119e-02  -1.737981e-01;
   1.045809e-01   9.911030e-01  -3.574203e-02;
  -8.825154e-02  -1.956823e-01   1.888298e-01]
F=[ ...        
  -6.868624e+02   6.663999e+02  -2.046772e-02;
  -8.595599e+02   5.223412e+02  -1.319020e-02;
   4.212961e+02  -3.533681e+02   1.196912e-02]
R=[ ...        
  -9.087298e-02   9.288243e-01   3.592039e-01;
  -9.737723e-01  -1.584258e-01   1.633060e-01;
   2.085897e-01  -3.349427e-01   9.188600e-01]
U=[ ...        
   9.873109e+02  -6.429081e+02   1.720085e-02;
  -6.429081e+02   6.545742e+02  -2.093021e-02;
   1.720085e-02  -2.093021e-02   1.491818e-03]
l=[ ...        
  -1.004409e-07   4.508931e-08  -4.556883e-08;
   1.912776e-07   5.303421e-08   3.310933e-07;
   5.213676e-08   2.082596e-08   2.920599e-08]
d=[ ...        
  -1.004409e-07   1.181835e-07   3.283962e-09;
   1.181835e-07   5.303421e-08   1.759596e-07;
   3.283962e-09   1.759596e-07   2.920599e-08]
