     iteration=        3700000       process=              0       (i,j,k)=              0              0              0       (x,y,z)=   5.000000e-03   5.000000e-03   5.253276e-03     particles=             80
fabric=[ ...   
   3.407112e-01   6.667215e-03  -4.687704e-04;
   6.667215e-03   3.072003e-01   5.668503e-04;
  -4.687704e-04   5.668503e-04   3.520885e-01]
sigma=[ ...    
  -3.167904e+02  -2.427979e+01   2.415781e+01;
  -2.427975e+01  -2.446612e+02  -2.613569e+01;
   2.415771e+01  -2.613602e+01  -3.730395e+02]
sigmaDot=[ ... 
   2.862917e+01  -1.285008e+00   4.068063e+00;
  -1.386421e+00  -1.855714e+01  -3.314221e+00;
   9.523955e+00  -5.105047e+00   1.167650e+00]
intgraE=[ ...  
   4.533197e+01  -1.805994e+01  -6.085785e-02;
  -1.805994e+01   1.188786e+01   8.601159e-03;
  -6.085785e-02   8.601159e-03  -4.998743e-01]
E=[ ...        
   1.855792e+05  -5.472201e+04  -1.992706e+00;
  -5.472201e+04   8.824887e+05   1.404328e+00;
  -1.992706e+00   1.404328e+00  -4.997948e-01]
e=[ ...        
  -4.191132e+01  -3.584152e+00  -2.368798e+02;
  -3.584152e+00   1.971049e-01  -2.001856e+01;
  -2.368798e+02  -2.001856e+01  -1.322544e+03]
intgraF=[ ...  
   6.091824e+00  -3.970400e+00  -3.533914e-03;
  -5.144332e-01   2.636493e+00  -6.445431e-03;
  -7.368105e+00   1.435458e+00   1.404750e-02]
F=[ ...        
   5.029817e+02  -8.538983e+02  -2.694338e-03;
  -3.330784e+02  -1.003787e+03   2.822561e-03;
  -8.501490e+01   1.680712e+02   1.987976e-02]
R=[ ...        
   7.722444e-01  -6.104002e-01   1.762108e-01;
  -6.221245e-01  -7.827766e-01   1.489796e-02;
  -1.288400e-01   1.211299e-01   9.842397e-01]
U=[ ...        
   6.065943e+02  -5.659200e+01  -6.397981e-03;
  -5.659200e+01   1.327319e+03   1.843224e-03;
  -6.397981e-03   1.843224e-03   1.913373e-02]
l=[ ...        
  -6.816917e-04  -9.444688e-05   2.930133e-05;
  -6.505708e-04  -9.027583e-05   2.722816e-05;
   1.075671e-05   1.903366e-06  -8.938768e-07]
d=[ ...        
  -6.816917e-04  -3.725088e-04   2.002902e-05;
  -3.725088e-04  -9.027583e-05   1.456576e-05;
   2.002902e-05   1.456576e-05  -8.938768e-07]
     iteration=        3700000       process=              1       (i,j,k)=              0              0              1       (x,y,z)=   5.000000e-03   5.000000e-03   1.575983e-02     particles=             46
fabric=[ ...   
   3.546013e-01  -9.976436e-03   2.483709e-02;
  -9.976436e-03   3.200316e-01   3.457356e-03;
   2.483709e-02   3.457356e-03   3.253672e-01]
sigma=[ ...    
  -6.660383e+01   8.013949e+00   9.565184e-01;
   8.013894e+00  -7.674728e+01   1.475996e+00;
   9.564495e-01   1.476010e+00  -1.060718e+02]
sigmaDot=[ ... 
   2.742652e+01  -1.321491e+00  -8.078701e+00;
   7.215458e+00  -2.134828e+00  -1.088352e+00;
  -1.276351e+01  -1.156920e+00   1.587272e+01]
intgraE=[ ...  
   9.541129e-02  -6.456885e-02  -6.784942e-01;
  -6.456885e-02   1.150405e-02   3.409816e-01;
  -6.784942e-01   3.409816e-01   3.604721e+00]
E=[ ...        
   6.649840e+05  -8.275410e+05   3.175635e+00;
  -8.275410e+05   1.803571e+06  -2.435672e+01;
   3.175635e+00  -2.435672e+01  -4.994458e-01]
e=[ ...        
  -1.548556e+05  -7.117023e+04   1.213699e+05;
  -7.117023e+04  -3.270858e+04   5.578033e+04;
   1.213699e+05   5.578033e+04  -9.512429e+04]
intgraF=[ ...  
   9.981294e-01   3.866133e-04  -9.610510e-02;
  -3.448883e-02   9.878713e-01   6.129196e-02;
  -4.397394e-01   2.170674e-01   2.862944e+00]
F=[ ...        
   4.045324e+02  -1.217120e+03   1.976895e-02;
  -1.073970e+03   1.174091e+03  -1.298039e-03;
  -1.136228e+02  -8.644495e+02   2.675489e-02]
R=[ ...        
   6.245659e-03  -6.724523e-01  -7.401141e-01;
  -8.660895e-01   3.663228e-01  -3.401420e-01;
  -4.998499e-01  -6.431294e-01   5.801160e-01]
U=[ ...        
   9.894754e+02  -5.923744e+02  -1.212574e-02;
  -5.923744e+02   1.804504e+03  -3.097603e-02;
  -1.212574e-02  -3.097603e-02   1.331180e-03]
l=[ ...        
   1.027446e-06  -2.751732e-07  -1.491263e-07;
  -4.343054e-07  -2.599168e-07   4.751070e-07;
  -7.718659e-07  -5.781471e-08  -3.361253e-08]
d=[ ...        
   1.027446e-06  -3.547393e-07  -4.604961e-07;
  -3.547393e-07  -2.599168e-07   2.086462e-07;
  -4.604961e-07   2.086462e-07  -3.361253e-08]
     iteration=        3700000       process=              2       (i,j,k)=              0              1              0       (x,y,z)=   5.000000e-03   1.500000e-02   5.253276e-03     particles=             81
fabric=[ ...   
   3.310406e-01  -4.754131e-04   1.638985e-03;
  -4.754131e-04   3.223721e-01   1.542010e-02;
   1.638985e-03   1.542010e-02   3.465874e-01]
sigma=[ ...    
  -2.983356e+02  -7.121732e+00   2.964019e+01;
  -7.121824e+00  -2.536609e+02  -3.485307e+01;
   2.964019e+01  -3.485296e+01  -2.910098e+02]
sigmaDot=[ ... 
   4.704778e+00  -3.962554e+00   8.762679e-01;
  -3.977286e+00   8.153252e+00  -4.164543e-01;
   1.286273e+00  -5.991265e-01  -1.331592e+00]
intgraE=[ ...  
   1.494358e+01  -1.573161e+01  -2.006846e-01;
  -1.573161e+01   1.588604e+01   2.068421e-01;
  -2.006846e-01   2.068421e-01  -4.973758e-01]
E=[ ...        
   3.428279e+05   1.217538e+05   6.584199e+02;
   1.217538e+05   1.984026e+05   3.940714e+01;
   6.584199e+02   3.940714e+01   1.010137e+00]
e=[ ...        
  -6.281814e+01   6.152242e+01   1.421762e+01;
   6.152242e+01  -5.927763e+01  -1.381440e+01;
   1.421762e+01  -1.381440e+01  -2.692461e+00]
intgraF=[ ...  
   4.292832e+00  -4.910892e+00  -5.941467e-02;
   1.162368e+00  -9.053584e-01  -1.383705e-02;
   3.332815e+00  -2.799205e+00  -3.907454e-02]
F=[ ...        
  -4.847175e+02   4.784862e+01  -1.251143e+00;
  -3.693029e+02   1.877612e+02  -1.065595e+00;
  -5.606435e+02  -5.993851e+02  -5.651745e-01]
R=[ ...        
  -6.529524e-01   2.638417e-01  -7.099583e-01;
  -5.567913e-01   4.682449e-01   6.860978e-01;
  -5.134555e-01  -8.432878e-01   1.588369e-01]
U=[ ...        
   8.099876e+02   1.719709e+02   1.700443e+00;
   1.719709e+02   6.059968e+02  -3.524585e-01;
   1.700443e+00  -3.524585e-01   6.738632e-02]
l=[ ...        
  -3.694853e-03   5.424611e-04   5.474320e-03;
   1.303847e-02  -4.703914e-04  -5.837018e-05;
  -4.966342e-05  -7.505398e-06  -1.243330e-04]
d=[ ...        
  -3.694853e-03   6.790468e-03   2.712329e-03;
   6.790468e-03  -4.703914e-04  -3.293779e-05;
   2.712329e-03  -3.293779e-05  -1.243330e-04]
     iteration=        3700000       process=              3       (i,j,k)=              0              1              1       (x,y,z)=   5.000000e-03   1.500000e-02   1.575983e-02     particles=             39
fabric=[ ...   
   3.400588e-01   1.724097e-02   2.007911e-02;
   1.724097e-02   3.266708e-01   1.382763e-03;
   2.007911e-02   1.382763e-03   3.332704e-01]
sigma=[ ...    
  -1.011762e+02  -1.033494e+01  -9.130711e+00;
  -1.033455e+01  -8.801706e+01  -1.376570e+00;
  -9.131777e+00  -1.376690e+00  -1.335811e+02]
sigmaDot=[ ... 
   3.573208e+00  -1.450192e+00  -7.874213e-01;
  -1.581926e+00   9.663438e+00   1.028555e+00;
   3.017028e-03   7.107994e-01  -1.393611e+00]
intgraE=[ ...  
  -4.111338e-02   7.395219e-02  -3.250967e-02;
   7.395219e-02   7.158015e-02  -4.380866e-02;
  -3.250967e-02  -4.380866e-02  -1.447513e-01]
E=[ ...        
   5.472701e+05  -5.381708e+05   9.153582e+00;
  -5.381708e+05   9.166371e+05  -1.781280e+00;
   9.153582e+00  -1.781280e+00  -4.995783e-01]
e=[ ...        
  -3.129479e+00   4.050522e+01   7.152434e+01;
   4.050522e+01  -4.515412e+02  -7.982166e+02;
   7.152434e+01  -7.982166e+02  -1.408995e+03]
intgraF=[ ...  
   9.471465e-01  -1.347498e-04  -9.096779e-02;
   1.362075e-01   1.067701e+00  -1.257955e-01;
   4.619818e-02   5.634630e-02   8.284913e-01]
F=[ ...        
  -5.672725e+02  -1.807534e+02  -2.397525e-02;
  -7.769485e+02   1.163676e+03   2.513296e-03;
   4.112106e+02  -6.681781e+02   1.619453e-02]
R=[ ...        
  -8.735563e-01  -4.847164e-01  -4.415232e-02;
  -4.412146e-01   7.503142e-01   4.922990e-01;
   2.054973e-01  -4.495315e-01   8.693056e-01]
U=[ ...        
   9.228481e+02  -4.928413e+02   2.316276e-02;
  -4.928413e+02   1.261104e+03   6.227009e-03;
   2.316276e-02   6.227009e-03   1.637386e-02]
l=[ ...        
   4.509284e-08  -4.930014e-08   2.633711e-08;
  -7.689988e-08   6.425003e-08   5.541386e-08;
  -6.610829e-08   4.298055e-08   7.660626e-08]
d=[ ...        
   4.509284e-08  -6.310001e-08  -1.988559e-08;
  -6.310001e-08   6.425003e-08   4.919721e-08;
  -1.988559e-08   4.919721e-08   7.660626e-08]
     iteration=        3700000       process=              4       (i,j,k)=              1              0              0       (x,y,z)=   1.500000e-02   5.000000e-03   5.253276e-03     particles=             77
fabric=[ ...   
   3.322240e-01   4.586877e-03  -1.146596e-02;
   4.586877e-03   3.198775e-01   2.025071e-02;
  -1.146596e-02   2.025071e-02   3.478985e-01]
sigma=[ ...    
  -2.896202e+02   1.832251e+01  -3.942757e+00;
   1.832323e+01  -2.594805e+02  -4.829504e+01;
  -3.933602e+00  -4.828308e+01  -3.708230e+02]
sigmaDot=[ ... 
   5.874884e+01   1.508870e+02  -1.241735e+02;
   5.405309e+01  -8.901456e+01  -6.748891e+01;
  -1.256109e+02  -2.119212e+02   9.395830e+01]
intgraE=[ ...  
   1.997187e+01  -1.506868e+00   1.549307e-02;
  -1.506868e+00   2.806972e+00   2.983745e-02;
   1.549307e-02   2.983745e-02  -4.996866e-01]
E=[ ...        
   1.458669e+06  -7.916334e+05   8.648075e+00;
  -7.916334e+05   4.651970e+05  -4.765999e+00;
   8.648075e+00  -4.765999e+00  -4.996759e-01]
e=[ ...        
  -7.130086e+02   2.837021e+02   2.542378e+02;
   2.837021e+02  -1.123044e+02  -1.010889e+02;
   2.542378e+02  -1.010889e+02  -9.009016e+01]
intgraF=[ ...  
   4.235448e+00   9.829454e-01   1.482441e-02;
   8.721527e-01   1.543399e+00   1.753228e-02;
   4.716362e+00  -1.807120e+00  -9.984960e-03]
F=[ ...        
  -7.185315e+00  -1.217187e+02  -2.038589e-02;
  -1.149871e+03   4.504183e+02   1.727903e-03;
   1.262967e+03  -8.442173e+02   1.515205e-02]
R=[ ...        
  -2.039278e-01  -4.245480e-01  -8.821408e-01;
  -8.860259e-01  -3.032046e-01   3.507492e-01;
   4.163790e-01  -8.531272e-01   3.143287e-01]
U=[ ...        
   1.546153e+03  -7.257749e+02   8.935278e-03;
  -7.257749e+02   6.353313e+02  -4.795744e-03;
   8.935278e-03  -4.795744e-03   2.335201e-02]
l=[ ...        
  -1.930207e-06   4.518464e-04   3.346151e-04;
   1.019957e-07   5.618246e-05   5.258015e-05;
   1.561975e-06   2.046163e-07  -3.367170e-06]
d=[ ...        
  -1.930207e-06   2.259742e-04   1.680885e-04;
   2.259742e-04   5.618246e-05   2.639239e-05;
   1.680885e-04   2.639239e-05  -3.367170e-06]
     iteration=        3700000       process=              5       (i,j,k)=              1              0              1       (x,y,z)=   1.500000e-02   5.000000e-03   1.575983e-02     particles=             35
fabric=[ ...   
   3.330019e-01   1.096332e-02   3.956542e-03;
   1.096332e-02   3.613500e-01   2.199406e-03;
   3.956542e-03   2.199406e-03   3.056481e-01]
sigma=[ ...    
  -1.115936e+02  -2.204092e+00   1.332751e+00;
  -2.204049e+00  -1.195226e+02   1.538452e+01;
   1.332583e+00   1.538420e+01  -1.341514e+02]
sigmaDot=[ ... 
   2.582961e-01  -2.104245e+00   1.472386e+01;
   1.580352e+01  -9.878076e+00  -2.417319e+01;
   1.474466e+01  -1.833619e+00   4.563192e+01]
intgraE=[ ...  
  -9.614626e-03   1.044757e-02  -6.499423e-02;
   1.044757e-02   4.347374e-02   1.493198e-01;
  -6.499423e-02   1.493198e-01  -4.027498e-01]
E=[ ...        
   1.446285e+06  -4.948990e+05  -6.632022e+03;
  -4.948990e+05   9.678354e+05   9.123866e+03;
  -6.632022e+03   9.123866e+03   1.197082e+02]
e=[ ...        
   4.994273e-01  -2.034182e-03   3.976826e-04;
  -2.034182e-03   4.927722e-01   1.413319e-03;
   3.976826e-04   1.413319e-03   4.997233e-01]
intgraF=[ ...  
   9.892159e-01   2.952775e-02  -1.144070e-01;
   2.639682e-03   1.015634e+00   2.124687e-01;
  -4.707104e-02   2.335859e-01   3.691455e-01]
F=[ ...        
  -1.124084e+03   1.271325e+03   1.067151e+01;
   5.422836e+02  -2.595662e+02  -1.056539e+01;
   1.155394e+03   5.020250e+02   3.861074e+00]
R=[ ...        
  -5.138168e-01   8.180651e-01  -2.583830e-01;
   3.000325e-01  -1.108088e-01  -9.474713e-01;
   8.037243e-01   5.643500e-01   1.885107e-01]
U=[ ...        
   1.668894e+03  -3.276169e+02  -5.549921e+00;
  -3.276169e+02   1.352107e+03   1.207972e+01;
  -5.549921e+00   1.207972e+01   7.980925e+00]
l=[ ...        
  -3.577649e-07   3.336515e-07   1.239348e-06;
   2.549696e-07  -3.035910e-07   3.168858e-07;
   1.930110e-07   5.630906e-07   1.207661e-06]
d=[ ...        
  -3.577649e-07   2.943105e-07   7.161794e-07;
   2.943105e-07  -3.035910e-07   4.399882e-07;
   7.161794e-07   4.399882e-07   1.207661e-06]
     iteration=        3700000       process=              6       (i,j,k)=              1              1              0       (x,y,z)=   1.500000e-02   1.500000e-02   5.253276e-03     particles=             70
fabric=[ ...   
   3.125667e-01  -1.674167e-03   1.040025e-02;
  -1.674167e-03   3.302800e-01   2.023095e-02;
   1.040025e-02   2.023095e-02   3.571534e-01]
sigma=[ ...    
  -3.142576e+02  -4.056403e+01   1.807670e+01;
  -4.056006e+01  -3.492058e+02   2.117210e+01;
   1.807708e+01   2.118269e+01  -3.554700e+02]
sigmaDot=[ ... 
   3.118516e+01   4.849367e+00  -1.074426e-02;
   4.479539e+00   3.822922e+01  -8.260584e+00;
  -2.002223e+00  -7.564413e+00   3.561813e+01]
intgraE=[ ...  
   3.561213e-01  -8.499259e-01  -3.521532e-02;
  -8.499259e-01   3.535413e-01   3.689692e-02;
  -3.521532e-02   3.689692e-02  -4.981673e-01]
E=[ ...        
   1.249106e+06  -1.014565e+06   5.685445e-01;
  -1.014565e+06   8.539901e+05   4.315521e-01;
   5.685445e-01   4.315521e-01  -4.999362e-01]
e=[ ...        
  -4.530078e+02  -1.090530e+03   1.295432e+03;
  -1.090530e+03  -2.621848e+03   3.115068e+03;
   1.295432e+03   3.115068e+03  -3.699867e+03]
intgraF=[ ...  
   4.853636e-01  -6.116368e-01  -4.569683e-02;
  -1.111231e+00   1.055569e+00   3.598813e-02;
  -4.917632e-01   4.677156e-01   1.679658e-02]
F=[ ...        
   5.905635e+02  -2.617457e+02   4.551794e-03;
  -1.216903e+03   1.023217e+03  -4.858536e-03;
  -8.176759e+02   7.697388e+02   9.127580e-03]
R=[ ...        
   8.180840e-01   5.136444e-01  -2.586657e-01;
  -5.478736e-01   5.593263e-01  -6.220841e-01;
  -1.748515e-01   6.506332e-01   7.389881e-01]
U=[ ...        
   1.292812e+03  -9.093134e+02   4.789643e-03;
  -9.093134e+02   9.386854e+02   5.559203e-03;
   4.789643e-03   5.559203e-03   8.590198e-03]
l=[ ...        
   3.557862e-02   7.272540e-03  -2.350731e-02;
  -6.757624e-02   4.338289e-02  -1.492280e-01;
  -4.249979e-02  -2.441915e-03   1.185574e-02]
d=[ ...        
   3.557862e-02  -3.015185e-02  -3.300355e-02;
  -3.015185e-02   4.338289e-02  -7.583497e-02;
  -3.300355e-02  -7.583497e-02   1.185574e-02]
     iteration=        3700000       process=              7       (i,j,k)=              1              1              1       (x,y,z)=   1.500000e-02   1.500000e-02   1.575983e-02     particles=             48
fabric=[ ...   
   3.295687e-01  -1.015339e-02  -9.363665e-03;
  -1.015339e-02   3.120910e-01  -6.333302e-03;
  -9.363665e-03  -6.333302e-03   3.583403e-01]
sigma=[ ...    
  -7.722391e+01   5.029431e-01   1.204580e+01;
   5.029549e-01  -7.537298e+01   4.094672e+00;
   1.204581e+01   4.094650e+00  -1.002283e+02]
sigmaDot=[ ... 
  -2.811413e+00   1.546870e+00   1.494517e+00;
   1.807802e+00   1.026340e+01   6.993521e+00;
   2.847191e+00   7.243436e+00   5.773342e-01]
intgraE=[ ...  
   1.740593e-02   7.398292e-02  -9.779643e-02;
   7.398292e-02   1.064831e-02  -3.851894e-02;
  -9.779643e-02  -3.851894e-02  -4.664300e-01]
E=[ ...        
   6.940563e+05  -5.277906e+05   1.521941e+01;
  -5.277906e+05   4.208986e+05  -1.237949e+01;
   1.521941e+01  -1.237949e+01  -4.996319e-01]
e=[ ...        
  -2.902506e+04  -1.319334e+04  -7.424002e+04;
  -1.319334e+04  -5.996427e+03  -3.374521e+04;
  -7.424002e+04  -3.374521e+04  -1.898866e+05]
intgraF=[ ...  
   1.008011e+00   2.683121e-02  -1.737981e-01;
   1.045809e-01   9.911030e-01  -3.574202e-02;
  -8.825153e-02  -1.956822e-01   1.888298e-01]
F=[ ...        
  -6.868624e+02   6.663999e+02  -2.046772e-02;
  -8.595599e+02   5.223412e+02  -1.319020e-02;
   4.212961e+02  -3.533681e+02   1.196912e-02]
R=[ ...        
  -9.087298e-02   9.288243e-01   3.592039e-01;
  -9.737723e-01  -1.584258e-01   1.633060e-01;
   2.085898e-01  -3.349427e-01   9.188600e-01]
U=[ ...        
   9.873109e+02  -6.429081e+02   1.720085e-02;
  -6.429081e+02   6.545742e+02  -2.093021e-02;
   1.720085e-02  -2.093021e-02   1.491818e-03]
l=[ ...        
  -1.081383e-07  -2.557584e-08   2.730819e-08;
   2.595950e-07   3.053506e-07   4.342757e-07;
   1.318815e-07  -8.191925e-11   9.414221e-08]
d=[ ...        
  -1.081383e-07   1.170096e-07   7.959487e-08;
   1.170096e-07   3.053506e-07   2.170969e-07;
   7.959487e-08   2.170969e-07   9.414221e-08]
