     iteration=        1700000       process=              0       (i,j,k)=              0              0              0       (x,y,z)=   5.000000e-03   5.000000e-03   5.253276e-03     particles=             80
fabric=[ ...   
   3.406717e-01   6.657147e-03  -4.481226e-04;
   6.657147e-03   3.072755e-01   6.031965e-04;
  -4.481226e-04   6.031965e-04   3.520528e-01]
sigma=[ ...    
  -3.169047e+02  -2.416961e+01   2.389308e+01;
  -2.416998e+01  -2.445052e+02  -2.606195e+01;
   2.389304e+01  -2.606194e+01  -3.733859e+02]
sigmaDot=[ ... 
  -1.844737e+01   2.537376e+00  -5.503446e+00;
   2.641578e+00  -1.070610e+01  -1.438134e+00;
  -7.442977e+00  -8.582266e-01  -1.400950e+01]
intgraE=[ ...  
   4.534456e+01  -1.806527e+01  -6.087359e-02;
  -1.806527e+01   1.188980e+01   8.608712e-03;
  -6.087359e-02   8.608712e-03  -4.998743e-01]
E=[ ...        
   1.871421e+05  -5.145289e+04  -1.984965e+00;
  -5.145289e+04   8.854829e+05   1.439564e+00;
  -1.984965e+00   1.439564e+00  -4.997945e-01]
e=[ ...        
  -4.110292e+01  -4.272776e+00  -2.343512e+02;
  -4.272776e+00   6.116902e-02  -2.406875e+01;
  -2.343512e+02  -2.406875e+01  -1.319612e+03]
intgraF=[ ...  
   6.094045e+00  -3.971685e+00  -3.535679e-03;
  -5.123540e-01   2.635290e+00  -6.447082e-03;
  -7.368122e+00   1.435468e+00   1.404751e-02]
F=[ ...        
   5.033632e+02  -8.523522e+02  -2.723130e-03;
  -3.376208e+02  -1.007804e+03   2.795896e-03;
  -8.320332e+01   1.696874e+02   1.989409e-02]
R=[ ...        
   7.727626e-01  -6.101631e-01   1.747541e-01;
  -6.220969e-01  -7.827343e-01   1.795441e-02;
  -1.258309e-01   1.225885e-01   9.844484e-01]
U=[ ...        
   6.094827e+02  -5.306607e+01  -6.346944e-03;
  -5.306607e+01   1.329718e+03   1.911897e-03;
  -6.346944e-03   1.911897e-03   1.915903e-02]
l=[ ...        
  -1.460734e-02  -2.024976e-03   6.283561e-04;
  -1.318662e-02  -1.828363e-03   5.672977e-04;
  -1.340911e-04  -1.893391e-05   6.025225e-06]
d=[ ...        
  -1.460734e-02  -7.605799e-03   2.471325e-04;
  -7.605799e-03  -1.828363e-03   2.741819e-04;
   2.471325e-04   2.741819e-04   6.025225e-06]
     iteration=        1700000       process=              1       (i,j,k)=              0              0              1       (x,y,z)=   5.000000e-03   5.000000e-03   1.575983e-02     particles=             46
fabric=[ ...   
   3.564787e-01  -1.130126e-02   2.350286e-02;
  -1.130126e-02   3.196542e-01   3.392469e-04;
   2.350286e-02   3.392469e-04   3.238671e-01]
sigma=[ ...    
  -6.728130e+01   7.995514e+00   6.842930e-01;
   7.995549e+00  -7.688468e+01   1.504393e+00;
   6.841466e-01   1.504385e+00  -1.060318e+02]
sigmaDot=[ ... 
   7.745944e+00  -2.639909e+00   4.964405e+00;
   2.856140e+00   8.666805e-01  -3.491331e+00;
   4.186567e+00  -5.462845e+00  -1.128953e+01]
intgraE=[ ...  
   9.541110e-02  -6.456878e-02  -6.784940e-01;
  -6.456878e-02   1.150404e-02   3.409815e-01;
  -6.784940e-01   3.409815e-01   3.604721e+00]
E=[ ...        
   6.649840e+05  -8.275409e+05   3.175634e+00;
  -8.275409e+05   1.803571e+06  -2.435672e+01;
   3.175634e+00  -2.435672e+01  -4.994458e-01]
e=[ ...        
  -1.548230e+05  -7.115522e+04   1.213443e+05;
  -7.115522e+04  -3.270169e+04   5.576857e+04;
   1.213443e+05   5.576857e+04  -9.510424e+04]
intgraF=[ ...  
   9.981293e-01   3.866824e-04  -9.610484e-02;
  -3.448876e-02   9.878713e-01   6.129178e-02;
  -4.397393e-01   2.170674e-01   2.862944e+00]
F=[ ...        
   4.045324e+02  -1.217120e+03   1.976895e-02;
  -1.073970e+03   1.174091e+03  -1.298038e-03;
  -1.136228e+02  -8.644495e+02   2.675489e-02]
R=[ ...        
   6.245659e-03  -6.724524e-01  -7.401141e-01;
  -8.660895e-01   3.663227e-01  -3.401420e-01;
  -4.998499e-01  -6.431294e-01   5.801160e-01]
U=[ ...        
   9.894754e+02  -5.923744e+02  -1.212574e-02;
  -5.923744e+02   1.804504e+03  -3.097603e-02;
  -1.212574e-02  -3.097603e-02   1.331180e-03]
l=[ ...        
   1.261431e-07  -2.960971e-07   8.962026e-07;
  -3.427461e-08  -1.105645e-08   1.182211e-07;
  -1.864520e-07   8.000761e-08   1.049246e-07]
d=[ ...        
   1.261431e-07  -1.651859e-07   3.548753e-07;
  -1.651859e-07  -1.105645e-08   9.911434e-08;
   3.548753e-07   9.911434e-08   1.049246e-07]
     iteration=        1700000       process=              2       (i,j,k)=              0              1              0       (x,y,z)=   5.000000e-03   1.500000e-02   5.253276e-03     particles=             81
fabric=[ ...   
   3.310620e-01  -4.612696e-04   1.400410e-03;
  -4.612696e-04   3.223517e-01   1.549750e-02;
   1.400410e-03   1.549750e-02   3.465862e-01]
sigma=[ ...    
  -2.982283e+02  -7.179420e+00   2.962820e+01;
  -7.179224e+00  -2.535929e+02  -3.487554e+01;
   2.962824e+01  -3.487576e+01  -2.909768e+02]
sigmaDot=[ ... 
  -1.801822e+00   2.910459e+00  -2.400964e+00;
   2.352000e+00  -1.871915e+00   4.404373e-01;
  -2.039971e+00   2.279413e-01  -4.369432e+00]
intgraE=[ ...  
   1.493947e+01  -1.572794e+01  -2.006342e-01;
  -1.572794e+01   1.588304e+01   2.067988e-01;
  -2.006342e-01   2.067988e-01  -4.973764e-01]
E=[ ...        
   3.379016e+05   1.169253e+05   6.553955e+02;
   1.169253e+05   1.936232e+05   3.662964e+01;
   6.553955e+02   3.662964e+01   1.009214e+00]
e=[ ...        
  -6.485077e+01   6.349856e+01   1.473612e+01;
   6.349856e+01  -6.119886e+01  -1.431846e+01;
   1.473612e+01  -1.431846e+01  -2.822888e+00]
intgraF=[ ...  
   4.292403e+00  -4.910698e+00  -5.941077e-02;
   1.160433e+00  -9.031092e-01  -1.381003e-02;
   3.332809e+00  -2.799199e+00  -3.907446e-02]
F=[ ...        
  -4.836629e+02   4.883508e+01  -1.250378e+00;
  -3.695402e+02   1.874968e+02  -1.065702e+00;
  -5.525527e+02  -5.913607e+02  -5.650315e-01]
R=[ ...        
  -6.535825e-01   2.625010e-01  -7.098754e-01;
  -5.572302e-01   4.678168e-01   6.860335e-01;
  -5.121761e-01  -8.439435e-01   1.594834e-01]
U=[ ...        
   8.050369e+02   1.664842e+02   1.700462e+00;
   1.664842e+02   5.996084e+02  -3.499243e-01;
   1.700462e+00  -3.499243e-01   6.639191e-02]
l=[ ...        
   3.563796e-03  -3.994181e-04  -3.673103e-03;
  -1.252560e-02   3.897410e-04  -5.849568e-04;
  -6.275519e-05  -3.765956e-06  -1.435879e-04]
d=[ ...        
   3.563796e-03  -6.462511e-03  -1.867929e-03;
  -6.462511e-03   3.897410e-04  -2.943614e-04;
  -1.867929e-03  -2.943614e-04  -1.435879e-04]
     iteration=        1700000       process=              3       (i,j,k)=              0              1              1       (x,y,z)=   5.000000e-03   1.500000e-02   1.575983e-02     particles=             39
fabric=[ ...   
   3.400394e-01   1.735009e-02   2.022780e-02;
   1.735009e-02   3.266999e-01   1.373369e-03;
   2.022780e-02   1.373369e-03   3.332607e-01]
sigma=[ ...    
  -1.009813e+02  -1.030023e+01  -9.301272e+00;
  -1.029927e+01  -8.771185e+01  -1.427986e+00;
  -9.304707e+00  -1.427848e+00  -1.334279e+02]
sigmaDot=[ ... 
  -4.052514e+00   1.463797e+00  -2.103515e+00;
   1.314850e+00  -3.273239e+00   1.199335e+00;
  -2.188682e+00   7.875556e-01  -9.602516e+00]
intgraE=[ ...  
  -4.111339e-02   7.395219e-02  -3.250967e-02;
   7.395219e-02   7.158015e-02  -4.380868e-02;
  -3.250967e-02  -4.380868e-02  -1.447513e-01]
E=[ ...        
   5.473368e+05  -5.355657e+05   9.194109e+00;
  -5.355657e+05   9.097311e+05  -1.862065e+00;
   9.194109e+00  -1.862065e+00  -4.995797e-01]
e=[ ...        
  -3.436525e+00   4.228420e+01   7.446194e+01;
   4.228420e+01  -4.536961e+02  -7.998336e+02;
   7.446194e+01  -7.998336e+02  -1.407997e+03]
intgraF=[ ...  
   9.471465e-01  -1.347489e-04  -9.096779e-02;
   1.362075e-01   1.067701e+00  -1.257955e-01;
   4.619818e-02   5.634629e-02   8.284913e-01]
F=[ ...        
  -5.673086e+02  -1.817480e+02  -2.391138e-02;
  -7.769948e+02   1.158104e+03   2.380168e-03;
   4.112353e+02  -6.672529e+02   1.622542e-02]
R=[ ...        
  -8.727208e-01  -4.860513e-01  -4.596214e-02;
  -4.429339e-01   7.486568e-01   4.932774e-01;
   2.053482e-01  -4.508516e-01   8.686569e-01]
U=[ ...        
   9.237059e+02  -4.913675e+02   2.314556e-02;
  -4.913675e+02   1.256193e+03   6.088830e-03;
   2.314556e-02   6.088830e-03   1.636742e-02]
l=[ ...        
  -1.177083e-07   7.818275e-08  -1.211262e-07;
   1.106964e-07  -1.258210e-07   7.018542e-08;
  -5.823027e-08  -2.062223e-08   4.426313e-09]
d=[ ...        
  -1.177083e-07   9.443958e-08  -8.967823e-08;
   9.443958e-08  -1.258210e-07   2.478160e-08;
  -8.967823e-08   2.478160e-08   4.426313e-09]
     iteration=        1700000       process=              4       (i,j,k)=              1              0              0       (x,y,z)=   1.500000e-02   5.000000e-03   5.253276e-03     particles=             77
fabric=[ ...   
   3.321841e-01   4.592598e-03  -1.142501e-02;
   4.592598e-03   3.199267e-01   2.027559e-02;
  -1.142501e-02   2.027559e-02   3.478891e-01]
sigma=[ ...    
  -2.891558e+02   1.824837e+01  -3.738245e+00;
   1.824817e+01  -2.588458e+02  -4.825770e+01;
  -3.730919e+00  -4.824697e+01  -3.696231e+02]
sigmaDot=[ ... 
   8.773818e+00   1.313505e+02   3.612983e+00;
   1.452332e+02   2.623181e+01   4.187648e+01;
  -1.378667e+02  -1.911407e+02   3.377052e+01]
intgraE=[ ...  
   1.997194e+01  -1.506989e+00   1.549193e-02;
  -1.506989e+00   2.807027e+00   2.983783e-02;
   1.549193e-02   2.983783e-02  -4.996866e-01]
E=[ ...        
   1.458499e+06  -7.914868e+05   8.648122e+00;
  -7.914868e+05   4.650770e+05  -4.766185e+00;
   8.648122e+00  -4.766185e+00  -4.996759e-01]
e=[ ...        
  -7.131661e+02   2.837080e+02   2.541989e+02;
   2.837080e+02  -1.122841e+02  -1.010532e+02;
   2.541989e+02  -1.010532e+02  -9.004247e+01]
intgraF=[ ...  
   4.235460e+00   9.829240e-01   1.482421e-02;
   8.721562e-01   1.543406e+00   1.753236e-02;
   4.716365e+00  -1.807156e+00  -9.985326e-03]
F=[ ...        
  -7.288240e+00  -1.216164e+02  -2.038508e-02;
  -1.149840e+03   4.503848e+02   1.728129e-03;
   1.262859e+03  -8.441078e+02   1.515192e-02]
R=[ ...        
  -2.039301e-01  -4.244341e-01  -8.821951e-01;
  -8.860406e-01  -3.032180e-01   3.507006e-01;
   4.163467e-01  -8.531791e-01   3.142306e-01]
U=[ ...        
   1.546079e+03  -7.256995e+02   8.934391e-03;
  -7.256995e+02   6.352285e+02  -4.799178e-03;
   8.934391e-03  -4.799178e-03   2.335087e-02]
l=[ ...        
   2.973368e-07   4.114516e-04   2.978711e-04;
  -1.880015e-08   6.486187e-05   4.565101e-05;
   7.672202e-08   3.681999e-05  -6.090632e-06]
d=[ ...        
   2.973368e-07   2.057164e-04   1.489739e-04;
   2.057164e-04   6.486187e-05   4.123550e-05;
   1.489739e-04   4.123550e-05  -6.090632e-06]
     iteration=        1700000       process=              5       (i,j,k)=              1              0              1       (x,y,z)=   1.500000e-02   5.000000e-03   1.575983e-02     particles=             35
fabric=[ ...   
   3.330019e-01   1.096332e-02   3.956540e-03;
   1.096332e-02   3.613500e-01   2.199389e-03;
   3.956540e-03   2.199389e-03   3.056481e-01]
sigma=[ ...    
  -1.124840e+02  -2.012300e+00   1.144408e+00;
  -2.012257e+00  -1.196883e+02   1.556193e+01;
   1.144441e+00   1.556183e+01  -1.336903e+02]
sigmaDot=[ ... 
  -7.868180e+00  -1.073951e+01   1.267047e+01;
  -2.449822e+00  -2.625935e+01  -2.602547e+01;
   4.299461e+00  -1.500940e+01  -1.796340e+01]
intgraE=[ ...  
  -9.614592e-03   1.044753e-02  -6.499425e-02;
   1.044753e-02   4.347372e-02   1.493198e-01;
  -6.499425e-02   1.493198e-01  -4.027498e-01]
E=[ ...        
   1.446285e+06  -4.948988e+05  -6.632021e+03;
  -4.948988e+05   9.678349e+05   9.123865e+03;
  -6.632021e+03   9.123865e+03   1.197083e+02]
e=[ ...        
   4.994273e-01  -2.034181e-03   3.976825e-04;
  -2.034181e-03   4.927722e-01   1.413318e-03;
   3.976825e-04   1.413318e-03   4.997233e-01]
intgraF=[ ...  
   9.892159e-01   2.952766e-02  -1.144071e-01;
   2.639686e-03   1.015634e+00   2.124687e-01;
  -4.707099e-02   2.335858e-01   3.691455e-01]
F=[ ...        
  -1.124083e+03   1.271325e+03   1.067151e+01;
   5.422837e+02  -2.595663e+02  -1.056540e+01;
   1.155394e+03   5.020247e+02   3.861076e+00]
R=[ ...        
  -5.138166e-01   8.180652e-01  -2.583831e-01;
   3.000325e-01  -1.108089e-01  -9.474713e-01;
   8.037245e-01   5.643498e-01   1.885107e-01]
U=[ ...        
   1.668894e+03  -3.276168e+02  -5.549919e+00;
  -3.276168e+02   1.352107e+03   1.207973e+01;
  -5.549919e+00   1.207973e+01   7.980928e+00]
l=[ ...        
   2.133928e-07   1.382145e-07  -5.493583e-08;
   1.030775e-07  -3.346621e-07  -8.459400e-07;
   1.071147e-06  -2.115921e-08  -3.990534e-07]
d=[ ...        
   2.133928e-07   1.206460e-07   5.081056e-07;
   1.206460e-07  -3.346621e-07  -4.335496e-07;
   5.081056e-07  -4.335496e-07  -3.990534e-07]
     iteration=        1700000       process=              6       (i,j,k)=              1              1              0       (x,y,z)=   1.500000e-02   1.500000e-02   5.253276e-03     particles=             70
fabric=[ ...   
   3.125914e-01  -1.495094e-03   1.045855e-02;
  -1.495094e-03   3.302077e-01   2.028996e-02;
   1.045855e-02   2.028996e-02   3.572009e-01]
sigma=[ ...    
  -3.134069e+02  -4.044465e+01   1.801876e+01;
  -4.044196e+01  -3.479053e+02   2.112693e+01;
   1.802363e+01   2.113369e+01  -3.546244e+02]
sigmaDot=[ ... 
   6.408033e+00  -1.552634e+00   3.370556e+00;
  -1.741300e+00  -4.339305e+00   4.265911e-01;
   3.607482e+00   2.056442e-01  -2.862870e+00]
intgraE=[ ...  
   3.581921e-01  -8.519015e-01  -3.528616e-02;
  -8.519015e-01   3.554141e-01   3.696203e-02;
  -3.528616e-02   3.696203e-02  -4.981653e-01]
E=[ ...        
   1.477760e+06  -1.228461e+06  -5.569031e-01;
  -1.228461e+06   1.051118e+06   1.354586e+00;
  -5.569031e-01   1.354586e+00  -4.999370e-01]
e=[ ...        
  -3.180882e+02  -8.738087e+02   1.154301e+03;
  -8.738087e+02  -2.396142e+03   3.165964e+03;
   1.154301e+03   3.165964e+03  -4.181738e+03]
intgraF=[ ...  
   4.847932e-01  -6.110157e-01  -4.566207e-02;
  -1.113567e+00   1.057951e+00   3.610061e-02;
  -4.912514e-01   4.671491e-01   1.676373e-02]
F=[ ...        
   5.774155e+02  -2.557457e+02   4.640028e-03;
  -1.363794e+03   1.170988e+03  -3.393570e-03;
  -8.730281e+02   8.158545e+02   9.645922e-03]
R=[ ...        
   8.112046e-01   5.438506e-01  -2.148806e-01;
  -5.517179e-01   5.900385e-01  -5.894591e-01;
  -1.937898e-01   5.967254e-01   7.786940e-01]
U=[ ...        
   1.390016e+03  -1.011621e+03   3.767023e-03;
  -1.011621e+03   1.038682e+03   6.277111e-03;
   3.767023e-03   6.277111e-03   8.514541e-03]
l=[ ...        
   2.901406e-02   4.066118e-03   8.495921e-03;
  -1.846577e-01  -2.268271e-02  -5.343643e-02;
  -4.877769e-02   3.750247e-03   1.887507e-03]
d=[ ...        
   2.901406e-02  -9.029578e-02  -2.014089e-02;
  -9.029578e-02  -2.268271e-02  -2.484309e-02;
  -2.014089e-02  -2.484309e-02   1.887507e-03]
     iteration=        1700000       process=              7       (i,j,k)=              1              1              1       (x,y,z)=   1.500000e-02   1.500000e-02   1.575983e-02     particles=             48
fabric=[ ...   
   3.295687e-01  -1.015338e-02  -9.363665e-03;
  -1.015338e-02   3.120910e-01  -6.333301e-03;
  -9.363665e-03  -6.333301e-03   3.583403e-01]
sigma=[ ...    
  -7.717556e+01   4.743593e-01   1.207613e+01;
   4.743321e-01  -7.532156e+01   4.114337e+00;
   1.207612e+01   4.114366e+00  -1.001753e+02]
sigmaDot=[ ... 
   2.667698e+00  -3.068614e+00   3.952311e+00;
  -2.527349e+00   1.596317e+00   2.811730e+00;
   3.598335e+00   3.690177e+00  -1.878064e+00]
intgraE=[ ...  
   1.740593e-02   7.398290e-02  -9.779643e-02;
   7.398290e-02   1.064828e-02  -3.851894e-02;
  -9.779643e-02  -3.851894e-02  -4.664300e-01]
E=[ ...        
   6.940563e+05  -5.277906e+05   1.521941e+01;
  -5.277906e+05   4.208986e+05  -1.237949e+01;
   1.521941e+01  -1.237949e+01  -4.996319e-01]
e=[ ...        
  -2.901543e+04  -1.318896e+04  -7.421539e+04;
  -1.318896e+04  -5.994436e+03  -3.373401e+04;
  -7.421539e+04  -3.373401e+04  -1.898236e+05]
intgraF=[ ...  
   1.008011e+00   2.683118e-02  -1.737981e-01;
   1.045809e-01   9.911030e-01  -3.574203e-02;
  -8.825154e-02  -1.956822e-01   1.888298e-01]
F=[ ...        
  -6.868624e+02   6.663999e+02  -2.046772e-02;
  -8.595599e+02   5.223412e+02  -1.319020e-02;
   4.212961e+02  -3.533681e+02   1.196912e-02]
R=[ ...        
  -9.087297e-02   9.288243e-01   3.592039e-01;
  -9.737723e-01  -1.584258e-01   1.633060e-01;
   2.085898e-01  -3.349427e-01   9.188600e-01]
U=[ ...        
   9.873109e+02  -6.429081e+02   1.720085e-02;
  -6.429081e+02   6.545742e+02  -2.093021e-02;
   1.720085e-02  -2.093021e-02   1.491819e-03]
l=[ ...        
   2.230924e-07  -1.523166e-07   4.711527e-08;
   1.717093e-07  -9.440247e-09  -1.526073e-07;
   3.166963e-07   2.677430e-07  -1.383462e-07]
d=[ ...        
   2.230924e-07   9.696335e-09   1.819058e-07;
   9.696335e-09  -9.440247e-09   5.756787e-08;
   1.819058e-07   5.756787e-08  -1.383462e-07]
