     iteration=        3200000       process=              0       (i,j,k)=              0              0              0       (x,y,z)=   5.000000e-03   5.000000e-03   5.253276e-03     particles=             80
fabric=[ ...   
   3.407065e-01   6.665828e-03  -4.665316e-04;
   6.665828e-03   3.072092e-01   5.710939e-04;
  -4.665316e-04   5.710939e-04   3.520843e-01]
sigma=[ ...    
  -3.169108e+02  -2.424485e+01   2.406539e+01;
  -2.424522e+01  -2.446346e+02  -2.611582e+01;
   2.406539e+01  -2.611614e+01  -3.732082e+02]
sigmaDot=[ ... 
  -1.167772e+01  -7.318854e+00   1.658727e+01;
  -2.619651e+00  -8.061702e-01  -3.378109e+00;
   1.242424e+01   7.902878e-01   1.169043e+01]
intgraE=[ ...  
   4.532943e+01  -1.805888e+01  -6.085464e-02;
  -1.805888e+01   1.188748e+01   8.599626e-03;
  -6.085464e-02   8.599626e-03  -4.998743e-01]
E=[ ...        
   1.857582e+05  -5.434711e+04  -1.991808e+00;
  -5.434711e+04   8.828319e+05   1.408387e+00;
  -1.991808e+00   1.408387e+00  -4.997948e-01]
e=[ ...        
  -4.181670e+01  -3.665017e+00  -2.365846e+02;
  -3.665017e+00   1.825747e-01  -2.049041e+01;
  -2.365846e+02  -2.049041e+01  -1.322199e+03]
intgraF=[ ...  
   6.091382e+00  -3.970144e+00  -3.533564e-03;
  -5.148575e-01   2.636739e+00  -6.445094e-03;
  -7.368097e+00   1.435453e+00   1.404749e-02]
F=[ ...        
   5.030264e+02  -8.537198e+02  -2.697624e-03;
  -3.336011e+02  -1.004249e+03   2.819468e-03;
  -8.480589e+01   1.682578e+02   1.988144e-02]
R=[ ...        
   7.723051e-01  -6.103722e-01   1.760416e-01;
  -6.221214e-01  -7.827722e-01   1.525333e-02;
  -1.284902e-01   1.212995e-01   9.842645e-01]
U=[ ...        
   6.069270e+02  -5.618661e+01  -6.392011e-03;
  -5.618661e+01   1.327595e+03   1.851162e-03;
  -6.392011e-03   1.851162e-03   1.913671e-02]
l=[ ...        
  -1.108520e-02  -1.537123e-03   4.769644e-04;
  -1.050321e-02  -1.456481e-03   4.522088e-04;
   1.468495e-04   1.975984e-05  -5.839430e-06]
d=[ ...        
  -1.108520e-02  -6.020167e-03   3.119070e-04;
  -6.020167e-03  -1.456481e-03   2.359843e-04;
   3.119070e-04   2.359843e-04  -5.839430e-06]
     iteration=        3200000       process=              1       (i,j,k)=              0              0              1       (x,y,z)=   5.000000e-03   5.000000e-03   1.575983e-02     particles=             46
fabric=[ ...   
   3.564787e-01  -1.130125e-02   2.350287e-02;
  -1.130125e-02   3.196542e-01   3.392483e-04;
   2.350287e-02   3.392483e-04   3.238671e-01]
sigma=[ ...    
  -6.731004e+01   8.041826e+00   7.652809e-01;
   8.039847e+00  -7.668833e+01   1.503978e+00;
   7.651792e-01   1.503898e+00  -1.060293e+02]
sigmaDot=[ ... 
   1.482286e+01  -3.094973e+01   3.088572e+00;
   8.680289e+01   4.259139e+01  -4.172284e+00;
   1.918642e+01  -2.093929e+00   5.711592e+00]
intgraE=[ ...  
   9.541110e-02  -6.456878e-02  -6.784940e-01;
  -6.456878e-02   1.150404e-02   3.409815e-01;
  -6.784940e-01   3.409815e-01   3.604721e+00]
E=[ ...        
   6.649840e+05  -8.275411e+05   3.175638e+00;
  -8.275411e+05   1.803571e+06  -2.435673e+01;
   3.175638e+00  -2.435673e+01  -4.994458e-01]
e=[ ...        
  -1.548556e+05  -7.117023e+04   1.213699e+05;
  -7.117023e+04  -3.270858e+04   5.578033e+04;
   1.213699e+05   5.578033e+04  -9.512429e+04]
intgraF=[ ...  
   9.981293e-01   3.866784e-04  -9.610493e-02;
  -3.448874e-02   9.878713e-01   6.129178e-02;
  -4.397393e-01   2.170674e-01   2.862944e+00]
F=[ ...        
   4.045325e+02  -1.217120e+03   1.976895e-02;
  -1.073970e+03   1.174091e+03  -1.298042e-03;
  -1.136228e+02  -8.644495e+02   2.675489e-02]
R=[ ...        
   6.245681e-03  -6.724523e-01  -7.401141e-01;
  -8.660895e-01   3.663227e-01  -3.401420e-01;
  -4.998499e-01  -6.431295e-01   5.801160e-01]
U=[ ...        
   9.894754e+02  -5.923744e+02  -1.212574e-02;
  -5.923744e+02   1.804504e+03  -3.097603e-02;
  -1.212574e-02  -3.097603e-02   1.331182e-03]
l=[ ...        
   3.243993e-07   6.412544e-07  -1.676460e-06;
   4.532645e-07   1.046732e-07   1.561652e-07;
   2.165758e-07  -2.955736e-07   1.386860e-06]
d=[ ...        
   3.243993e-07   5.472594e-07  -7.299419e-07;
   5.472594e-07   1.046732e-07  -6.970422e-08;
  -7.299419e-07  -6.970422e-08   1.386860e-06]
     iteration=        3200000       process=              2       (i,j,k)=              0              1              0       (x,y,z)=   5.000000e-03   1.500000e-02   5.253276e-03     particles=             81
fabric=[ ...   
   3.310645e-01  -4.690490e-04   1.389704e-03;
  -4.690490e-04   3.223472e-01   1.549005e-02;
   1.389704e-03   1.549005e-02   3.465883e-01]
sigma=[ ...    
  -2.983128e+02  -7.125609e+00   2.963846e+01;
  -7.125434e+00  -2.536490e+02  -3.484190e+01;
   2.963849e+01  -3.484214e+01  -2.910157e+02]
sigmaDot=[ ... 
  -1.823975e+00   5.494113e+00  -2.723600e+00;
   3.894444e+00  -2.047040e+00  -7.902559e-01;
  -1.420871e+00  -1.293637e+00  -8.918977e-01]
intgraE=[ ...  
   1.494026e+01  -1.572874e+01  -2.006443e-01;
  -1.572874e+01   1.588382e+01   2.068089e-01;
  -2.006443e-01   2.068089e-01  -4.973763e-01]
E=[ ...        
   3.378684e+05   1.168846e+05   6.554368e+02;
   1.168846e+05   1.935757e+05   3.660512e+01;
   6.554368e+02   3.660512e+01   1.009466e+00]
e=[ ...        
  -6.569607e+01   6.431688e+01   1.492330e+01;
   6.431688e+01  -6.199104e+01  -1.449965e+01;
   1.492330e+01  -1.449965e+01  -2.864323e+00]
intgraF=[ ...  
   4.292587e+00  -4.910855e+00  -5.941295e-02;
   1.160401e+00  -9.030908e-01  -1.380972e-02;
   3.332819e+00  -2.799208e+00  -3.907458e-02]
F=[ ...        
  -4.836409e+02   4.884643e+01  -1.250176e+00;
  -3.695800e+02   1.874690e+02  -1.066133e+00;
  -5.524853e+02  -5.912882e+02  -5.651115e-01]
R=[ ...        
  -6.535639e-01   2.624932e-01  -7.098954e-01;
  -5.572691e-01   4.677899e-01   6.860203e-01;
  -5.121576e-01  -8.439609e-01   1.594512e-01]
U=[ ...        
   8.050052e+02   1.664378e+02   1.700619e+00;
   1.664378e+02   5.995421e+02  -3.499570e-01;
   1.700619e+00  -3.499570e-01   6.599780e-02]
l=[ ...        
   1.718293e-03  -5.184142e-05   8.588442e-05;
  -5.595688e-03   1.341983e-04  -6.999163e-04;
  -4.138740e-05   5.403774e-06  -9.792373e-06]
d=[ ...        
   1.718293e-03  -2.823765e-03   2.224851e-05;
  -2.823765e-03   1.341983e-04  -3.472563e-04;
   2.224851e-05  -3.472563e-04  -9.792373e-06]
     iteration=        3200000       process=              3       (i,j,k)=              0              1              1       (x,y,z)=   5.000000e-03   1.500000e-02   1.575983e-02     particles=             39
fabric=[ ...   
   3.400271e-01   1.746439e-02   2.039081e-02;
   1.746439e-02   3.267215e-01   1.337292e-03;
   2.039081e-02   1.337292e-03   3.332514e-01]
sigma=[ ...    
  -1.012056e+02  -1.032362e+01  -9.167215e+00;
  -1.032218e+01  -8.802449e+01  -1.346934e+00;
  -9.172955e+00  -1.346749e+00  -1.335892e+02]
sigmaDot=[ ... 
  -7.504981e+00  -8.254419e+00   1.433243e+01;
  -2.333014e+01   9.095324e+00  -7.613937e+00;
   1.321378e+01  -9.003252e+00   2.499537e+01]
intgraE=[ ...  
  -4.111339e-02   7.395219e-02  -3.250967e-02;
   7.395219e-02   7.158016e-02  -4.380867e-02;
  -3.250967e-02  -4.380867e-02  -1.447513e-01]
E=[ ...        
   5.288493e+05  -4.707937e+05   9.361611e+00;
  -4.707937e+05   6.984181e+05  -2.264640e+00;
   9.361611e+00  -2.264640e+00  -4.995789e-01]
e=[ ...        
   5.880936e-02   1.349506e+01   2.665636e+01;
   1.349506e+01  -4.122858e+02  -8.153628e+02;
   2.665636e+01  -8.153628e+02  -1.610060e+03]
intgraF=[ ...  
   9.471465e-01  -1.347532e-04  -9.096779e-02;
   1.362075e-01   1.067701e+00  -1.257955e-01;
   4.619818e-02   5.634630e-02   8.284913e-01]
F=[ ...        
  -6.096832e+02  -5.905721e+01  -2.410175e-02;
  -7.429659e+02   1.052739e+03   2.450490e-03;
   3.660433e+02  -5.339376e+02   1.598013e-02]
R=[ ...        
  -8.958888e-01  -4.440316e-01  -1.480771e-02;
  -4.021925e-01   7.964120e-01   4.516294e-01;
   1.887447e-01  -4.105653e-01   8.920827e-01]
U=[ ...        
   9.141123e+02  -4.712730e+02   2.362309e-02;
  -4.712730e+02   1.083854e+03   6.092655e-03;
   2.362309e-02   6.092655e-03   1.571920e-02]
l=[ ...        
   2.424330e-08  -2.131784e-07   3.515238e-08;
   2.521529e-07   9.067447e-08   8.459253e-08;
  -3.747209e-07   5.050661e-07   3.145758e-08]
d=[ ...        
   2.424330e-08   1.948724e-08  -1.697843e-07;
   1.948724e-08   9.067447e-08   2.948293e-07;
  -1.697843e-07   2.948293e-07   3.145758e-08]
     iteration=        3200000       process=              4       (i,j,k)=              1              0              0       (x,y,z)=   1.500000e-02   5.000000e-03   5.253276e-03     particles=             77
fabric=[ ...   
   3.322188e-01   4.587259e-03  -1.146056e-02;
   4.587259e-03   3.198835e-01   2.025238e-02;
  -1.146056e-02   2.025238e-02   3.478976e-01]
sigma=[ ...    
  -2.894328e+02   1.831731e+01  -4.012352e+00;
   1.831855e+01  -2.593096e+02  -4.836355e+01;
  -4.002045e+00  -4.834387e+01  -3.702188e+02]
sigmaDot=[ ... 
   3.872359e+01   5.773597e+01  -1.075347e+01;
   4.669225e+01   1.752705e+01   1.390328e+02;
  -1.494203e+02  -2.609651e+02  -8.355750e+01]
intgraE=[ ...  
   1.997169e+01  -1.506929e+00   1.549218e-02;
  -1.506929e+00   2.806983e+00   2.983746e-02;
   1.549218e-02   2.983746e-02  -4.996866e-01]
E=[ ...        
   1.458628e+06  -7.915978e+05   8.648111e+00;
  -7.915978e+05   4.651675e+05  -4.766076e+00;
   8.648111e+00  -4.766076e+00  -4.996759e-01]
e=[ ...        
  -7.130522e+02   2.837033e+02   2.542263e+02;
   2.837033e+02  -1.122984e+02  -1.010786e+02;
   2.542263e+02  -1.010786e+02  -9.007641e+01]
intgraF=[ ...  
   4.235407e+00   9.829381e-01   1.482425e-02;
   8.721466e-01   1.543401e+00   1.753228e-02;
   4.716363e+00  -1.807128e+00  -9.985044e-03]
F=[ ...        
  -7.214037e+00  -1.216901e+02  -2.038568e-02;
  -1.149864e+03   4.504111e+02   1.727970e-03;
   1.262940e+03  -8.441903e+02   1.515201e-02]
R=[ ...        
  -2.039286e-01  -4.245155e-01  -8.821563e-01;
  -8.860302e-01  -3.032082e-01   3.507354e-01;
   4.163696e-01  -8.531421e-01   3.143007e-01]
U=[ ...        
   1.546135e+03  -7.257569e+02   8.935027e-03;
  -7.257569e+02   6.353053e+02  -4.796719e-03;
   8.935027e-03  -4.796719e-03   2.335171e-02]
l=[ ...        
   6.444439e-07  -4.934813e-04  -3.826295e-04;
   1.063980e-06  -7.536585e-05  -6.012564e-05;
   5.923934e-07   2.977514e-05  -4.584692e-06]
d=[ ...        
   6.444439e-07  -2.462087e-04  -1.910186e-04;
  -2.462087e-04  -7.536585e-05  -1.517525e-05;
  -1.910186e-04  -1.517525e-05  -4.584692e-06]
     iteration=        3200000       process=              5       (i,j,k)=              1              0              1       (x,y,z)=   1.500000e-02   5.000000e-03   1.575983e-02     particles=             35
fabric=[ ...   
   3.330019e-01   1.096332e-02   3.956546e-03;
   1.096332e-02   3.613500e-01   2.199396e-03;
   3.956546e-03   2.199396e-03   3.056481e-01]
sigma=[ ...    
  -1.119002e+02  -1.436544e+00   9.063737e-01;
  -1.436838e+00  -1.198259e+02   1.515086e+01;
   9.069351e-01   1.515048e+01  -1.336936e+02]
sigmaDot=[ ... 
  -1.899864e+01  -3.286389e+01  -2.308240e+01;
  -4.744926e+01   9.229914e+00   7.767738e+00;
  -4.268387e+01  -1.089536e+01  -3.405360e+01]
intgraE=[ ...  
  -9.614584e-03   1.044754e-02  -6.499425e-02;
   1.044754e-02   4.347370e-02   1.493198e-01;
  -6.499425e-02   1.493198e-01  -4.027498e-01]
E=[ ...        
   1.446285e+06  -4.948989e+05  -6.632022e+03;
  -4.948989e+05   9.678349e+05   9.123867e+03;
  -6.632022e+03   9.123867e+03   1.197083e+02]
e=[ ...        
   4.994273e-01  -2.034181e-03   3.976824e-04;
  -2.034181e-03   4.927722e-01   1.413318e-03;
   3.976824e-04   1.413318e-03   4.997233e-01]
intgraF=[ ...  
   9.892159e-01   2.952770e-02  -1.144071e-01;
   2.639660e-03   1.015634e+00   2.124687e-01;
  -4.707104e-02   2.335858e-01   3.691455e-01]
F=[ ...        
  -1.124083e+03   1.271325e+03   1.067151e+01;
   5.422837e+02  -2.595664e+02  -1.056540e+01;
   1.155394e+03   5.020246e+02   3.861076e+00]
R=[ ...        
  -5.138166e-01   8.180652e-01  -2.583831e-01;
   3.000325e-01  -1.108089e-01  -9.474713e-01;
   8.037244e-01   5.643499e-01   1.885106e-01]
U=[ ...        
   1.668894e+03  -3.276168e+02  -5.549920e+00;
  -3.276168e+02   1.352107e+03   1.207973e+01;
  -5.549920e+00   1.207973e+01   7.980928e+00]
l=[ ...        
   3.030039e-07  -3.500923e-06  -5.823169e-06;
   3.681211e-07   4.354647e-07   6.280812e-07;
   1.283471e-06   1.286023e-06   1.146289e-06]
d=[ ...        
   3.030039e-07  -1.566401e-06  -2.269849e-06;
  -1.566401e-06   4.354647e-07   9.570522e-07;
  -2.269849e-06   9.570522e-07   1.146289e-06]
     iteration=        3200000       process=              6       (i,j,k)=              1              1              0       (x,y,z)=   1.500000e-02   1.500000e-02   5.253276e-03     particles=             70
fabric=[ ...   
   3.125295e-01  -1.304697e-03   1.030522e-02;
  -1.304697e-03   3.303763e-01   2.024564e-02;
   1.030522e-02   2.024564e-02   3.570943e-01]
sigma=[ ...    
  -3.134915e+02  -4.046340e+01   1.803473e+01;
  -4.046091e+01  -3.482730e+02   2.113198e+01;
   1.804061e+01   2.114054e+01  -3.546176e+02]
sigmaDot=[ ... 
   3.754545e+00  -6.268277e+00   4.384496e+00;
  -5.282405e+00   6.406597e+00   3.083850e+00;
   6.198718e+00   2.390083e+00   1.478974e+00]
intgraE=[ ...  
   3.563529e-01  -8.502052e-01  -3.523587e-02;
  -8.502052e-01   3.538646e-01   3.691869e-02;
  -3.523587e-02   3.691869e-02  -4.981661e-01]
E=[ ...        
   1.479456e+06  -1.230184e+06  -5.572349e-01;
  -1.230184e+06   1.052967e+06   1.358687e+00;
  -5.572349e-01   1.358687e+00  -4.999371e-01]
e=[ ...        
  -3.241755e+02  -8.851867e+02   1.166920e+03;
  -8.851867e+02  -2.412850e+03   3.181460e+03;
   1.166920e+03   3.181460e+03  -4.193541e+03]
intgraF=[ ...  
   4.852471e-01  -6.115375e-01  -4.569507e-02;
  -1.111714e+00   1.056141e+00   3.602912e-02;
  -4.912568e-01   4.672449e-01   1.678201e-02]
F=[ ...        
   5.770355e+02  -2.550167e+02   4.640998e-03;
  -1.364329e+03   1.171456e+03  -3.394997e-03;
  -8.743846e+02   8.176739e+02   9.634644e-03]
R=[ ...        
   8.107520e-01   5.439302e-01  -2.163820e-01;
  -5.524706e-01   5.887598e-01  -5.900323e-01;
  -1.935393e-01   5.979146e-01   7.778436e-01]
U=[ ...        
   1.390812e+03  -1.012203e+03   3.773652e-03;
  -1.012203e+03   1.039894e+03   6.286235e-03;
   3.773652e-03   6.286235e-03   8.493176e-03]
l=[ ...        
   3.323623e-02   3.467561e-03  -1.225962e-02;
  -1.634584e-01  -3.739417e-02   8.482683e-02;
  -4.601432e-02  -1.352732e-02   1.272026e-02]
d=[ ...        
   3.323623e-02  -7.999540e-02  -2.913697e-02;
  -7.999540e-02  -3.739417e-02   3.564976e-02;
  -2.913697e-02   3.564976e-02   1.272026e-02]
     iteration=        3200000       process=              7       (i,j,k)=              1              1              1       (x,y,z)=   1.500000e-02   1.500000e-02   1.575983e-02     particles=             48
fabric=[ ...   
   3.295687e-01  -1.015339e-02  -9.363665e-03;
  -1.015339e-02   3.120910e-01  -6.333302e-03;
  -9.363665e-03  -6.333302e-03   3.583403e-01]
sigma=[ ...    
  -7.721826e+01   4.770341e-01   1.204757e+01;
   4.770334e-01  -7.541687e+01   4.086405e+00;
   1.204757e+01   4.086420e+00  -1.002012e+02]
sigmaDot=[ ... 
   1.990983e+00  -1.725467e+00  -7.833423e-01;
  -8.038738e-01  -2.954597e+00  -2.071062e+00;
   1.863619e+00  -3.389105e-01   9.109660e+00]
intgraE=[ ...  
   1.740593e-02   7.398291e-02  -9.779643e-02;
   7.398291e-02   1.064829e-02  -3.851894e-02;
  -9.779643e-02  -3.851894e-02  -4.664300e-01]
E=[ ...        
   6.940563e+05  -5.277906e+05   1.521941e+01;
  -5.277906e+05   4.208986e+05  -1.237949e+01;
   1.521941e+01  -1.237949e+01  -4.996319e-01]
e=[ ...        
  -2.902410e+04  -1.319290e+04  -7.423755e+04;
  -1.319290e+04  -5.996228e+03  -3.374409e+04;
  -7.423755e+04  -3.374409e+04  -1.898803e+05]
intgraF=[ ...  
   1.008011e+00   2.683120e-02  -1.737981e-01;
   1.045809e-01   9.911030e-01  -3.574203e-02;
  -8.825154e-02  -1.956822e-01   1.888298e-01]
F=[ ...        
  -6.868624e+02   6.663999e+02  -2.046772e-02;
  -8.595599e+02   5.223412e+02  -1.319020e-02;
   4.212961e+02  -3.533681e+02   1.196912e-02]
R=[ ...        
  -9.087298e-02   9.288243e-01   3.592039e-01;
  -9.737723e-01  -1.584258e-01   1.633060e-01;
   2.085898e-01  -3.349427e-01   9.188600e-01]
U=[ ...        
   9.873109e+02  -6.429081e+02   1.720085e-02;
  -6.429081e+02   6.545742e+02  -2.093021e-02;
   1.720085e-02  -2.093021e-02   1.491818e-03]
l=[ ...        
  -3.749163e-08   1.907495e-07  -1.005302e-07;
   1.476933e-07   3.000938e-08  -4.343766e-07;
   3.215837e-07  -6.866712e-09   6.824307e-08]
d=[ ...        
  -3.749163e-08   1.692214e-07   1.105268e-07;
   1.692214e-07   3.000938e-08  -2.206216e-07;
   1.105268e-07  -2.206216e-07   6.824307e-08]
