     iteration=        1000000       process=              0       (i,j,k)=              0              0              0       (x,y,z)=   5.000000e-03   5.000000e-03   5.416428e-03     particles=             85
fabric=[ ...   
   3.402445e-01  -1.159544e-03   2.260773e-03;
  -1.159544e-03   2.967686e-01  -2.804513e-03;
   2.260773e-03  -2.804513e-03   3.629868e-01]
sigma=[ ...    
  -3.002508e+02  -2.049081e+01   2.387527e+01;
  -2.049130e+01  -2.115437e+02  -2.174008e+01;
   2.382649e+01  -2.168770e+01  -3.351675e+02]
sigmaDot=[ ... 
  -3.196246e+03  -4.990439e+03   5.120198e+02;
  -4.234355e+03  -2.128898e+04  -1.190164e+04;
   3.645911e+02  -1.359600e+04  -4.648475e+03]
intgraE=[ ...  
   4.532935e+01  -1.805657e+01  -6.086126e-02;
  -1.805657e+01   1.188629e+01   8.597377e-03;
  -6.086126e-02   8.597377e-03  -4.998743e-01]
E=[ ...        
   1.054259e+05  -2.469814e+04  -5.751033e+01;
  -2.469814e+04   6.956757e+05  -9.133373e+02;
  -5.751033e+01  -9.133373e+02   8.164403e-01]
e=[ ...        
  -9.963215e-02   4.377693e-01  -1.788515e+00;
   4.377693e-01   1.804003e-01   1.305729e+00;
  -1.788515e+00   1.305729e+00  -4.834597e+00]
intgraF=[ ...  
   6.091414e+00  -3.970230e+00  -3.533403e-03;
  -5.127812e-01   2.636133e+00  -6.448472e-03;
  -7.368204e+00   1.435500e+00   1.404762e-02]
F=[ ...        
   3.530526e+02  -7.398418e+02   6.026568e-01;
  -2.350814e+02  -9.183930e+02   1.499928e+00;
  -1.759073e+02   2.325264e+01  -1.410687e-01]
R=[ ...        
   7.301828e-01  -6.091538e-01  -3.094587e-01;
  -5.650974e-01  -7.930047e-01   2.276148e-01;
  -3.840546e-01   8.673924e-03  -9.232696e-01]
U=[ ...        
   4.581948e+02  -3.016852e+01  -3.533779e-01;
  -3.016852e+01   1.179169e+03  -1.557784e+00;
  -3.533779e-01  -1.557784e+00   2.851529e-01]
l=[ ...        
  -1.277821e-02  -2.840071e-03   1.626561e-03;
  -1.134766e-02  -3.588711e-03   2.640509e-03;
  -2.655679e-04  -5.928756e-04  -4.239490e-04]
d=[ ...        
  -1.277821e-02  -7.093867e-03   6.804964e-04;
  -7.093867e-03  -3.588711e-03   1.023817e-03;
   6.804964e-04   1.023817e-03  -4.239490e-04]
     iteration=        1000000       process=              1       (i,j,k)=              0              0              1       (x,y,z)=   5.000000e-03   5.000000e-03   1.624928e-02     particles=             41
fabric=[ ...   
   3.321957e-01  -1.674500e-02   1.441812e-02;
  -1.674500e-02   3.229029e-01   7.155897e-03;
   1.441812e-02   7.155897e-03   3.286412e-01]
sigma=[ ...    
  -6.909868e+01   9.833263e+00   3.572276e+00;
   9.401770e+00  -6.002679e+01  -3.364854e+00;
   3.666115e+00  -3.299340e+00  -1.083947e+02]
sigmaDot=[ ... 
  -6.022623e+03  -3.909519e+03   6.806354e+04;
  -5.403549e+03  -3.515519e+03  -1.187690e+04;
   3.716867e+03   1.512304e+04   2.353984e+04]
intgraE=[ ...  
   1.008702e-01  -6.441993e-02  -6.984955e-01;
  -6.441993e-02   1.157574e-02   3.403884e-01;
  -6.984955e-01   3.403884e-01   3.650836e+00]
E=[ ...        
   9.083330e+05  -7.681469e+05   1.394071e+01;
  -7.681469e+05   1.766114e+06  -3.567393e+01;
   1.394071e+01  -3.567393e+01  -4.992735e-01]
e=[ ...        
  -8.953563e+04  -2.864227e+04   6.947676e+04;
  -2.864227e+04  -9.162052e+03   2.222535e+04;
   6.947676e+04   2.222535e+04  -5.391093e+04]
intgraF=[ ...  
   9.993622e-01  -1.038035e-03  -1.011549e-01;
  -3.034599e-02   9.878242e-01   5.485122e-02;
  -4.495493e-01   2.176090e-01   2.878964e+00]
F=[ ...        
   3.723907e+02  -1.182362e+03   2.565819e-02;
  -1.294261e+03   8.946918e+02  -1.514566e-02;
  -5.366050e+01  -1.154892e+03   2.377702e-02]
R=[ ...        
   4.036641e-02  -6.416005e-01   7.659761e-01;
  -9.410228e-01   2.333203e-01   2.450261e-01;
  -3.359266e-01  -7.306918e-01  -5.943423e-01]
U=[ ...        
   1.250988e+03  -5.016943e+02   7.300804e-03;
  -5.016943e+02   1.811224e+03  -3.736977e-02;
   7.300804e-03  -3.736977e-02   1.810786e-03]
l=[ ...        
   7.723506e-03  -1.113871e-02  -1.863136e-02;
  -1.860629e-02   1.166042e-02   3.464351e-02;
   2.044819e-02  -1.103818e-02  -2.412600e-02]
d=[ ...        
   7.723506e-03  -1.487250e-02   9.084121e-04;
  -1.487250e-02   1.166042e-02   1.180266e-02;
   9.084121e-04   1.180266e-02  -2.412600e-02]
     iteration=        1000000       process=              2       (i,j,k)=              0              1              0       (x,y,z)=   5.000000e-03   1.500000e-02   5.416428e-03     particles=             82
fabric=[ ...   
   3.248520e-01  -6.082702e-04  -3.668634e-03;
  -6.082702e-04   3.209001e-01   1.750394e-02;
  -3.668634e-03   1.750394e-02   3.542479e-01]
sigma=[ ...    
  -2.838718e+02  -9.605671e+00   2.782257e+01;
  -9.459929e+00  -2.141544e+02  -1.342433e+01;
   2.779830e+01  -1.331608e+01  -2.571670e+02]
sigmaDot=[ ... 
  -2.175145e+04  -4.515511e+04   2.422502e+05;
   1.606813e+05   2.973451e+03  -3.091085e+04;
   2.477691e+04  -7.437128e+04   5.566481e+04]
intgraE=[ ...  
   1.494030e+01  -1.572830e+01  -2.006423e-01;
  -1.572830e+01   1.588281e+01   2.068001e-01;
  -2.006423e-01   2.068001e-01  -4.973763e-01]
E=[ ...        
   2.071637e+05   1.648532e+05   4.391658e+02;
   1.648532e+05   1.701778e+05   2.156972e+02;
   4.391658e+02   2.156972e+02   9.381390e-01]
e=[ ...        
  -2.931220e+00   2.232260e+00   1.014116e+00;
   2.232260e+00  -9.522626e-01  -6.597548e-01;
   1.014116e+00  -6.597548e-01   2.002712e-01]
intgraF=[ ...  
   4.292045e+00  -4.910244e+00  -5.940555e-02;
   1.162274e+00  -9.052354e-01  -1.383565e-02;
   3.332877e+00  -2.799228e+00  -3.907507e-02]
F=[ ...        
  -2.967101e+02  -1.371682e+02  -1.221131e+00;
  -2.158045e+02   4.592270e+01  -1.039748e+00;
  -5.288856e+02  -5.651836e+02  -5.513997e-01]
R=[ ...        
  -5.710224e-01   8.331120e-02  -8.166962e-01;
  -6.738929e-01   5.205753e-01   5.242803e-01;
  -4.688303e-01  -8.497415e-01   2.411173e-01]
U=[ ...        
   5.628148e+02   3.123543e+02   1.656485e+00;
   3.123543e+02   4.927386e+02  -1.744539e-01;
   1.656485e+00  -1.744539e-01   3.192211e-01]
l=[ ...        
   9.776776e-03   1.988806e-03  -6.093528e-03;
  -1.885209e-03   1.005859e-03   9.247061e-04;
  -2.551076e-03  -1.218782e-04  -1.318094e-04]
d=[ ...        
   9.776776e-03   5.179846e-05  -4.322302e-03;
   5.179846e-05   1.005859e-03   4.014140e-04;
  -4.322302e-03   4.014140e-04  -1.318094e-04]
     iteration=        1000000       process=              3       (i,j,k)=              0              1              1       (x,y,z)=   5.000000e-03   1.500000e-02   1.624928e-02     particles=             38
fabric=[ ...   
   3.450727e-01   1.625075e-02   1.953360e-02;
   1.625075e-02   3.110126e-01   2.189746e-02;
   1.953360e-02   2.189746e-02   3.439147e-01]
sigma=[ ...    
  -9.258283e+01   2.781194e-02  -6.908443e+00;
   8.284195e-01  -7.547136e+01  -8.723424e+00;
  -7.592518e+00  -9.850894e+00  -1.299292e+02]
sigmaDot=[ ... 
  -3.823347e+04   2.932807e+05   6.787107e+05;
  -9.581656e+05   6.985259e+04   1.783565e+05;
  -7.277269e+04   1.683935e+06   2.922238e+05]
intgraE=[ ...  
  -3.779192e-02   8.340468e-02  -2.100912e-02;
   8.340468e-02   4.805147e-02  -8.938623e-03;
  -2.100912e-02  -8.938623e-03  -1.081656e-01]
E=[ ...        
   3.239408e+05  -4.490491e+05   2.746765e+00;
  -4.490491e+05   8.610884e+05   5.333982e+00;
   2.746765e+00   5.333982e+00  -4.991873e-01]
e=[ ...        
  -1.955482e+02  -1.270904e+02  -2.387883e+02;
  -1.270904e+02  -8.188774e+01  -1.547971e+02;
  -2.387883e+02  -1.547971e+02  -2.903461e+02]
intgraF=[ ...  
   9.468772e-01  -1.734785e-03  -8.256434e-02;
   1.592591e-01   1.046311e+00  -4.794301e-02;
   4.976259e-02   3.652230e-02   8.800872e-01]
F=[ ...        
  -5.262565e+01  -4.845825e+02  -3.919739e-02;
  -6.903015e+02   1.195987e+03  -7.967831e-03;
   4.106057e+02  -2.386921e+02  -5.040026e-03]
R=[ ...        
  -5.349368e-01  -6.077817e-01  -5.868935e-01;
  -4.804528e-01   7.902173e-01  -3.804230e-01;
   6.949876e-01   7.847237e-02  -7.147268e-01]
U=[ ...        
   6.451746e+02  -4.812821e+02   2.129354e-02;
  -4.812821e+02   1.220879e+03   1.713164e-02;
   2.129354e-02   1.713164e-02   2.963808e-02]
l=[ ...        
   2.371673e-01  -1.343975e-01   9.100934e-01;
   5.661136e-01   1.535589e+00  -5.846497e+00;
  -1.091634e-01   4.389657e-01  -1.997845e+00]
d=[ ...        
   2.371673e-01   2.158580e-01   4.004650e-01;
   2.158580e-01   1.535589e+00  -2.703766e+00;
   4.004650e-01  -2.703766e+00  -1.997845e+00]
     iteration=        1000000       process=              4       (i,j,k)=              1              0              0       (x,y,z)=   1.500000e-02   5.000000e-03   5.416428e-03     particles=             79
fabric=[ ...   
   3.222334e-01   4.368080e-03  -8.510330e-03;
   4.368080e-03   3.179194e-01   1.548310e-02;
  -8.510330e-03   1.548310e-02   3.598472e-01]
sigma=[ ...    
  -2.991680e+02   1.966017e+01  -1.425108e+01;
   1.959396e+01  -2.658075e+02  -4.419414e+01;
  -1.437154e+01  -4.408424e+01  -3.694544e+02]
sigmaDot=[ ... 
  -3.077969e+04  -5.534480e+03   2.347212e+05;
  -3.104732e+04  -2.507261e+04  -7.711437e+03;
   1.142320e+04  -3.331211e+04  -2.144256e+04]
intgraE=[ ...  
   1.997082e+01  -1.507069e+00   1.548904e-02;
  -1.507069e+00   2.807274e+00   2.984024e-02;
   1.548904e-02   2.984024e-02  -4.996866e-01]
E=[ ...        
   1.664656e+06  -7.949005e+05   1.449153e+01;
  -7.949005e+05   4.270215e+05  -5.162466e+00;
   1.449153e+01  -5.162466e+00  -4.996816e-01]
e=[ ...        
  -3.165262e+02   6.252873e+02   3.632980e+02;
   6.252873e+02  -1.232787e+03  -7.165515e+02;
   3.632980e+02  -7.165515e+02  -4.158234e+02]
intgraF=[ ...  
   4.235447e+00   9.829174e-01   1.482411e-02;
   8.716991e-01   1.543610e+00   1.753361e-02;
   4.716225e+00  -1.807122e+00  -9.985246e-03]
F=[ ...        
  -3.779322e+02  -9.434256e+01  -1.987179e-02;
  -1.036153e+03   4.256101e+02   1.044377e-03;
   1.453570e+03  -8.148617e+02   1.551697e-02]
R=[ ...        
  -5.291352e-01  -7.475161e-01  -4.015417e-01;
  -6.106336e-01   6.867379e-03   7.918835e-01;
   5.891881e-01  -6.642082e-01   4.600922e-01]
U=[ ...        
   1.689114e+03  -6.900786e+02   1.901954e-02;
  -6.900786e+02   6.146832e+02   4.555152e-03;
   1.901954e-02   4.555152e-03   1.594561e-02]
l=[ ...        
  -4.383723e-04   2.291207e-04  -7.668000e-05;
  -1.820220e-04  -4.659444e-04  -2.786755e-04;
   1.565403e-04   1.993493e-03  -6.180881e-04]
d=[ ...        
  -4.383723e-04   2.354932e-05   3.993012e-05;
   2.354932e-05  -4.659444e-04   8.574089e-04;
   3.993012e-05   8.574089e-04  -6.180881e-04]
     iteration=        1000000       process=              5       (i,j,k)=              1              0              1       (x,y,z)=   1.500000e-02   5.000000e-03   1.624928e-02     particles=             33
fabric=[ ...   
   3.340587e-01   1.132578e-02   8.934500e-03;
   1.132578e-02   3.566607e-01  -3.666909e-03;
   8.934500e-03  -3.666909e-03   3.092805e-01]
sigma=[ ...    
  -1.073675e+02  -1.197220e+01  -4.196388e-01;
  -1.190849e+01  -1.107670e+02   1.446163e+01;
  -3.637773e-01   1.437932e+01  -1.269438e+02]
sigmaDot=[ ... 
  -1.960692e+04   1.408254e+04   2.737027e+04;
   2.741615e+04  -2.985716e+04  -1.412875e+04;
   1.607066e+04  -1.661143e+04   1.066143e+03]
intgraE=[ ...  
  -9.549416e-03   1.002421e-02  -6.490546e-02;
   1.002421e-02   4.268009e-02   1.489184e-01;
  -6.490546e-02   1.489184e-01  -4.027059e-01]
E=[ ...        
   1.112834e+06  -1.025291e+06  -9.274096e+03;
  -1.025291e+06   1.070628e+06   1.019871e+04;
  -9.274096e+03   1.019871e+04   1.346295e+02]
e=[ ...        
   4.999444e-01  -5.905250e-04  -1.771046e-04;
  -5.905250e-04   4.937044e-01  -1.895461e-03;
  -1.771046e-04  -1.895461e-03   4.994254e-01]
intgraF=[ ...  
   9.892955e-01   2.843572e-02  -1.143300e-01;
   2.692073e-03   1.015425e+00   2.124170e-01;
  -4.677986e-02   2.312216e-01   3.693180e-01]
F=[ ...        
  -1.484609e+03   1.347100e+03   1.133995e+01;
   1.455084e+02  -2.768124e+02  -1.119346e+01;
  -2.077283e+01   4.999545e+02   4.046115e+00]
R=[ ...        
  -8.424139e-01   5.319846e-01  -8.562303e-02;
  -7.767707e-02  -2.771434e-01  -9.576836e-01;
   5.332028e-01   8.001150e-01  -2.747924e-01]
U=[ ...        
   1.228277e+03  -8.467366e+02  -6.526059e+00;
  -8.467366e+02   1.193374e+03   1.237223e+01;
  -6.526059e+00   1.237223e+01   8.636987e+00]
l=[ ...        
  -6.802164e-04   2.190755e-04   6.550957e-04;
  -4.280301e-05  -4.621283e-04   7.346882e-04;
   1.267200e-04  -6.805871e-04   5.397729e-04]
d=[ ...        
  -6.802164e-04   8.813624e-05   3.909078e-04;
   8.813624e-05  -4.621283e-04   2.705055e-05;
   3.909078e-04   2.705055e-05   5.397729e-04]
     iteration=        1000000       process=              6       (i,j,k)=              1              1              0       (x,y,z)=   1.500000e-02   1.500000e-02   5.416428e-03     particles=             71
fabric=[ ...   
   3.086221e-01  -3.977691e-03   5.463760e-03;
  -3.977691e-03   3.316446e-01   1.772758e-02;
   5.463760e-03   1.772758e-02   3.597333e-01]
sigma=[ ...    
  -3.212490e+02  -3.376258e+01   1.902342e+01;
  -3.391160e+01  -3.469836e+02   2.767421e+01;
   1.880613e+01   2.764691e+01  -3.372062e+02]
sigmaDot=[ ... 
   6.215550e+04  -1.645394e+04   3.313636e+05;
  -2.415315e+05  -1.926078e+04  -4.579970e+04;
  -1.215293e+04  -1.210147e+05   2.431481e+03]
intgraE=[ ...  
   3.607675e-01  -8.542373e-01  -3.535102e-02;
  -8.542373e-01   3.575323e-01   3.702097e-02;
  -3.535102e-02   3.702097e-02  -4.981637e-01]
E=[ ...        
   1.034684e+06  -8.323965e+05  -3.082690e-01;
  -8.323965e+05   6.981565e+05   1.083130e+00;
  -3.082690e-01   1.083130e+00  -4.999328e-01]
e=[ ...        
  -2.843675e+02  -8.343661e+02   9.456144e+02;
  -8.343661e+02  -2.443327e+03   2.769669e+03;
   9.456144e+02   2.769669e+03  -3.138456e+03]
intgraF=[ ...  
   4.847608e-01  -6.110155e-01  -4.566672e-02;
  -1.115762e+00   1.059811e+00   3.613308e-02;
  -4.915464e-01   4.674678e-01   1.678113e-02]
F=[ ...        
   5.739342e+02  -2.492207e+02   4.022188e-03;
  -1.070082e+03   9.023379e+02  -4.423501e-03;
  -7.712923e+02   7.211029e+02   9.929464e-03]
R=[ ...        
   8.338936e-01   5.060511e-01  -2.203037e-01;
  -5.136244e-01   5.654241e-01  -6.453569e-01;
  -2.020186e-01   6.513124e-01   7.314237e-01]
U=[ ...        
   1.184036e+03  -8.169624e+02   3.620159e-03;
  -8.169624e+02   8.537484e+02   6.001461e-03;
   3.620159e-03   6.001461e-03   9.231280e-03]
l=[ ...        
   3.725504e-02   5.273380e-04   2.235900e-02;
   1.165093e-01  -8.793641e-02   7.882967e-02;
  -4.558262e-02   2.443448e-03   2.731771e-03]
d=[ ...        
   3.725504e-02   5.851833e-02  -1.161181e-02;
   5.851833e-02  -8.793641e-02   4.063656e-02;
  -1.161181e-02   4.063656e-02   2.731771e-03]
     iteration=        1000000       process=              7       (i,j,k)=              1              1              1       (x,y,z)=   1.500000e-02   1.500000e-02   1.624928e-02     particles=             47
fabric=[ ...   
   2.997535e-01   1.169050e-02  -3.966307e-03;
   1.169050e-02   3.152289e-01   4.368852e-03;
  -3.966307e-03   4.368852e-03   3.696331e-01]
sigma=[ ...    
  -7.253233e+01  -9.819402e-02   1.127499e+01;
  -1.715716e+00  -8.389675e+01   2.521590e+00;
   9.737352e+00   1.694167e+00  -9.957251e+01]
sigmaDot=[ ... 
  -2.651105e+04   1.183694e+04   2.557645e+06;
  -2.758999e+06   5.490809e+05   1.063530e+05;
   6.144247e+05  -3.100483e+06   4.334694e+04]
intgraE=[ ...  
   1.702648e-02   7.438347e-02  -9.775364e-02;
   7.438347e-02   1.078224e-02  -3.891661e-02;
  -9.775364e-02  -3.891661e-02  -4.661803e-01]
E=[ ...        
   8.360437e+05  -5.514415e+05   1.524632e+01;
  -5.514415e+05   4.061831e+05  -1.122347e+01;
   1.524632e+01  -1.122347e+01  -4.996899e-01]
e=[ ...        
  -1.370619e+07   6.597506e+06  -1.119523e+07;
   6.597506e+06  -3.175723e+06   5.388849e+06;
  -1.119523e+07   5.388849e+06  -9.144274e+06]
intgraF=[ ...  
   1.007412e+00   2.669075e-02  -1.732479e-01;
   1.051512e-01   9.911931e-01  -3.619063e-02;
  -9.009994e-02  -1.959296e-01   1.905644e-01]
F=[ ...        
  -7.701592e+02   6.083588e+02  -1.690262e-02;
  -9.701380e+02   4.763025e+02  -1.314738e-02;
   3.711812e+02  -4.641150e+02   1.271656e-02]
R=[ ...        
  -3.611910e-01   5.855655e-01  -7.257094e-01;
  -9.266847e-01  -1.386813e-01   3.493178e-01;
  -1.039061e-01  -7.986743e-01  -5.927250e-01]
U=[ ...        
   1.138619e+03  -6.128915e+02   1.696722e-02;
  -6.128915e+02   6.608564e+02  -1.823069e-02;
   1.696722e-02  -1.823069e-02   1.363524e-04]
l=[ ...        
   5.686696e-03   2.140900e-05  -7.730221e-03;
  -7.300276e-02   1.291325e-01   7.280647e-01;
  -2.542543e-02  -2.688522e-02  -1.518703e-01]
d=[ ...        
   5.686696e-03  -3.649067e-02  -1.657783e-02;
  -3.649067e-02   1.291325e-01   3.505897e-01;
  -1.657783e-02   3.505897e-01  -1.518703e-01]
