     iteration=        1850000       process=              0       (i,j,k)=              0              0              0       (x,y,z)=   5.000000e-03   5.000000e-03   5.253276e-03     particles=             80
fabric=[ ...   
   3.406833e-01   6.659699e-03  -4.546456e-04;
   6.659699e-03   3.072534e-01   5.924179e-04;
  -4.546456e-04   5.924179e-04   3.520633e-01]
sigma=[ ...    
  -3.169660e+02  -2.417794e+01   2.390590e+01;
  -2.417794e+01  -2.445775e+02  -2.606104e+01;
   2.390572e+01  -2.606109e+01  -3.734414e+02]
sigmaDot=[ ... 
   1.460670e+01  -1.654890e+01   1.147119e+01;
  -1.224758e+01   1.796446e+01  -3.376647e+00;
   9.386182e+00  -2.912728e+00   5.674415e+00]
intgraE=[ ...  
   4.535377e+01  -1.806923e+01  -6.088492e-02;
  -1.806923e+01   1.189130e+01   8.614177e-03;
  -6.088492e-02   8.614177e-03  -4.998743e-01]
E=[ ...        
   1.866695e+05  -5.244028e+04  -1.987283e+00;
  -5.244028e+04   8.845781e+05   1.428957e+00;
  -1.987283e+00   1.428957e+00  -4.997946e-01]
e=[ ...        
  -4.134319e+01  -4.068651e+00  -2.351042e+02;
  -4.068651e+00   1.043810e-01  -2.286052e+01;
  -2.351042e+02  -2.286052e+01  -1.320479e+03]
intgraF=[ ...  
   6.095696e+00  -3.972640e+00  -3.536989e-03;
  -5.108558e-01   2.634424e+00  -6.448271e-03;
  -7.368110e+00   1.435461e+00   1.404750e-02]
F=[ ...        
   5.032500e+02  -8.528167e+02  -2.714400e-03;
  -3.362525e+02  -1.006594e+03   2.803877e-03;
  -8.374792e+01   1.692018e+02   1.988984e-02]
R=[ ...        
   7.726087e-01  -6.102331e-01   1.751896e-01;
  -6.221055e-01  -7.827479e-01   1.704119e-02;
  -1.267302e-01   1.221526e-01   9.843872e-01]
U=[ ...        
   6.086132e+02  -5.412888e+01  -6.362120e-03;
  -5.412888e+01   1.328995e+03   1.891282e-03;
  -6.362120e-03   1.891282e-03   1.915155e-02]
l=[ ...        
   1.886661e-02   2.614499e-03  -8.110942e-04;
   1.730839e-02   2.399581e-03  -7.450658e-04;
   3.688539e-05   5.274268e-06  -1.733554e-06]
d=[ ...        
   1.886661e-02   9.961445e-03  -3.871044e-04;
   9.961445e-03   2.399581e-03  -3.698958e-04;
  -3.871044e-04  -3.698958e-04  -1.733554e-06]
     iteration=        1850000       process=              1       (i,j,k)=              0              0              1       (x,y,z)=   5.000000e-03   5.000000e-03   1.575983e-02     particles=             46
fabric=[ ...   
   3.564787e-01  -1.130126e-02   2.350286e-02;
  -1.130126e-02   3.196542e-01   3.392461e-04;
   2.350286e-02   3.392461e-04   3.238671e-01]
sigma=[ ...    
  -6.728522e+01   8.008533e+00   6.964757e-01;
   8.008415e+00  -7.686862e+01   1.498210e+00;
   6.965641e-01   1.498187e+00  -1.060296e+02]
sigmaDot=[ ... 
   3.536292e+01  -1.056147e+01  -3.241522e+01;
  -1.100311e+01   1.080170e+01   8.801305e+00;
  -3.510859e+01   7.241070e+00   2.037914e+01]
intgraE=[ ...  
   9.541115e-02  -6.456880e-02  -6.784940e-01;
  -6.456880e-02   1.150405e-02   3.409815e-01;
  -6.784940e-01   3.409815e-01   3.604721e+00]
E=[ ...        
   6.649840e+05  -8.275409e+05   3.175634e+00;
  -8.275409e+05   1.803571e+06  -2.435672e+01;
   3.175634e+00  -2.435672e+01  -4.994458e-01]
e=[ ...        
  -1.547957e+05  -7.114272e+04   1.213230e+05;
  -7.114272e+04  -3.269594e+04   5.575876e+04;
   1.213230e+05   5.575876e+04  -9.508753e+04]
intgraF=[ ...  
   9.981293e-01   3.866543e-04  -9.610490e-02;
  -3.448877e-02   9.878713e-01   6.129182e-02;
  -4.397393e-01   2.170674e-01   2.862944e+00]
F=[ ...        
   4.045324e+02  -1.217120e+03   1.976895e-02;
  -1.073970e+03   1.174091e+03  -1.298038e-03;
  -1.136228e+02  -8.644495e+02   2.675489e-02]
R=[ ...        
   6.245659e-03  -6.724524e-01  -7.401141e-01;
  -8.660895e-01   3.663227e-01  -3.401420e-01;
  -4.998499e-01  -6.431294e-01   5.801160e-01]
U=[ ...        
   9.894754e+02  -5.923744e+02  -1.212574e-02;
  -5.923744e+02   1.804504e+03  -3.097603e-02;
  -1.212574e-02  -3.097603e-02   1.331180e-03]
l=[ ...        
   1.509087e-06  -5.179198e-07  -5.105691e-07;
  -3.273800e-07   1.020765e-07   3.879753e-07;
   1.568730e-07  -2.842721e-08   8.612361e-08]
d=[ ...        
   1.509087e-06  -4.226499e-07  -1.768481e-07;
  -4.226499e-07   1.020765e-07   1.797740e-07;
  -1.768481e-07   1.797740e-07   8.612361e-08]
     iteration=        1850000       process=              2       (i,j,k)=              0              1              0       (x,y,z)=   5.000000e-03   1.500000e-02   5.253276e-03     particles=             81
fabric=[ ...   
   3.310363e-01  -4.680515e-04   1.680234e-03;
  -4.680515e-04   3.223801e-01   1.542338e-02;
   1.680234e-03   1.542338e-02   3.465836e-01]
sigma=[ ...    
  -2.982653e+02  -7.169525e+00   2.962164e+01;
  -7.169647e+00  -2.536224e+02  -3.487347e+01;
   2.962166e+01  -3.487327e+01  -2.910102e+02]
sigmaDot=[ ... 
   3.062746e+00  -3.534851e+00   4.792081e-01;
  -3.554071e+00   3.059691e+00  -6.423448e-01;
   1.156038e+00  -6.051039e-01  -1.986325e+00]
intgraE=[ ...  
   1.494167e+01  -1.572974e+01  -2.006602e-01;
  -1.572974e+01   1.588428e+01   2.068187e-01;
  -2.006602e-01   2.068187e-01  -4.973761e-01]
E=[ ...        
   3.416846e+05   1.212543e+05   6.570074e+02;
   1.212543e+05   1.985448e+05   3.806094e+01;
   6.570074e+02   3.806094e+01   1.009926e+00]
e=[ ...        
  -6.671934e+01   6.534599e+01   1.545375e+01;
   6.534599e+01  -6.302485e+01  -1.502307e+01;
   1.545375e+01  -1.502307e+01  -3.052825e+00]
intgraF=[ ...  
   4.292441e+00  -4.910585e+00  -5.941022e-02;
   1.162128e+00  -9.050463e-01  -1.383348e-02;
   3.332829e+00  -2.799217e+00  -3.907470e-02]
F=[ ...        
  -4.851169e+02   4.747914e+01  -1.251500e+00;
  -3.665784e+02   1.904519e+02  -1.065022e+00;
  -5.600465e+02  -5.988024e+02  -5.650904e-01]
R=[ ...        
  -6.540531e-01   2.627205e-01  -7.093606e-01;
  -5.545861e-01   4.711998e-01   6.858608e-01;
  -5.144403e-01  -8.419909e-01   1.624885e-01]
U=[ ...        
   8.087020e+02   1.713722e+02   1.699899e+00;
   1.713722e+02   6.064008e+02  -3.548319e-01;
   1.699899e+00  -3.548319e-01   6.548768e-02]
l=[ ...        
   6.561403e-04  -4.954738e-04  -6.297102e-03;
  -3.690228e-03   2.357206e-04   1.383800e-03;
   4.638939e-05   1.097477e-05   1.688589e-04]
d=[ ...        
   6.561403e-04  -2.092851e-03  -3.125357e-03;
  -2.092851e-03   2.357206e-04   6.973873e-04;
  -3.125357e-03   6.973873e-04   1.688589e-04]
     iteration=        1850000       process=              3       (i,j,k)=              0              1              1       (x,y,z)=   5.000000e-03   1.500000e-02   1.575983e-02     particles=             39
fabric=[ ...   
   3.400476e-01   1.729874e-02   2.015663e-02;
   1.729874e-02   3.266872e-01   1.380809e-03;
   2.015663e-02   1.380809e-03   3.332651e-01]
sigma=[ ...    
  -1.009796e+02  -1.028500e+01  -9.299289e+00;
  -1.028416e+01  -8.771212e+01  -1.428125e+00;
  -9.301565e+00  -1.428123e+00  -1.334365e+02]
sigmaDot=[ ... 
  -4.629464e+00   2.133089e+00   9.580797e-01;
   1.898273e+00  -3.847021e+00   3.199978e-01;
  -3.216886e-02   2.094908e-01   1.002947e+00]
intgraE=[ ...  
  -4.111339e-02   7.395220e-02  -3.250967e-02;
   7.395220e-02   7.158015e-02  -4.380868e-02;
  -3.250967e-02  -4.380868e-02  -1.447513e-01]
E=[ ...        
   5.473047e+05  -5.367860e+05   9.175111e+00;
  -5.367860e+05   9.129486e+05  -1.824209e+00;
   9.175111e+00  -1.824209e+00  -4.995790e-01]
e=[ ...        
  -3.293094e+00   4.146058e+01   7.310366e+01;
   4.146058e+01  -4.526868e+02  -7.990630e+02;
   7.310366e+01  -7.990630e+02  -1.408415e+03]
intgraF=[ ...  
   9.471465e-01  -1.347431e-04  -9.096779e-02;
   1.362075e-01   1.067701e+00  -1.257955e-01;
   4.619818e-02   5.634629e-02   8.284913e-01]
F=[ ...        
  -5.672912e+02  -1.812678e+02  -2.394195e-02;
  -7.769725e+02   1.160700e+03   2.442849e-03;
   4.112235e+02  -6.676939e+02   1.621063e-02]
R=[ ...        
  -8.731146e-01  -4.854220e-01  -4.512674e-02;
  -4.421288e-01   7.494295e-01   4.928261e-01;
   2.054093e-01  -4.502455e-01   8.689568e-01]
U=[ ...        
   9.233013e+02  -4.920620e+02   2.315382e-02;
  -4.920620e+02   1.258480e+03   6.153928e-03;
   2.315382e-02   6.153928e-03   1.637066e-02]
l=[ ...        
  -3.553727e-08   1.258670e-07  -5.282986e-08;
   8.102048e-08  -6.128732e-08  -3.260306e-08;
   4.557872e-08  -8.916104e-09   3.061277e-08]
d=[ ...        
  -3.553727e-08   1.034438e-07  -3.625571e-09;
   1.034438e-07  -6.128732e-08  -2.075958e-08;
  -3.625571e-09  -2.075958e-08   3.061277e-08]
     iteration=        1850000       process=              4       (i,j,k)=              1              0              0       (x,y,z)=   1.500000e-02   5.000000e-03   5.253276e-03     particles=             77
fabric=[ ...   
   3.321951e-01   4.590576e-03  -1.143689e-02;
   4.590576e-03   3.199125e-01   2.026622e-02;
  -1.143689e-02   2.026622e-02   3.478925e-01]
sigma=[ ...    
  -2.892154e+02   1.824042e+01  -3.771041e+00;
   1.824348e+01  -2.588906e+02  -4.826505e+01;
  -3.762418e+00  -4.824788e+01  -3.697146e+02]
sigmaDot=[ ... 
  -8.146470e+01   6.907009e+01   7.689537e+01;
   5.726096e+01  -4.107966e+01   1.479859e+02;
  -4.249845e+01  -1.869312e+02  -1.547173e+02]
intgraE=[ ...  
   1.997193e+01  -1.506976e+00   1.549205e-02;
  -1.506976e+00   2.807022e+00   2.983779e-02;
   1.549205e-02   2.983779e-02  -4.996866e-01]
E=[ ...        
   1.458513e+06  -7.914986e+05   8.648130e+00;
  -7.914986e+05   4.650864e+05  -4.766185e+00;
   8.648130e+00  -4.766185e+00  -4.996759e-01]
e=[ ...        
  -7.131561e+02   2.837074e+02   2.542010e+02;
   2.837074e+02  -1.122852e+02  -1.010553e+02;
   2.542010e+02  -1.010553e+02  -9.004523e+01]
intgraF=[ ...  
   4.235458e+00   9.829256e-01   1.482422e-02;
   8.721562e-01   1.543407e+00   1.753236e-02;
   4.716365e+00  -1.807151e+00  -9.985281e-03]
F=[ ...        
  -7.281825e+00  -1.216228e+02  -2.038514e-02;
  -1.149843e+03   4.503880e+02   1.728116e-03;
   1.262868e+03  -8.441164e+02   1.515193e-02]
R=[ ...        
  -2.039300e-01  -4.244408e-01  -8.821919e-01;
  -8.860398e-01  -3.032171e-01   3.507035e-01;
   4.163485e-01  -8.531761e-01   3.142364e-01]
U=[ ...        
   1.546085e+03  -7.257057e+02   8.934445e-03;
  -7.257057e+02   6.352362e+02  -4.798972e-03;
   8.934445e-03  -4.798972e-03   2.335095e-02]
l=[ ...        
  -1.968205e-06   3.269190e-04   2.366900e-04;
   2.123402e-06   5.027771e-05   3.520077e-05;
   7.708071e-07   2.575271e-05  -5.986348e-06]
d=[ ...        
  -1.968205e-06   1.645212e-04   1.187304e-04;
   1.645212e-04   5.027771e-05   3.047674e-05;
   1.187304e-04   3.047674e-05  -5.986348e-06]
     iteration=        1850000       process=              5       (i,j,k)=              1              0              1       (x,y,z)=   1.500000e-02   5.000000e-03   1.575983e-02     particles=             35
fabric=[ ...   
   3.330019e-01   1.096332e-02   3.956540e-03;
   1.096332e-02   3.613500e-01   2.199389e-03;
   3.956540e-03   2.199389e-03   3.056481e-01]
sigma=[ ...    
  -1.124345e+02  -1.967084e+00   1.112241e+00;
  -1.967549e+00  -1.196831e+02   1.552698e+01;
   1.112210e+00   1.552672e+01  -1.337026e+02]
sigmaDot=[ ... 
  -2.313265e+01  -1.733362e+01  -8.040039e+00;
  -1.702884e+01  -2.287546e+01   1.281641e+01;
  -2.829764e+01   1.207685e+01   2.373701e+01]
intgraE=[ ...  
  -9.614598e-03   1.044749e-02  -6.499428e-02;
   1.044749e-02   4.347375e-02   1.493198e-01;
  -6.499428e-02   1.493198e-01  -4.027498e-01]
E=[ ...        
   1.446285e+06  -4.948988e+05  -6.632021e+03;
  -4.948988e+05   9.678349e+05   9.123865e+03;
  -6.632021e+03   9.123865e+03   1.197083e+02]
e=[ ...        
   4.994273e-01  -2.034181e-03   3.976825e-04;
  -2.034181e-03   4.927722e-01   1.413318e-03;
   3.976825e-04   1.413318e-03   4.997233e-01]
intgraF=[ ...  
   9.892159e-01   2.952756e-02  -1.144071e-01;
   2.639691e-03   1.015634e+00   2.124688e-01;
  -4.707100e-02   2.335858e-01   3.691455e-01]
F=[ ...        
  -1.124083e+03   1.271325e+03   1.067151e+01;
   5.422837e+02  -2.595663e+02  -1.056540e+01;
   1.155394e+03   5.020247e+02   3.861076e+00]
R=[ ...        
  -5.138166e-01   8.180652e-01  -2.583831e-01;
   3.000325e-01  -1.108089e-01  -9.474713e-01;
   8.037244e-01   5.643498e-01   1.885107e-01]
U=[ ...        
   1.668894e+03  -3.276168e+02  -5.549919e+00;
  -3.276168e+02   1.352107e+03   1.207973e+01;
  -5.549919e+00   1.207973e+01   7.980928e+00]
l=[ ...        
  -3.110784e-07  -1.690775e-06  -2.251833e-06;
   2.863059e-07   6.374249e-07   1.402986e-06;
  -4.764801e-09   6.188479e-07   9.266657e-07]
d=[ ...        
  -3.110784e-07  -7.022344e-07  -1.128299e-06;
  -7.022344e-07   6.374249e-07   1.010917e-06;
  -1.128299e-06   1.010917e-06   9.266657e-07]
     iteration=        1850000       process=              6       (i,j,k)=              1              1              0       (x,y,z)=   1.500000e-02   1.500000e-02   5.253276e-03     particles=             70
fabric=[ ...   
   3.125503e-01  -2.504413e-03   1.060467e-02;
  -2.504413e-03   3.301828e-01   2.158157e-02;
   1.060467e-02   2.158157e-02   3.572669e-01]
sigma=[ ...    
  -3.139564e+02  -4.051543e+01   1.805486e+01;
  -4.052043e+01  -3.485359e+02   2.114464e+01;
   1.805434e+01   2.113588e+01  -3.552319e+02]
sigmaDot=[ ... 
  -9.397693e+00  -4.413666e+00   2.043097e+00;
  -3.806243e+00  -3.082011e+00  -1.570419e+00;
   2.063276e+00  -2.816325e+00  -1.561309e+01]
intgraE=[ ...  
   3.577483e-01  -8.514102e-01  -3.525718e-02;
  -8.514102e-01   3.548527e-01   3.692647e-02;
  -3.525718e-02   3.692647e-02  -4.981679e-01]
E=[ ...        
   1.120458e+06  -8.931400e+05  -6.327736e-02;
  -8.931400e+05   7.396893e+05   9.886121e-01;
  -6.327736e-02   9.886121e-01  -4.999359e-01]
e=[ ...        
  -5.770030e+02  -1.355327e+03   1.515050e+03;
  -1.355327e+03  -3.180282e+03   3.555632e+03;
   1.515050e+03   3.555632e+03  -3.974158e+03]
intgraF=[ ...  
   4.840572e-01  -6.101272e-01  -4.560028e-02;
  -1.113852e+00   1.058372e+00   3.613932e-02;
  -4.904272e-01   4.661534e-01   1.669435e-02]
F=[ ...        
   6.065664e+02  -2.779747e+02   4.716891e-03;
  -1.126773e+03   9.332032e+02  -3.909179e-03;
  -7.767741e+02   7.288631e+02   9.516820e-03]
R=[ ...        
   8.285717e-01   4.886811e-01  -2.732392e-01;
  -5.355427e-01   5.494275e-01  -6.413450e-01;
  -1.632881e-01   6.777316e-01   7.169497e-01]
U=[ ...        
   1.232857e+03  -8.491068e+02   4.447831e-03;
  -8.491068e+02   8.708601e+02   6.607095e-03;
   4.447831e-03   6.607095e-03   8.041374e-03]
l=[ ...        
  -5.061999e-02   8.737387e-03   6.028763e-03;
  -1.286671e-01   1.378697e-02  -1.935660e-01;
   5.152994e-02   1.249547e-03  -1.248853e-02]
d=[ ...        
  -5.061999e-02  -5.996487e-02   2.877935e-02;
  -5.996487e-02   1.378697e-02  -9.615825e-02;
   2.877935e-02  -9.615825e-02  -1.248853e-02]
     iteration=        1850000       process=              7       (i,j,k)=              1              1              1       (x,y,z)=   1.500000e-02   1.500000e-02   1.575983e-02     particles=             48
fabric=[ ...   
   3.295687e-01  -1.015338e-02  -9.363665e-03;
  -1.015338e-02   3.120910e-01  -6.333301e-03;
  -9.363665e-03  -6.333301e-03   3.583403e-01]
sigma=[ ...    
  -7.718161e+01   4.740585e-01   1.207402e+01;
   4.740688e-01  -7.533090e+01   4.109578e+00;
   1.207401e+01   4.109587e+00  -1.001782e+02]
sigmaDot=[ ... 
   2.621475e+00   1.769698e+00  -1.404852e+00;
   1.900746e+00   2.035384e+00   3.808258e+00;
  -3.358664e-01   3.384047e+00   4.255746e+00]
intgraE=[ ...  
   1.740593e-02   7.398290e-02  -9.779643e-02;
   7.398290e-02   1.064828e-02  -3.851894e-02;
  -9.779643e-02  -3.851894e-02  -4.664300e-01]
E=[ ...        
   6.940563e+05  -5.277906e+05   1.521941e+01;
  -5.277906e+05   4.208986e+05  -1.237949e+01;
   1.521941e+01  -1.237949e+01  -4.996319e-01]
e=[ ...        
  -2.902842e+04  -1.319487e+04  -7.424862e+04;
  -1.319487e+04  -5.997121e+03  -3.374912e+04;
  -7.424862e+04  -3.374912e+04  -1.899086e+05]
intgraF=[ ...  
   1.008011e+00   2.683119e-02  -1.737981e-01;
   1.045809e-01   9.911030e-01  -3.574203e-02;
  -8.825154e-02  -1.956823e-01   1.888298e-01]
F=[ ...        
  -6.868624e+02   6.663999e+02  -2.046772e-02;
  -8.595599e+02   5.223412e+02  -1.319020e-02;
   4.212961e+02  -3.533681e+02   1.196912e-02]
R=[ ...        
  -9.087297e-02   9.288243e-01   3.592039e-01;
  -9.737723e-01  -1.584258e-01   1.633060e-01;
   2.085898e-01  -3.349427e-01   9.188600e-01]
U=[ ...        
   9.873109e+02  -6.429081e+02   1.720085e-02;
  -6.429081e+02   6.545742e+02  -2.093021e-02;
   1.720085e-02  -2.093021e-02   1.491819e-03]
l=[ ...        
  -4.102322e-08   1.913350e-07  -1.940045e-08;
  -1.160543e-07  -1.349304e-08   1.918574e-07;
   8.316689e-08  -8.502280e-08   2.048174e-07]
d=[ ...        
  -4.102322e-08   3.764032e-08   3.188322e-08;
   3.764032e-08  -1.349304e-08   5.341730e-08;
   3.188322e-08   5.341730e-08   2.048174e-07]
