     iteration=         100000       process=              0       (i,j,k)=              0              0              0       (x,y,z)=   5.000000e-03   5.000000e-03   1.423997e-01     particles=            155
fabric=[ ...   
   3.107042e-01  -9.457566e-03   2.451980e-02;
  -9.457566e-03   2.097269e-01  -8.607041e-03;
   2.451980e-02  -8.607041e-03   4.795689e-01]
sigma=[ ...    
   1.177953e+01  -4.440729e+00   1.351395e+00;
  -3.812495e+01   6.386016e+00  -8.522149e+00;
  -2.036679e+00  -2.097490e+01   1.529911e+01]
sigmaDot=[ ... 
   8.519170e+05  -3.204765e+05   3.940336e+06;
  -5.706403e+07  -5.720110e+06  -1.146543e+07;
  -2.812730e+06  -3.369075e+07   2.521834e+06]
intgraE=[ ...  
   6.154531e+00  -3.956127e+00  -4.251372e-01;
  -3.956127e+00   3.298971e+00  -1.497496e-01;
  -4.251372e-01  -1.497496e-01  -3.122845e-01]
E=[ ...        
   1.087463e+06   8.137929e+04  -6.918282e+02;
   8.137929e+04   6.831735e+03  -5.186793e+01;
  -6.918282e+02  -5.186793e+01  -5.972311e-02]
e=[ ...        
  -1.802290e+03   3.421958e+02  -3.570383e+01;
   3.421958e+02  -6.445409e+01   6.777107e+00;
  -3.570383e+01   6.777107e+00  -2.071059e-01]
intgraF=[ ...  
   2.647540e+00  -1.410753e+00  -2.137688e-03;
  -2.093468e+00   2.317445e+00  -1.779733e-03;
  -1.384553e+00  -4.869947e-01   6.127180e-01]
F=[ ...        
   2.879084e+01  -5.029160e+00  -1.322168e-03;
  -2.164802e+00  -3.801670e+01   3.204708e-03;
  -1.474481e+03  -1.104260e+02   9.383719e-01]
R=[ ...        
   3.364704e-02  -1.844020e-01   9.822748e-01;
   6.987917e-02  -9.799919e-01  -1.863671e-01;
  -9.969879e-01  -7.491125e-02   2.008797e-02]
U=[ ...        
   1.470857e+03   1.072676e+02  -9.353659e-01;
   1.072676e+02   4.645559e+01  -7.319139e-02;
  -9.353659e-01  -7.319139e-02   1.695400e-02]
l=[ ...        
  -4.983500e+00  -1.012918e+01   8.633693e-02;
  -1.643894e+01   2.005019e+01   7.258995e-03;
   7.974655e+00   9.926274e+00  -9.112142e+00]
d=[ ...        
  -4.983500e+00  -1.328406e+01   4.030496e+00;
  -1.328406e+01   2.005019e+01   4.966766e+00;
   4.030496e+00   4.966766e+00  -9.112142e+00]
     iteration=         100000       process=              1       (i,j,k)=              0              0              1       (x,y,z)=   5.000000e-03   5.000000e-03   4.271990e-01     particles=            100
fabric=[ ...   
   0.000000e+00   0.000000e+00   0.000000e+00;
   0.000000e+00   0.000000e+00   0.000000e+00;
   0.000000e+00   0.000000e+00   0.000000e+00]
sigma=[ ...    
   0.000000e+00   0.000000e+00   0.000000e+00;
   0.000000e+00   0.000000e+00   0.000000e+00;
   0.000000e+00   0.000000e+00   0.000000e+00]
sigmaDot=[ ... 
   0.000000e+00   0.000000e+00   0.000000e+00;
   0.000000e+00   0.000000e+00   0.000000e+00;
   0.000000e+00   0.000000e+00   0.000000e+00]
intgraE=[ ...  
   1.326997e-02  -2.758161e-03  -1.082737e-01;
  -2.758161e-03   5.732829e-04   2.250465e-02;
  -1.082737e-01   2.250465e-02   3.834370e-01]
E=[ ...        
   2.220830e-02  -4.826080e-03  -1.514805e-01;
  -4.826080e-03   1.048754e-03   3.291820e-02;
  -1.514805e-01   3.291820e-02   5.332331e-01]
e=[ ...        
  -1.074699e-02   2.335426e-03  -5.099344e-02;
   2.335426e-03  -5.075110e-04   1.108137e-02;
  -5.099344e-02   1.108137e-02   2.580410e-01]
intgraF=[ ...  
   1.000000e+00   0.000000e+00   0.000000e+00;
   0.000000e+00   1.000000e+00   0.000000e+00;
  -1.629109e-01   3.386098e-02   1.329238e+00]
F=[ ...        
   1.000000e+00   8.344547e-18  -1.080303e-18;
  -5.073447e-19   1.000000e+00  -1.434447e-18;
  -2.107524e-01   4.579857e-02   1.437521e+00]
R=[ ...        
   9.962840e-01   8.075268e-04   8.612533e-02;
   8.075268e-04   9.998245e-01  -1.871588e-02;
  -8.612533e-02   1.871588e-02   9.961085e-01]
U=[ ...        
   1.014435e+00  -3.136890e-03  -1.238070e-01;
  -3.136890e-03   1.000682e+00   2.690446e-02;
  -1.238070e-01   2.690446e-02   1.431927e+00]
l=[ ...        
   0.000000e+00   0.000000e+00   0.000000e+00;
   0.000000e+00   0.000000e+00   0.000000e+00;
  -2.928145e+00   6.175693e-01   5.838488e+00]
d=[ ...        
   0.000000e+00   0.000000e+00  -1.464072e+00;
   0.000000e+00   0.000000e+00   3.087847e-01;
  -1.464072e+00   3.087847e-01   5.838488e+00]
     iteration=         100000       process=              2       (i,j,k)=              0              1              0       (x,y,z)=   5.000000e-03   1.500000e-02   1.423997e-01     particles=             58
fabric=[ ...   
   2.998647e-01   1.155676e-01  -5.288659e-02;
   1.155676e-01   2.761131e-01  -5.168532e-03;
  -5.288659e-02  -5.168532e-03   4.240222e-01]
sigma=[ ...    
  -2.300240e-02  -7.529500e-01   4.561193e-01;
  -4.053155e-01   3.003796e+00  -2.676325e-01;
   5.933476e-01  -1.583033e-01   2.344161e+00]
sigmaDot=[ ... 
  -4.539360e+03   8.589746e+03   6.977885e+03;
   8.079940e+04   1.722993e+04   2.332100e+03;
   5.698748e+04  -4.896577e+04  -8.734752e+02]
intgraE=[ ...  
   4.428839e+00  -6.183495e+00  -2.479067e-01;
  -6.183495e+00   7.559275e+00   4.770147e-01;
  -2.479067e-01   4.770147e-01  -3.015912e-01]
E=[ ...        
   3.277560e+04   8.288160e+03  -3.918834e+01;
   8.288160e+03   1.061915e+05  -1.367597e+02;
  -3.918834e+01  -1.367597e+02  -2.977899e-01]
e=[ ...        
  -4.402065e+01   1.110472e+02  -2.532918e+00;
   1.110472e+02  -2.764833e+02   6.317823e+00;
  -2.532918e+00   6.317823e+00   3.558916e-01]
intgraF=[ ...  
   2.963663e+00  -3.767431e+00  -3.528955e-02;
   8.393951e-01  -4.915419e-01  -1.049829e-02;
  -6.081102e-01   1.297461e+00   6.288577e-01]
F=[ ...        
   2.126153e+02  -1.354567e+02  -8.959941e-03;
   8.258816e+01  -6.424686e+01  -3.159328e-02;
  -1.163019e+02  -4.357840e+02   6.350920e-01]
R=[ ...        
   8.648850e-01  -3.373790e-01   3.716845e-01;
   3.373110e-01  -1.577424e-01  -9.280833e-01;
  -3.717462e-01  -9.280586e-01   2.262742e-02]
U=[ ...        
   2.549805e+02   2.317541e+01  -2.544991e-01;
   2.317541e+01   4.602678e+02  -5.813961e-01;
  -2.544991e-01  -5.813961e-01   4.036142e-02]
l=[ ...        
   3.167533e+01   7.234286e-02   9.740342e-01;
   1.401645e+01  -1.832717e+01   3.651901e-02;
  -5.517143e+00   3.579030e+00  -8.514734e+00]
d=[ ...        
   3.167533e+01   7.044397e+00  -2.271555e+00;
   7.044397e+00  -1.832717e+01   1.807775e+00;
  -2.271555e+00   1.807775e+00  -8.514734e+00]
     iteration=         100000       process=              3       (i,j,k)=              0              1              1       (x,y,z)=   5.000000e-03   1.500000e-02   4.271990e-01     particles=             20
fabric=[ ...   
   0.000000e+00   0.000000e+00   0.000000e+00;
   0.000000e+00   0.000000e+00   0.000000e+00;
   0.000000e+00   0.000000e+00   0.000000e+00]
sigma=[ ...    
   0.000000e+00   0.000000e+00   0.000000e+00;
   0.000000e+00   0.000000e+00   0.000000e+00;
   0.000000e+00   0.000000e+00   0.000000e+00]
sigmaDot=[ ... 
   0.000000e+00   0.000000e+00   0.000000e+00;
   0.000000e+00   0.000000e+00   0.000000e+00;
   0.000000e+00   0.000000e+00   0.000000e+00]
intgraE=[ ...  
   0.000000e+00   0.000000e+00   0.000000e+00;
   0.000000e+00   0.000000e+00   0.000000e+00;
   0.000000e+00   0.000000e+00   0.000000e+00]
E=[ ...        
  -5.000000e-01   0.000000e+00   0.000000e+00;
   0.000000e+00  -5.000000e-01   0.000000e+00;
   0.000000e+00   0.000000e+00  -5.000000e-01]
e=[ ...        
   0.000000e+00   0.000000e+00   0.000000e+00;
   0.000000e+00   0.000000e+00   0.000000e+00;
   0.000000e+00   0.000000e+00   0.000000e+00]
intgraF=[ ...  
   1.000000e+00   0.000000e+00   0.000000e+00;
   0.000000e+00   1.000000e+00   0.000000e+00;
   0.000000e+00   0.000000e+00   1.000000e+00]
F=[ ...        
   0.000000e+00   0.000000e+00   0.000000e+00;
   0.000000e+00   0.000000e+00   0.000000e+00;
   0.000000e+00   0.000000e+00   0.000000e+00]
R=[ ...        
   0.000000e+00   0.000000e+00   0.000000e+00;
   0.000000e+00   0.000000e+00   0.000000e+00;
   0.000000e+00   0.000000e+00   0.000000e+00]
U=[ ...        
   0.000000e+00   0.000000e+00   0.000000e+00;
   0.000000e+00   0.000000e+00   0.000000e+00;
   0.000000e+00   0.000000e+00   0.000000e+00]
l=[ ...        
   0.000000e+00   0.000000e+00   0.000000e+00;
   0.000000e+00   0.000000e+00   0.000000e+00;
   0.000000e+00   0.000000e+00   0.000000e+00]
d=[ ...        
   0.000000e+00   0.000000e+00   0.000000e+00;
   0.000000e+00   0.000000e+00   0.000000e+00;
   0.000000e+00   0.000000e+00   0.000000e+00]
     iteration=         100000       process=              4       (i,j,k)=              1              0              0       (x,y,z)=   1.500000e-02   5.000000e-03   1.423997e-01     particles=             48
fabric=[ ...   
   3.366710e-01   1.891733e-02   4.692536e-02;
   1.891733e-02   1.793088e-01   4.764553e-02;
   4.692536e-02   4.764553e-02   4.840202e-01]
sigma=[ ...    
  -3.900928e+01   1.737345e+00  -4.289885e+00;
   1.252096e+01  -1.114639e+01  -2.547498e+00;
  -2.536671e+00  -1.222589e+01  -1.122883e+01]
sigmaDot=[ ... 
   1.259729e+07   7.737029e+04   8.651707e+04;
  -4.866697e+06   1.358320e+06  -9.380135e+05;
  -8.899486e+05   2.715806e+06   8.978120e+05]
intgraE=[ ...  
   2.574260e+00  -1.089055e+00  -9.467217e-02;
  -1.089055e+00   1.442796e+00   1.473065e-01;
  -9.467217e-02   1.473065e-01  -3.071861e-01]
E=[ ...        
   1.978295e+07   9.601310e+06   1.563824e+03;
   9.601310e+06   4.661483e+06   7.599531e+02;
   1.563824e+03   7.599531e+02  -3.743975e-01]
e=[ ...        
  -1.768445e+02   6.065821e+00   7.880001e+00;
   6.065821e+00   2.923406e-01  -2.695332e-01;
   7.880001e+00  -2.695332e-01   1.498651e-01]
intgraF=[ ...  
   2.319275e+00  -1.378769e+00  -1.597769e-02;
   8.376477e-01   1.346266e+00   1.117937e-02;
  -2.604422e-01   4.149187e-01   6.206832e-01]
F=[ ...        
   2.680346e+02   1.321753e+02  -3.050842e-02;
  -3.171491e+02  -9.648950e+01   1.068803e-02;
   6.276422e+03   3.048965e+03   5.001599e-01]
R=[ ...        
   2.245578e-02   5.178321e-02  -9.984058e-01;
  -4.780411e-01   8.776491e-01   3.476812e-02;
   8.780504e-01   4.764983e-01   4.446280e-02]
U=[ ...        
   5.668644e+03   2.726239e+03   4.333712e-01;
   2.726239e+03   1.374987e+03   2.461259e-01;
   4.333712e-01   2.461259e-01   5.306990e-02]
l=[ ...        
   2.975147e+01  -1.386260e+01  -3.756522e-01;
   2.600353e+01  -8.063390e+00   7.209711e-01;
  -1.349929e+01   9.973993e+00  -8.584165e+00]
d=[ ...        
   2.975147e+01   6.070464e+00  -6.937473e+00;
   6.070464e+00  -8.063390e+00   5.347482e+00;
  -6.937473e+00   5.347482e+00  -8.584165e+00]
     iteration=         100000       process=              5       (i,j,k)=              1              0              1       (x,y,z)=   1.500000e-02   5.000000e-03   4.271990e-01     particles=             20
fabric=[ ...   
   0.000000e+00   0.000000e+00   0.000000e+00;
   0.000000e+00   0.000000e+00   0.000000e+00;
   0.000000e+00   0.000000e+00   0.000000e+00]
sigma=[ ...    
   0.000000e+00   0.000000e+00   0.000000e+00;
   0.000000e+00   0.000000e+00   0.000000e+00;
   0.000000e+00   0.000000e+00   0.000000e+00]
sigmaDot=[ ... 
   0.000000e+00   0.000000e+00   0.000000e+00;
   0.000000e+00   0.000000e+00   0.000000e+00;
   0.000000e+00   0.000000e+00   0.000000e+00]
intgraE=[ ...  
   0.000000e+00   0.000000e+00   0.000000e+00;
   0.000000e+00   0.000000e+00   0.000000e+00;
   0.000000e+00   0.000000e+00   0.000000e+00]
E=[ ...        
  -5.000000e-01   0.000000e+00   0.000000e+00;
   0.000000e+00  -5.000000e-01   0.000000e+00;
   0.000000e+00   0.000000e+00  -5.000000e-01]
e=[ ...        
   0.000000e+00   0.000000e+00   0.000000e+00;
   0.000000e+00   0.000000e+00   0.000000e+00;
   0.000000e+00   0.000000e+00   0.000000e+00]
intgraF=[ ...  
   1.000000e+00   0.000000e+00   0.000000e+00;
   0.000000e+00   1.000000e+00   0.000000e+00;
   0.000000e+00   0.000000e+00   1.000000e+00]
F=[ ...        
   0.000000e+00   0.000000e+00   0.000000e+00;
   0.000000e+00   0.000000e+00   0.000000e+00;
   0.000000e+00   0.000000e+00   0.000000e+00]
R=[ ...        
   0.000000e+00   0.000000e+00   0.000000e+00;
   0.000000e+00   0.000000e+00   0.000000e+00;
   0.000000e+00   0.000000e+00   0.000000e+00]
U=[ ...        
   0.000000e+00   0.000000e+00   0.000000e+00;
   0.000000e+00   0.000000e+00   0.000000e+00;
   0.000000e+00   0.000000e+00   0.000000e+00]
l=[ ...        
   0.000000e+00   0.000000e+00   0.000000e+00;
   0.000000e+00   0.000000e+00   0.000000e+00;
   0.000000e+00   0.000000e+00   0.000000e+00]
d=[ ...        
   0.000000e+00   0.000000e+00   0.000000e+00;
   0.000000e+00   0.000000e+00   0.000000e+00;
   0.000000e+00   0.000000e+00   0.000000e+00]
     iteration=         100000       process=              6       (i,j,k)=              1              1              0       (x,y,z)=   1.500000e-02   1.500000e-02   1.423997e-01     particles=             55
fabric=[ ...   
   3.487496e-01   2.775459e-02   4.243202e-02;
   2.775459e-02   3.147026e-01   3.296600e-02;
   4.243202e-02   3.296600e-02   3.365478e-01]
sigma=[ ...    
   6.851358e-01  -1.376204e+00  -2.784837e+00;
  -1.959691e+00   7.884653e+00  -1.858416e+00;
  -5.341246e+00  -2.240096e+00   2.415459e+00]
sigmaDot=[ ... 
   1.227242e+05   4.749874e+04  -1.158050e+04;
   9.740545e+04   6.038559e+04   4.780164e+04;
   1.513860e+04   7.468704e+04   4.336318e+04]
intgraE=[ ...  
   1.041047e+00  -1.345394e+00  -1.101639e-02;
  -1.345394e+00   1.603025e+00   4.577523e-01;
  -1.101639e-02   4.577523e-01  -2.730039e-01]
E=[ ...        
   2.825606e+07  -3.605232e+07   2.498534e+03;
  -3.605232e+07   4.601858e+07  -3.194361e+03;
   2.498534e+03  -3.194361e+03  -2.764944e-01]
e=[ ...        
  -6.102906e+02   1.829516e+02   1.073731e+01;
   1.829516e+02  -5.429997e+01  -3.216172e+00;
   1.073731e+01  -3.216172e+00   3.112448e-01]
intgraF=[ ...  
   1.396430e+00  -1.555769e+00  -9.182751e-02;
  -1.059064e+00   6.044464e-01  -3.590960e-02;
   1.022711e-01   1.191755e+00   6.665362e-01]
F=[ ...        
   2.280621e+02  -2.354275e+02  -2.502963e-02;
   3.208041e+02  -2.232631e+02  -2.722118e-02;
   7.507143e+03  -9.588112e+03   6.675655e-01]
R=[ ...        
   2.414001e-01   1.551035e-01  -9.579504e-01;
   7.726742e-01   5.665063e-01   2.864352e-01;
   5.871121e-01  -8.093290e-01   1.691021e-02]
U=[ ...        
   4.710465e+03  -5.858638e+03   3.648605e-01;
  -5.858638e+03   7.596942e+03  -5.595833e-01;
   3.648605e-01  -5.595833e-01   2.746871e-02]
l=[ ...        
  -4.351327e-02  -4.213864e+00  -6.244496e-01;
  -1.575796e+01  -1.882507e+00  -5.240291e-01;
  -9.214977e+00  -6.943178e+00  -8.598221e+00]
d=[ ...        
  -4.351327e-02  -9.985914e+00  -4.919713e+00;
  -9.985914e+00  -1.882507e+00  -3.733604e+00;
  -4.919713e+00  -3.733604e+00  -8.598221e+00]
     iteration=         100000       process=              7       (i,j,k)=              1              1              1       (x,y,z)=   1.500000e-02   1.500000e-02   4.271990e-01     particles=             20
fabric=[ ...   
   0.000000e+00   0.000000e+00   0.000000e+00;
   0.000000e+00   0.000000e+00   0.000000e+00;
   0.000000e+00   0.000000e+00   0.000000e+00]
sigma=[ ...    
   0.000000e+00   0.000000e+00   0.000000e+00;
   0.000000e+00   0.000000e+00   0.000000e+00;
   0.000000e+00   0.000000e+00   0.000000e+00]
sigmaDot=[ ... 
   0.000000e+00   0.000000e+00   0.000000e+00;
   0.000000e+00   0.000000e+00   0.000000e+00;
   0.000000e+00   0.000000e+00   0.000000e+00]
intgraE=[ ...  
   0.000000e+00   0.000000e+00   0.000000e+00;
   0.000000e+00   0.000000e+00   0.000000e+00;
   0.000000e+00   0.000000e+00   0.000000e+00]
E=[ ...        
  -5.000000e-01   0.000000e+00   0.000000e+00;
   0.000000e+00  -5.000000e-01   0.000000e+00;
   0.000000e+00   0.000000e+00  -5.000000e-01]
e=[ ...        
   0.000000e+00   0.000000e+00   0.000000e+00;
   0.000000e+00   0.000000e+00   0.000000e+00;
   0.000000e+00   0.000000e+00   0.000000e+00]
intgraF=[ ...  
   1.000000e+00   0.000000e+00   0.000000e+00;
   0.000000e+00   1.000000e+00   0.000000e+00;
   0.000000e+00   0.000000e+00   1.000000e+00]
F=[ ...        
   0.000000e+00   0.000000e+00   0.000000e+00;
   0.000000e+00   0.000000e+00   0.000000e+00;
   0.000000e+00   0.000000e+00   0.000000e+00]
R=[ ...        
   0.000000e+00   0.000000e+00   0.000000e+00;
   0.000000e+00   0.000000e+00   0.000000e+00;
   0.000000e+00   0.000000e+00   0.000000e+00]
U=[ ...        
   0.000000e+00   0.000000e+00   0.000000e+00;
   0.000000e+00   0.000000e+00   0.000000e+00;
   0.000000e+00   0.000000e+00   0.000000e+00]
l=[ ...        
   0.000000e+00   0.000000e+00   0.000000e+00;
   0.000000e+00   0.000000e+00   0.000000e+00;
   0.000000e+00   0.000000e+00   0.000000e+00]
d=[ ...        
   0.000000e+00   0.000000e+00   0.000000e+00;
   0.000000e+00   0.000000e+00   0.000000e+00;
   0.000000e+00   0.000000e+00   0.000000e+00]
