     iteration=        2400000       process=              0       (i,j,k)=              0              0              0       (x,y,z)=   5.000000e-03   5.000000e-03   5.253276e-03     particles=             80
fabric=[ ...   
   3.406647e-01   6.655871e-03  -4.439879e-04;
   6.655871e-03   3.072887e-01   6.093581e-04;
  -4.439879e-04   6.093581e-04   3.520466e-01]
sigma=[ ...    
  -3.167963e+02  -2.419819e+01   2.396114e+01;
  -2.419822e+01  -2.444732e+02  -2.607151e+01;
   2.396098e+01  -2.607140e+01  -3.731777e+02]
sigmaDot=[ ... 
   5.171008e-01  -1.591286e+01   4.068206e+00;
  -1.239184e+01   5.996500e+00   7.736203e+00;
   4.055069e-01   7.575769e+00  -1.028360e+01]
intgraE=[ ...  
   4.535098e+01  -1.806802e+01  -6.088151e-02;
  -1.806802e+01   1.189084e+01   8.612529e-03;
  -6.088151e-02   8.612529e-03  -4.998743e-01]
E=[ ...        
   1.874265e+05  -5.085905e+04  -1.983580e+00;
  -5.085905e+04   8.860272e+05   1.445929e+00;
  -1.983580e+00   1.445929e+00  -4.997944e-01]
e=[ ...        
  -4.095997e+01  -4.393988e+00  -2.339027e+02;
  -4.393988e+00   3.431791e-02  -2.478935e+01;
  -2.339027e+02  -2.478935e+01  -1.319097e+03]
intgraF=[ ...  
   6.095195e+00  -3.972350e+00  -3.536592e-03;
  -5.113069e-01   2.634685e+00  -6.447913e-03;
  -7.368116e+00   1.435464e+00   1.404751e-02]
F=[ ...        
   5.034306e+02  -8.520738e+02  -2.728394e-03;
  -3.384422e+02  -1.008530e+03   2.791125e-03;
  -8.287680e+01   1.699785e+02   1.989663e-02]
R=[ ...        
   7.728540e-01  -6.101217e-01   1.744941e-01;
  -6.220917e-01  -7.827258e-01   1.849964e-02;
  -1.252940e-01   1.228488e-01   9.844844e-01]
U=[ ...        
   6.100044e+02  -5.242776e+01  -6.337914e-03;
  -5.242776e+01   1.330153e+03   1.924245e-03;
  -6.337914e-03   1.924245e-03   1.916347e-02]
l=[ ...        
  -7.674164e-03  -1.065269e-03   3.308267e-04;
  -6.862667e-03  -9.520864e-04   2.951161e-04;
  -1.022079e-04  -1.407216e-05   4.445769e-06]
d=[ ...        
  -7.674164e-03  -3.963968e-03   1.143094e-04;
  -3.963968e-03  -9.520864e-04   1.405220e-04;
   1.143094e-04   1.405220e-04   4.445769e-06]
     iteration=        2400000       process=              1       (i,j,k)=              0              0              1       (x,y,z)=   5.000000e-03   5.000000e-03   1.575983e-02     particles=             46
fabric=[ ...   
   3.564787e-01  -1.130125e-02   2.350287e-02;
  -1.130125e-02   3.196542e-01   3.392485e-04;
   2.350287e-02   3.392485e-04   3.238671e-01]
sigma=[ ...    
  -6.729532e+01   7.987295e+00   7.188634e-01;
   7.987251e+00  -7.669962e+01   1.516760e+00;
   7.188881e-01   1.516669e+00  -1.060237e+02]
sigmaDot=[ ... 
   1.742816e+01  -2.270014e+00  -8.556413e+00;
   3.998137e+00   6.063927e+00   1.204058e+01;
  -1.012631e+01   9.561423e+00   1.313767e+01]
intgraE=[ ...  
   9.541111e-02  -6.456878e-02  -6.784939e-01;
  -6.456878e-02   1.150404e-02   3.409815e-01;
  -6.784939e-01   3.409815e-01   3.604720e+00]
E=[ ...        
   6.649840e+05  -8.275410e+05   3.175638e+00;
  -8.275410e+05   1.803571e+06  -2.435673e+01;
   3.175638e+00  -2.435673e+01  -4.994458e-01]
e=[ ...        
  -1.548338e+05  -7.116022e+04   1.213529e+05;
  -7.116022e+04  -3.270398e+04   5.577248e+04;
   1.213529e+05   5.577248e+04  -9.511092e+04]
intgraF=[ ...  
   9.981293e-01   3.866741e-04  -9.610487e-02;
  -3.448875e-02   9.878713e-01   6.129177e-02;
  -4.397393e-01   2.170674e-01   2.862944e+00]
F=[ ...        
   4.045325e+02  -1.217120e+03   1.976895e-02;
  -1.073970e+03   1.174091e+03  -1.298042e-03;
  -1.136228e+02  -8.644495e+02   2.675489e-02]
R=[ ...        
   6.245676e-03  -6.724523e-01  -7.401141e-01;
  -8.660895e-01   3.663227e-01  -3.401420e-01;
  -4.998499e-01  -6.431295e-01   5.801160e-01]
U=[ ...        
   9.894754e+02  -5.923744e+02  -1.212574e-02;
  -5.923744e+02   1.804504e+03  -3.097603e-02;
  -1.212574e-02  -3.097603e-02   1.331182e-03]
l=[ ...        
   8.782531e-07  -5.672930e-07  -2.778931e-07;
  -2.606462e-07   1.711515e-07   3.971890e-07;
   3.326148e-07   1.641876e-07   2.157776e-07]
d=[ ...        
   8.782531e-07  -4.139696e-07   2.736087e-08;
  -4.139696e-07   1.711515e-07   2.806883e-07;
   2.736087e-08   2.806883e-07   2.157776e-07]
     iteration=        2400000       process=              2       (i,j,k)=              0              1              0       (x,y,z)=   5.000000e-03   1.500000e-02   5.253276e-03     particles=             81
fabric=[ ...   
   3.310520e-01  -4.770583e-04   1.508389e-03;
  -4.770583e-04   3.223558e-01   1.544600e-02;
   1.508389e-03   1.544600e-02   3.465923e-01]
sigma=[ ...    
  -2.982604e+02  -7.151141e+00   2.963130e+01;
  -7.151152e+00  -2.536321e+02  -3.484918e+01;
   2.963129e+01  -3.484927e+01  -2.910349e+02]
sigmaDot=[ ... 
   6.427699e-01  -1.297734e+00  -7.819523e-01;
  -1.614641e+00  -3.987734e+00   2.711244e-01;
   6.220008e-01   8.143068e-02  -7.863943e-01]
intgraE=[ ...  
   1.494305e+01  -1.573128e+01  -2.006789e-01;
  -1.573128e+01   1.588598e+01   2.068394e-01;
  -2.006789e-01   2.068394e-01  -4.973759e-01]
E=[ ...        
   3.378944e+05   1.169110e+05   6.555847e+02;
   1.169110e+05   1.936087e+05   3.663031e+01;
   6.555847e+02   3.663031e+01   1.010070e+00]
e=[ ...        
  -6.544770e+01   6.407596e+01   1.486933e+01;
   6.407596e+01  -6.175735e+01  -1.444730e+01;
   1.486933e+01  -1.444730e+01  -2.852611e+00]
intgraF=[ ...  
   4.292932e+00  -4.911055e+00  -5.941638e-02;
   1.161507e+00  -9.043764e-01  -1.382516e-02;
   3.332827e+00  -2.799216e+00  -3.907469e-02]
F=[ ...        
  -4.836533e+02   4.884041e+01  -1.250504e+00;
  -3.695620e+02   1.874917e+02  -1.066247e+00;
  -5.525334e+02  -5.913374e+02  -5.652412e-01]
R=[ ...        
  -6.535677e-01   2.624951e-01  -7.098912e-01;
  -5.572504e-01   4.678128e-01   6.860198e-01;
  -5.121730e-01  -8.439476e-01   1.594718e-01]
U=[ ...        
   8.050315e+02   1.664667e+02   1.700957e+00;
   1.664667e+02   5.995892e+02  -3.500214e-01;
   1.700957e+00  -3.500214e-01   6.611488e-02]
l=[ ...        
  -2.835596e-03   6.958057e-04   7.927764e-03;
   1.142280e-02  -4.660778e-04  -7.753583e-04;
   6.203483e-05   2.013798e-06   5.605693e-05]
d=[ ...        
  -2.835596e-03   6.059302e-03   3.994900e-03;
   6.059302e-03  -4.660778e-04  -3.866723e-04;
   3.994900e-03  -3.866723e-04   5.605693e-05]
     iteration=        2400000       process=              3       (i,j,k)=              0              1              1       (x,y,z)=   5.000000e-03   1.500000e-02   1.575983e-02     particles=             39
fabric=[ ...   
   3.401219e-01   1.701704e-02   1.981931e-02;
   1.701704e-02   3.265836e-01   1.329382e-03;
   1.981931e-02   1.329382e-03   3.332945e-01]
sigma=[ ...    
  -1.011096e+02  -1.036020e+01  -9.155365e+00;
  -1.036176e+01  -8.791911e+01  -1.330158e+00;
  -9.152480e+00  -1.330526e+00  -1.335837e+02]
sigmaDot=[ ... 
  -3.438900e+00   4.596516e+00   4.436756e+00;
   5.232512e+00  -4.900616e+00  -8.103587e-01;
   4.297233e+00  -1.194521e+00   3.448975e-01]
intgraE=[ ...  
  -4.111339e-02   7.395219e-02  -3.250967e-02;
   7.395219e-02   7.158015e-02  -4.380867e-02;
  -3.250967e-02  -4.380867e-02  -1.447513e-01]
E=[ ...        
   5.584216e+05  -5.773855e+05   7.786036e+00;
  -5.773855e+05   9.101557e+05  -4.774102e-01;
   7.786036e+00  -4.774102e-01  -4.995274e-01]
e=[ ...        
   3.493569e-01   6.774629e+00   1.273974e+01;
   6.774629e+00  -3.041683e+02  -5.729310e+02;
   1.273974e+01  -5.729310e+02  -1.076901e+03]
intgraF=[ ...  
   9.471465e-01  -1.347445e-04  -9.096779e-02;
   1.362075e-01   1.067701e+00  -1.257955e-01;
   4.619818e-02   5.634629e-02   8.284913e-01]
F=[ ...        
  -5.269974e+02  -1.410435e+02  -2.413401e-02;
  -8.113578e+02   1.184014e+03   5.962103e-03;
   4.252254e+02  -6.312926e+02   1.808667e-02]
R=[ ...        
  -8.703598e-01  -4.923046e-01  -1.048539e-02;
  -4.389765e-01   7.660800e-01   4.694901e-01;
   2.230995e-01  -4.132282e-01   8.828755e-01]
U=[ ...        
   9.097119e+02  -5.378368e+02   2.242318e-02;
  -5.378368e+02   1.237354e+03   8.974815e-03;
   2.242318e-02   8.974815e-03   1.902048e-02]
l=[ ...        
  -1.449272e-08   7.324523e-08   1.437231e-07;
   3.968983e-08  -1.044321e-07   6.441178e-09;
  -8.637491e-09  -7.931539e-08   6.093305e-08]
d=[ ...        
  -1.449272e-08   5.646753e-08   6.754280e-08;
   5.646753e-08  -1.044321e-07  -3.643711e-08;
   6.754280e-08  -3.643711e-08   6.093305e-08]
     iteration=        2400000       process=              4       (i,j,k)=              1              0              0       (x,y,z)=   1.500000e-02   5.000000e-03   5.253276e-03     particles=             77
fabric=[ ...   
   3.321794e-01   4.594071e-03  -1.141868e-02;
   4.594071e-03   3.199343e-01   2.028490e-02;
  -1.141868e-02   2.028490e-02   3.478863e-01]
sigma=[ ...    
  -2.893619e+02   1.823885e+01  -3.873549e+00;
   1.824041e+01  -2.590745e+02  -4.829143e+01;
  -3.867191e+00  -4.828084e+01  -3.699746e+02]
sigmaDot=[ ... 
  -6.934473e+01   1.255416e+02   6.128215e+01;
   1.420555e+02  -1.106059e+01   7.766198e+01;
  -5.444029e+01  -1.562462e+02  -4.629428e+01]
intgraE=[ ...  
   1.997190e+01  -1.506949e+00   1.549228e-02;
  -1.506949e+00   2.807005e+00   2.983767e-02;
   1.549228e-02   2.983767e-02  -4.996866e-01]
E=[ ...        
   1.458559e+06  -7.915389e+05   8.648078e+00;
  -7.915389e+05   4.651201e+05  -4.766083e+00;
   8.648078e+00  -4.766083e+00  -4.996759e-01]
e=[ ...        
  -7.131039e+02   2.837063e+02   2.542153e+02;
   2.837063e+02  -1.122926e+02  -1.010679e+02;
   2.542153e+02  -1.010679e+02  -9.006200e+01]
intgraF=[ ...  
   4.235451e+00   9.829306e-01   1.482426e-02;
   8.721541e-01   1.543404e+00   1.753233e-02;
   4.716365e+00  -1.807142e+00  -9.985182e-03]
F=[ ...        
  -7.247332e+00  -1.216572e+02  -2.038538e-02;
  -1.149850e+03   4.503957e+02   1.728034e-03;
   1.262898e+03  -8.441472e+02   1.515197e-02]
R=[ ...        
  -2.039290e-01  -4.244803e-01  -8.821731e-01;
  -8.860345e-01  -3.032129e-01   3.507203e-01;
   4.163601e-01  -8.531579e-01   3.142703e-01]
U=[ ...        
   1.546105e+03  -7.257259e+02   8.934749e-03;
  -7.257259e+02   6.352662e+02  -4.797794e-03;
   8.934749e-03  -4.797794e-03   2.335130e-02]
l=[ ...        
  -9.689515e-07   5.002927e-04   3.657736e-04;
   1.663571e-06   7.834157e-05   5.564409e-05;
  -4.577051e-08   2.909547e-05  -6.429276e-06]
d=[ ...        
  -9.689515e-07   2.509781e-04   1.828639e-04;
   2.509781e-04   7.834157e-05   4.236978e-05;
   1.828639e-04   4.236978e-05  -6.429276e-06]
     iteration=        2400000       process=              5       (i,j,k)=              1              0              1       (x,y,z)=   1.500000e-02   5.000000e-03   1.575983e-02     particles=             35
fabric=[ ...   
   3.330019e-01   1.096332e-02   3.956543e-03;
   1.096332e-02   3.613500e-01   2.199392e-03;
   3.956543e-03   2.199392e-03   3.056481e-01]
sigma=[ ...    
  -1.122384e+02  -1.758788e+00   1.018418e+00;
  -1.759038e+00  -1.197025e+02   1.537307e+01;
   1.018210e+00   1.537294e+01  -1.337215e+02]
sigmaDot=[ ... 
   4.860556e+00  -2.175847e+00   2.316145e+01;
   1.085211e+01  -3.649583e+01  -1.852668e+01;
   9.524948e+00   1.791545e+00   4.213321e+01]
intgraE=[ ...  
  -9.614587e-03   1.044746e-02  -6.499429e-02;
   1.044746e-02   4.347375e-02   1.493198e-01;
  -6.499429e-02   1.493198e-01  -4.027498e-01]
E=[ ...        
   1.446285e+06  -4.948988e+05  -6.632021e+03;
  -4.948988e+05   9.678349e+05   9.123866e+03;
  -6.632021e+03   9.123866e+03   1.197083e+02]
e=[ ...        
   4.994273e-01  -2.034181e-03   3.976825e-04;
  -2.034181e-03   4.927722e-01   1.413318e-03;
   3.976825e-04   1.413318e-03   4.997233e-01]
intgraF=[ ...  
   9.892159e-01   2.952749e-02  -1.144072e-01;
   2.639703e-03   1.015634e+00   2.124688e-01;
  -4.707095e-02   2.335858e-01   3.691455e-01]
F=[ ...        
  -1.124083e+03   1.271325e+03   1.067151e+01;
   5.422837e+02  -2.595663e+02  -1.056540e+01;
   1.155394e+03   5.020247e+02   3.861076e+00]
R=[ ...        
  -5.138166e-01   8.180652e-01  -2.583831e-01;
   3.000325e-01  -1.108089e-01  -9.474713e-01;
   8.037244e-01   5.643498e-01   1.885107e-01]
U=[ ...        
   1.668894e+03  -3.276168e+02  -5.549919e+00;
  -3.276168e+02   1.352107e+03   1.207973e+01;
  -5.549919e+00   1.207973e+01   7.980928e+00]
l=[ ...        
  -2.533654e-07   4.294741e-07   4.823216e-07;
   7.249389e-08   2.437063e-07   8.542719e-07;
  -7.428880e-07   1.015865e-06   4.889908e-07]
d=[ ...        
  -2.533654e-07   2.509840e-07  -1.302832e-07;
   2.509840e-07   2.437063e-07   9.350686e-07;
  -1.302832e-07   9.350686e-07   4.889908e-07]
     iteration=        2400000       process=              6       (i,j,k)=              1              1              0       (x,y,z)=   1.500000e-02   1.500000e-02   5.253276e-03     particles=             70
fabric=[ ...   
   3.126524e-01  -2.317634e-03   1.083772e-02;
  -2.317634e-03   3.300049e-01   2.147886e-02;
   1.083772e-02   2.147886e-02   3.573427e-01]
sigma=[ ...    
  -3.139579e+02  -4.052258e+01   1.806796e+01;
  -4.052457e+01  -3.486188e+02   2.114709e+01;
   1.806744e+01   2.114337e+01  -3.551891e+02]
sigmaDot=[ ... 
   2.379039e+01   2.692650e+00   2.794831e+00;
   5.369827e+00   1.883344e+01  -3.479166e+00;
   1.443275e+00  -1.668921e+00   2.640160e+01]
intgraE=[ ...  
   3.525822e-01  -8.461232e-01  -3.501297e-02;
  -8.461232e-01   3.494890e-01   3.668610e-02;
  -3.501297e-02   3.668610e-02  -4.981775e-01]
E=[ ...        
   1.250641e+06  -1.016183e+06   5.081744e-01;
  -1.016183e+06   8.555668e+05   4.804734e-01;
   5.081744e-01   4.804734e-01  -4.999364e-01]
e=[ ...        
  -4.516179e+02  -1.089256e+03   1.299806e+03;
  -1.089256e+03  -2.623767e+03   3.131530e+03;
   1.299806e+03   3.131530e+03  -3.736345e+03]
intgraF=[ ...  
   4.845996e-01  -6.107704e-01  -4.564356e-02;
  -1.108826e+00   1.052740e+00   3.580320e-02;
  -4.907473e-01   4.665567e-01   1.672465e-02]
F=[ ...        
   5.900803e+02  -2.615398e+02   4.546776e-03;
  -1.219210e+03   1.025687e+03  -4.764497e-03;
  -8.164648e+02   7.685681e+02   9.155980e-03]
R=[ ...        
   8.180885e-01   5.141894e-01  -2.575665e-01;
  -5.479318e-01   5.608944e-01  -6.206192e-01;
  -1.746482e-01   6.488503e-01   7.406020e-01]
U=[ ...        
   1.293376e+03  -9.101985e+02   4.731209e-03;
  -9.101985e+02   9.395070e+02   5.606385e-03;
   4.731209e-03   5.606385e-03   8.566778e-03]
l=[ ...        
   3.752108e-02   1.069680e-02  -1.275587e-02;
   3.125618e-01   8.271351e-03  -2.195492e-01;
  -2.767405e-02  -5.798561e-04   7.768116e-03]
d=[ ...        
   3.752108e-02   1.616293e-01  -2.021496e-02;
   1.616293e-01   8.271351e-03  -1.100645e-01;
  -2.021496e-02  -1.100645e-01   7.768116e-03]
     iteration=        2400000       process=              7       (i,j,k)=              1              1              1       (x,y,z)=   1.500000e-02   1.500000e-02   1.575983e-02     particles=             48
fabric=[ ...   
   3.295687e-01  -1.015338e-02  -9.363665e-03;
  -1.015338e-02   3.120910e-01  -6.333301e-03;
  -9.363665e-03  -6.333301e-03   3.583403e-01]
sigma=[ ...    
  -7.721995e+01   4.687929e-01   1.207585e+01;
   4.688044e-01  -7.536674e+01   4.100834e+00;
   1.207589e+01   4.100843e+00  -1.001926e+02]
sigmaDot=[ ... 
   1.101439e+00   1.382882e+00   3.252255e-01;
   1.029962e+00   6.772612e+00   4.948008e+00;
   7.333265e-01   4.757199e+00   6.330261e+00]
intgraE=[ ...  
   1.740593e-02   7.398291e-02  -9.779643e-02;
   7.398291e-02   1.064828e-02  -3.851895e-02;
  -9.779643e-02  -3.851895e-02  -4.664300e-01]
E=[ ...        
   6.940563e+05  -5.277906e+05   1.521941e+01;
  -5.277906e+05   4.208986e+05  -1.237949e+01;
   1.521941e+01  -1.237949e+01  -4.996319e-01]
e=[ ...        
  -2.902313e+04  -1.319246e+04  -7.423508e+04;
  -1.319246e+04  -5.996029e+03  -3.374297e+04;
  -7.423508e+04  -3.374297e+04  -1.898740e+05]
intgraF=[ ...  
   1.008011e+00   2.683120e-02  -1.737981e-01;
   1.045809e-01   9.911030e-01  -3.574203e-02;
  -8.825154e-02  -1.956823e-01   1.888298e-01]
F=[ ...        
  -6.868624e+02   6.663999e+02  -2.046772e-02;
  -8.595599e+02   5.223412e+02  -1.319020e-02;
   4.212961e+02  -3.533681e+02   1.196912e-02]
R=[ ...        
  -9.087297e-02   9.288243e-01   3.592039e-01;
  -9.737723e-01  -1.584258e-01   1.633060e-01;
   2.085898e-01  -3.349427e-01   9.188600e-01]
U=[ ...        
   9.873109e+02  -6.429081e+02   1.720085e-02;
  -6.429081e+02   6.545742e+02  -2.093021e-02;
   1.720085e-02  -2.093021e-02   1.491818e-03]
l=[ ...        
   9.069921e-08   4.812282e-08   1.008167e-07;
  -1.879737e-07   1.791325e-07   4.124062e-07;
  -6.605399e-08  -7.582046e-08   1.534440e-07]
d=[ ...        
   9.069921e-08  -6.992543e-08   1.738134e-08;
  -6.992543e-08   1.791325e-07   1.682929e-07;
   1.738134e-08   1.682929e-07   1.534440e-07]
