     iteration=         550000       process=              0       (i,j,k)=              0              0              0       (x,y,z)=   5.000000e-03   5.000000e-03   3.521265e-02     particles=            127
fabric=[ ...   
   3.397163e-01   4.626933e-03  -1.585311e-02;
   4.626933e-03   3.023348e-01  -4.530937e-04;
  -1.585311e-02  -4.530937e-04   3.579488e-01]
sigma=[ ...    
  -1.873851e+02  -7.678066e+00  -3.005058e+01;
  -3.379193e+01  -1.074802e+02  -2.551849e+01;
  -2.362218e+01  -2.607351e+01  -2.077002e+02]
sigmaDot=[ ... 
  -5.729964e+06   1.482068e+07  -8.974353e+07;
  -4.796625e+07  -2.704642e+06  -3.146587e+06;
  -2.637925e+06   4.788838e+07   4.861158e+06]
intgraE=[ ...  
   4.619115e+01  -1.672954e+01  -6.682379e-02;
  -1.672954e+01   1.116184e+01   7.425157e-03;
  -6.682379e-02   7.425157e-03  -4.998562e-01]
E=[ ...        
   7.825945e+05   6.820537e+05   4.352198e+02;
   6.820537e+05   1.235507e+06   1.475353e+02;
   4.352198e+02   1.475353e+02  -1.560292e-01]
e=[ ...        
  -7.850606e+00   6.602525e+00   1.322605e+00;
   6.602525e+00  -4.720381e+00  -1.045737e+00;
   1.322605e+00  -1.045737e+00   2.905197e-01]
intgraF=[ ...  
   4.676218e+00  -3.571631e+00  -1.203539e-03;
  -4.465570e-01   2.677971e+00  -6.736140e-03;
  -8.444872e+00   1.842714e+00   1.551564e-02]
F=[ ...        
   1.820430e+01  -6.947196e+02   1.187450e-01;
  -2.235296e+02  -1.064015e+03   3.071747e-01;
   1.230810e+03   9.253382e+02   7.612391e-01]
R=[ ...        
   2.749756e-01  -5.648934e-01  -7.779999e-01;
   1.563294e-01  -7.721558e-01   6.159030e-01;
   9.486567e-01   2.909826e-01   1.240146e-01]
U=[ ...        
   1.137678e+03   5.204605e+02   8.028270e-01;
   5.204605e+02   1.483285e+03  -8.275767e-02;
   8.028270e-01  -8.275767e-02   1.912110e-01]
l=[ ...        
  -1.646104e+00  -5.289415e+00   1.993368e-01;
  -8.735732e-01  -2.883216e-01  -2.713283e-02;
  -7.836873e+01  -6.496241e+01  -5.446852e+01]
d=[ ...        
  -1.646104e+00  -3.081494e+00  -3.908470e+01;
  -3.081494e+00  -2.883216e-01  -3.249477e+01;
  -3.908470e+01  -3.249477e+01  -5.446852e+01]
     iteration=         550000       process=              1       (i,j,k)=              0              0              1       (x,y,z)=   5.000000e-03   5.000000e-03   1.056380e-01     particles=              5
fabric=[ ...   
   0.000000e+00   0.000000e+00   0.000000e+00;
   0.000000e+00   0.000000e+00   0.000000e+00;
   0.000000e+00   0.000000e+00   0.000000e+00]
sigma=[ ...    
   0.000000e+00   0.000000e+00   0.000000e+00;
   0.000000e+00   0.000000e+00   0.000000e+00;
   0.000000e+00   0.000000e+00   0.000000e+00]
sigmaDot=[ ... 
   0.000000e+00   0.000000e+00   0.000000e+00;
   0.000000e+00   0.000000e+00   0.000000e+00;
   0.000000e+00   0.000000e+00   0.000000e+00]
intgraE=[ ...  
   0.000000e+00   0.000000e+00   0.000000e+00;
   0.000000e+00   0.000000e+00   0.000000e+00;
   0.000000e+00   0.000000e+00   0.000000e+00]
E=[ ...        
   0.000000e+00   0.000000e+00   0.000000e+00;
   0.000000e+00   0.000000e+00   0.000000e+00;
   0.000000e+00   0.000000e+00   0.000000e+00]
e=[ ...        
   0.000000e+00   0.000000e+00   0.000000e+00;
   0.000000e+00   0.000000e+00   0.000000e+00;
   0.000000e+00   0.000000e+00   0.000000e+00]
intgraF=[ ...  
   0.000000e+00   0.000000e+00   0.000000e+00;
   0.000000e+00   0.000000e+00   0.000000e+00;
   0.000000e+00   0.000000e+00   0.000000e+00]
F=[ ...        
   0.000000e+00   0.000000e+00   0.000000e+00;
   0.000000e+00   0.000000e+00   0.000000e+00;
   0.000000e+00   0.000000e+00   0.000000e+00]
R=[ ...        
   0.000000e+00   0.000000e+00   0.000000e+00;
   0.000000e+00   0.000000e+00   0.000000e+00;
   0.000000e+00   0.000000e+00   0.000000e+00]
U=[ ...        
   0.000000e+00   0.000000e+00   0.000000e+00;
   0.000000e+00   0.000000e+00   0.000000e+00;
   0.000000e+00   0.000000e+00   0.000000e+00]
l=[ ...        
   0.000000e+00   0.000000e+00   0.000000e+00;
   0.000000e+00   0.000000e+00   0.000000e+00;
   0.000000e+00   0.000000e+00   0.000000e+00]
d=[ ...        
   0.000000e+00   0.000000e+00   0.000000e+00;
   0.000000e+00   0.000000e+00   0.000000e+00;
   0.000000e+00   0.000000e+00   0.000000e+00]
     iteration=         550000       process=              2       (i,j,k)=              0              1              0       (x,y,z)=   5.000000e-03   1.500000e-02   3.521265e-02     particles=            112
fabric=[ ...   
   3.306718e-01   3.310514e-02   1.586490e-02;
   3.310514e-02   2.932116e-01  -4.499646e-03;
   1.586490e-02  -4.499646e-03   3.761166e-01]
sigma=[ ...    
  -1.434547e+02  -4.447645e+01   3.336258e+01;
  -8.686679e+01  -1.130070e+02   4.019916e+01;
   7.229174e+01   3.620156e+01  -1.014866e+02]
sigmaDot=[ ... 
  -2.978552e+06  -3.874753e+05   1.577766e+07;
   4.358915e+06  -8.715534e+05   5.060471e+05;
   2.045017e+06   1.723530e+06  -6.125233e+06]
intgraE=[ ...  
   1.516048e+01  -1.605354e+01  -2.042610e-01;
  -1.605354e+01   1.634792e+01   2.120054e-01;
  -2.042610e-01   2.120054e-01  -4.973176e-01]
E=[ ...        
   3.272435e+07  -3.746639e+07   1.752364e+03;
  -3.746639e+07   4.330566e+07  -2.229600e+03;
   1.752364e+03  -2.229600e+03  -2.569033e-01]
e=[ ...        
  -8.147268e+00   1.806649e+00  -3.487800e-01;
   1.806649e+00   1.225404e-01   7.286984e-02;
  -3.487800e-01   7.286984e-02   4.859322e-01]
intgraF=[ ...  
   4.624506e+00  -5.236643e+00  -6.369871e-02;
   1.266521e+00  -9.286061e-01  -1.508921e-02;
   2.886318e+00  -2.326177e+00  -3.285711e-02]
F=[ ...        
   1.770094e+01   1.682037e+02  -3.317298e-01;
   1.615090e+03  -9.812634e+02  -3.380513e-01;
   7.927160e+03  -9.253115e+03   5.117323e-01]
R=[ ...        
   1.502594e-01   1.428914e-01  -9.782659e-01;
   8.266682e-01   5.245651e-01   2.035954e-01;
   5.422562e-01  -8.392935e-01  -3.930292e-02]
U=[ ...        
   5.636355e+03  -5.803464e+03  -5.181177e-02;
  -5.803464e+03   7.275377e+03  -6.542248e-01;
  -5.181177e-02  -6.542248e-01   2.355817e-01]
l=[ ...        
   2.671765e+00   5.435719e+00   9.254912e-01;
   4.656018e-01  -1.182786e+00  -1.179724e-01;
   4.628093e+00   7.064608e+01  -2.977700e+01]
d=[ ...        
   2.671765e+00   2.950660e+00   2.776792e+00;
   2.950660e+00  -1.182786e+00   3.526405e+01;
   2.776792e+00   3.526405e+01  -2.977700e+01]
     iteration=         550000       process=              3       (i,j,k)=              0              1              1       (x,y,z)=   5.000000e-03   1.500000e-02   1.056380e-01     particles=              1
fabric=[ ...   
   0.000000e+00   0.000000e+00   0.000000e+00;
   0.000000e+00   0.000000e+00   0.000000e+00;
   0.000000e+00   0.000000e+00   0.000000e+00]
sigma=[ ...    
   0.000000e+00   0.000000e+00   0.000000e+00;
   0.000000e+00   0.000000e+00   0.000000e+00;
   0.000000e+00   0.000000e+00   0.000000e+00]
sigmaDot=[ ... 
   0.000000e+00   0.000000e+00   0.000000e+00;
   0.000000e+00   0.000000e+00   0.000000e+00;
   0.000000e+00   0.000000e+00   0.000000e+00]
intgraE=[ ...  
   0.000000e+00   0.000000e+00   0.000000e+00;
   0.000000e+00   0.000000e+00   0.000000e+00;
   0.000000e+00   0.000000e+00   0.000000e+00]
E=[ ...        
   0.000000e+00   0.000000e+00   0.000000e+00;
   0.000000e+00   0.000000e+00   0.000000e+00;
   0.000000e+00   0.000000e+00   0.000000e+00]
e=[ ...        
   0.000000e+00   0.000000e+00   0.000000e+00;
   0.000000e+00   0.000000e+00   0.000000e+00;
   0.000000e+00   0.000000e+00   0.000000e+00]
intgraF=[ ...  
   0.000000e+00   0.000000e+00   0.000000e+00;
   0.000000e+00   0.000000e+00   0.000000e+00;
   0.000000e+00   0.000000e+00   0.000000e+00]
F=[ ...        
   0.000000e+00   0.000000e+00   0.000000e+00;
   0.000000e+00   0.000000e+00   0.000000e+00;
   0.000000e+00   0.000000e+00   0.000000e+00]
R=[ ...        
   0.000000e+00   0.000000e+00   0.000000e+00;
   0.000000e+00   0.000000e+00   0.000000e+00;
   0.000000e+00   0.000000e+00   0.000000e+00]
U=[ ...        
   0.000000e+00   0.000000e+00   0.000000e+00;
   0.000000e+00   0.000000e+00   0.000000e+00;
   0.000000e+00   0.000000e+00   0.000000e+00]
l=[ ...        
   0.000000e+00   0.000000e+00   0.000000e+00;
   0.000000e+00   0.000000e+00   0.000000e+00;
   0.000000e+00   0.000000e+00   0.000000e+00]
d=[ ...        
   0.000000e+00   0.000000e+00   0.000000e+00;
   0.000000e+00   0.000000e+00   0.000000e+00;
   0.000000e+00   0.000000e+00   0.000000e+00]
     iteration=         550000       process=              4       (i,j,k)=              1              0              0       (x,y,z)=   1.500000e-02   5.000000e-03   3.521265e-02     particles=            111
fabric=[ ...   
   3.231438e-01  -1.045062e-03  -6.267804e-03;
  -1.045062e-03   2.863872e-01   4.963282e-03;
  -6.267804e-03   4.963282e-03   3.904689e-01]
sigma=[ ...    
  -3.440438e+01  -7.842372e+00   4.537154e-01;
  -1.161373e+01  -4.607373e+01   1.617668e+01;
   4.604223e+00   4.776555e+00  -6.043497e+01]
sigmaDot=[ ... 
  -1.283291e+06  -6.816574e+05  -5.789221e+06;
  -6.338936e+06   5.957724e+05   2.114163e+06;
   2.016050e+05  -1.836033e+07  -7.601106e+04]
intgraE=[ ...  
   2.605110e+01  -3.223550e+00   7.778213e-03;
  -3.223550e+00   2.994811e+00   2.909576e-02;
   7.778213e-03   2.909576e-02  -4.997057e-01]
E=[ ...        
   2.279773e+07   1.902787e+07   2.205636e+03;
   1.902787e+07   1.842390e+07   1.984611e+03;
   2.205636e+03   1.984611e+03  -2.700809e-01]
e=[ ...        
  -3.097608e+00   9.684104e+00   5.190111e-01;
   9.684104e+00  -2.556784e+01  -1.397083e+00;
   5.190111e-01  -1.397083e+00   4.251245e-01]
intgraF=[ ...  
   4.444284e+00   8.863111e-01   1.424864e-02;
   5.369221e-01   1.548579e+00   1.696118e-02;
   5.749979e+00  -1.950892e+00  -9.891409e-03]
F=[ ...        
  -1.113474e+03   1.151904e+03  -3.519101e-02;
  -7.682062e+02   1.085630e+02   8.944519e-02;
   6.615550e+03   5.958953e+03   6.712670e-01]
R=[ ...        
  -6.293250e-01   6.949736e-01  -3.477955e-01;
  -2.728437e-01   2.214569e-01   9.362228e-01;
   7.276719e-01   6.840822e-01   5.025084e-02]
U=[ ...        
   5.724287e+03   3.581620e+03   4.862041e-01;
   3.581620e+03   4.900999e+03   4.545532e-01;
   4.862041e-01   4.545532e-01   1.297116e-01]
l=[ ...        
   4.162393e+00   1.096172e+01  -1.821315e+00;
   1.324468e+00  -2.701657e-01   3.810504e-01;
   4.033371e+01  -4.001063e+01  -2.733090e+01]
d=[ ...        
   4.162393e+00   6.143096e+00   1.925620e+01;
   6.143096e+00  -2.701657e-01  -1.981479e+01;
   1.925620e+01  -1.981479e+01  -2.733090e+01]
     iteration=         550000       process=              5       (i,j,k)=              1              0              1       (x,y,z)=   1.500000e-02   5.000000e-03   1.056380e-01     particles=              1
fabric=[ ...   
   0.000000e+00   0.000000e+00   0.000000e+00;
   0.000000e+00   0.000000e+00   0.000000e+00;
   0.000000e+00   0.000000e+00   0.000000e+00]
sigma=[ ...    
   0.000000e+00   0.000000e+00   0.000000e+00;
   0.000000e+00   0.000000e+00   0.000000e+00;
   0.000000e+00   0.000000e+00   0.000000e+00]
sigmaDot=[ ... 
   0.000000e+00   0.000000e+00   0.000000e+00;
   0.000000e+00   0.000000e+00   0.000000e+00;
   0.000000e+00   0.000000e+00   0.000000e+00]
intgraE=[ ...  
   0.000000e+00   0.000000e+00   0.000000e+00;
   0.000000e+00   0.000000e+00   0.000000e+00;
   0.000000e+00   0.000000e+00   0.000000e+00]
E=[ ...        
   0.000000e+00   0.000000e+00   0.000000e+00;
   0.000000e+00   0.000000e+00   0.000000e+00;
   0.000000e+00   0.000000e+00   0.000000e+00]
e=[ ...        
   0.000000e+00   0.000000e+00   0.000000e+00;
   0.000000e+00   0.000000e+00   0.000000e+00;
   0.000000e+00   0.000000e+00   0.000000e+00]
intgraF=[ ...  
   0.000000e+00   0.000000e+00   0.000000e+00;
   0.000000e+00   0.000000e+00   0.000000e+00;
   0.000000e+00   0.000000e+00   0.000000e+00]
F=[ ...        
   0.000000e+00   0.000000e+00   0.000000e+00;
   0.000000e+00   0.000000e+00   0.000000e+00;
   0.000000e+00   0.000000e+00   0.000000e+00]
R=[ ...        
   0.000000e+00   0.000000e+00   0.000000e+00;
   0.000000e+00   0.000000e+00   0.000000e+00;
   0.000000e+00   0.000000e+00   0.000000e+00]
U=[ ...        
   0.000000e+00   0.000000e+00   0.000000e+00;
   0.000000e+00   0.000000e+00   0.000000e+00;
   0.000000e+00   0.000000e+00   0.000000e+00]
l=[ ...        
   0.000000e+00   0.000000e+00   0.000000e+00;
   0.000000e+00   0.000000e+00   0.000000e+00;
   0.000000e+00   0.000000e+00   0.000000e+00]
d=[ ...        
   0.000000e+00   0.000000e+00   0.000000e+00;
   0.000000e+00   0.000000e+00   0.000000e+00;
   0.000000e+00   0.000000e+00   0.000000e+00]
     iteration=         550000       process=              6       (i,j,k)=              1              1              0       (x,y,z)=   1.500000e-02   1.500000e-02   3.521265e-02     particles=            118
fabric=[ ...   
   3.253078e-01   5.095323e-03  -1.075960e-02;
   5.095323e-03   2.986297e-01  -4.861309e-03;
  -1.075960e-02  -4.861309e-03   3.760624e-01]
sigma=[ ...    
  -9.994452e+01  -8.265017e+00  -1.743290e+00;
   1.865115e+00  -9.732167e+01   1.158272e+01;
  -2.825710e-01   1.701592e+01  -1.556007e+02]
sigmaDot=[ ... 
  -2.493024e+05  -7.549960e+05   2.221672e+06;
   5.251165e+06   1.279450e+06   3.110915e+05;
   3.811348e+06  -5.527771e+05  -4.560281e+06]
intgraE=[ ...  
   3.766054e-01  -8.878231e-01  -3.953114e-02;
  -8.878231e-01   4.157381e-01   4.332726e-02;
  -3.953114e-02   4.332726e-02  -4.975631e-01]
E=[ ...        
   1.069123e+07  -1.697197e+07   3.994412e+02;
  -1.697197e+07   3.033631e+07  -6.738051e+02;
   3.994412e+02  -6.738051e+02  -4.806640e-01]
e=[ ...        
   4.493094e-01  -1.785958e+00  -1.336723e-01;
  -1.785958e+00  -6.242417e+01  -4.709639e+00;
  -1.336723e-01  -4.709639e+00   1.475012e-01]
intgraF=[ ...  
   6.526572e-01  -8.183163e-01  -6.076569e-02;
  -1.060347e+00   9.999099e-01   3.280700e-02;
  -4.504591e-01   4.025106e-01   1.024799e-02]
F=[ ...        
   1.533153e+03   2.303054e+01   2.602379e-02;
  -3.688668e+02   5.807185e+02  -1.022980e-01;
   4.346935e+03  -7.767552e+03   1.659214e-01]
R=[ ...        
   9.045285e-01   4.254744e-01  -2.828019e-02;
  -5.728029e-02   5.551822e-02  -9.968133e-01;
   4.225485e-01  -9.032659e-01  -7.458911e-02]
U=[ ...        
   3.244700e+03  -3.294599e+03   9.950876e-02;
  -3.294599e+03   7.058204e+03  -1.444781e-01;
   9.950876e-02  -1.444781e-01   8.886008e-02]
l=[ ...        
   2.980066e+00   1.051786e+00   1.841295e-01;
  -1.043311e+00   1.863212e+00   7.524878e-02;
   3.096946e+00   1.792622e+01  -3.530817e+01]
d=[ ...        
   2.980066e+00   4.237612e-03   1.640538e+00;
   4.237612e-03   1.863212e+00   9.000733e+00;
   1.640538e+00   9.000733e+00  -3.530817e+01]
     iteration=         550000       process=              7       (i,j,k)=              1              1              1       (x,y,z)=   1.500000e-02   1.500000e-02   1.056380e-01     particles=              1
fabric=[ ...   
   0.000000e+00   0.000000e+00   0.000000e+00;
   0.000000e+00   0.000000e+00   0.000000e+00;
   0.000000e+00   0.000000e+00   0.000000e+00]
sigma=[ ...    
   0.000000e+00   0.000000e+00   0.000000e+00;
   0.000000e+00   0.000000e+00   0.000000e+00;
   0.000000e+00   0.000000e+00   0.000000e+00]
sigmaDot=[ ... 
   0.000000e+00   0.000000e+00   0.000000e+00;
   0.000000e+00   0.000000e+00   0.000000e+00;
   0.000000e+00   0.000000e+00   0.000000e+00]
intgraE=[ ...  
   0.000000e+00   0.000000e+00   0.000000e+00;
   0.000000e+00   0.000000e+00   0.000000e+00;
   0.000000e+00   0.000000e+00   0.000000e+00]
E=[ ...        
   0.000000e+00   0.000000e+00   0.000000e+00;
   0.000000e+00   0.000000e+00   0.000000e+00;
   0.000000e+00   0.000000e+00   0.000000e+00]
e=[ ...        
   0.000000e+00   0.000000e+00   0.000000e+00;
   0.000000e+00   0.000000e+00   0.000000e+00;
   0.000000e+00   0.000000e+00   0.000000e+00]
intgraF=[ ...  
   0.000000e+00   0.000000e+00   0.000000e+00;
   0.000000e+00   0.000000e+00   0.000000e+00;
   0.000000e+00   0.000000e+00   0.000000e+00]
F=[ ...        
   0.000000e+00   0.000000e+00   0.000000e+00;
   0.000000e+00   0.000000e+00   0.000000e+00;
   0.000000e+00   0.000000e+00   0.000000e+00]
R=[ ...        
   0.000000e+00   0.000000e+00   0.000000e+00;
   0.000000e+00   0.000000e+00   0.000000e+00;
   0.000000e+00   0.000000e+00   0.000000e+00]
U=[ ...        
   0.000000e+00   0.000000e+00   0.000000e+00;
   0.000000e+00   0.000000e+00   0.000000e+00;
   0.000000e+00   0.000000e+00   0.000000e+00]
l=[ ...        
   0.000000e+00   0.000000e+00   0.000000e+00;
   0.000000e+00   0.000000e+00   0.000000e+00;
   0.000000e+00   0.000000e+00   0.000000e+00]
d=[ ...        
   0.000000e+00   0.000000e+00   0.000000e+00;
   0.000000e+00   0.000000e+00   0.000000e+00;
   0.000000e+00   0.000000e+00   0.000000e+00]
