     iteration=         850000       process=              0       (i,j,k)=              0              0              0       (x,y,z)=   5.000000e-03   5.000000e-03   5.530076e-03     particles=             87
fabric=[ ...   
   3.325805e-01   3.619017e-03   1.365292e-03;
   3.619017e-03   2.999566e-01   4.785899e-03;
   1.365292e-03   4.785899e-03   3.674629e-01]
sigma=[ ...    
  -2.737138e+02  -1.064181e+01   1.798285e+01;
  -9.753832e+00  -2.143201e+02  -3.625852e+01;
   1.657056e+01  -3.577302e+01  -3.781378e+02]
sigmaDot=[ ... 
   3.758040e+05   5.063576e+04   2.390015e+06;
   1.767804e+05   4.076474e+04  -4.675396e+04;
   3.827155e+05  -1.410420e+06   7.020249e+05]
intgraE=[ ...  
   4.529988e+01  -1.804495e+01  -6.082218e-02;
  -1.804495e+01   1.188256e+01   8.579479e-03;
  -6.082218e-02   8.579479e-03  -4.998743e-01]
E=[ ...        
   1.446769e+05  -6.987729e+04  -4.470298e+01;
  -6.987729e+04   4.941053e+05  -7.127190e+02;
  -4.470298e+01  -7.127190e+02   7.624266e-01]
e=[ ...        
   4.420540e-01   1.002663e-01  -4.170588e-01;
   1.002663e-01   3.265031e-01   7.216615e-01;
  -4.170588e-01   7.216615e-01  -2.501781e+00]
intgraF=[ ...  
   6.089265e+00  -3.968845e+00  -3.532139e-03;
  -5.154670e-01   2.637590e+00  -6.446085e-03;
  -7.365793e+00   1.434057e+00   1.404587e-02]
F=[ ...        
   4.562982e+02  -7.120200e+02   5.905672e-01;
  -2.560003e+02  -6.904641e+02   1.468774e+00;
  -1.249426e+02  -6.706994e+01  -1.370685e-01]
R=[ ...        
   7.480517e-01  -6.500448e-01  -1.336430e-01;
  -6.136910e-01  -7.542248e-01   2.335129e-01;
  -2.525907e-01  -9.266417e-02  -9.631258e-01]
U=[ ...        
   5.299990e+02  -9.195486e+01  -4.249762e-01;
  -9.195486e+01   9.898251e+02  -1.478979e+00;
  -4.249762e-01  -1.478979e+00   3.960665e-01]
l=[ ...        
   1.458496e-02  -4.877927e-03   3.184555e-03;
   1.122731e-02   2.522470e-03   3.599102e-03;
   1.359371e-02  -1.213886e-02   1.047159e-02]
d=[ ...        
   1.458496e-02   3.174692e-03   8.389131e-03;
   3.174692e-03   2.522470e-03  -4.269881e-03;
   8.389131e-03  -4.269881e-03   1.047159e-02]
     iteration=         850000       process=              1       (i,j,k)=              0              0              1       (x,y,z)=   5.000000e-03   5.000000e-03   1.659023e-02     particles=             39
fabric=[ ...   
   3.319834e-01  -2.008590e-02   2.415017e-02;
  -2.008590e-02   3.055006e-01   3.468380e-02;
   2.415017e-02   3.468380e-02   3.625160e-01]
sigma=[ ...    
  -4.548307e+01  -7.396079e-01  -4.796676e+00;
   9.243861e-01  -5.088728e+01  -5.303121e+00;
  -4.015439e+00  -4.788669e+00  -6.841241e+01]
sigmaDot=[ ... 
  -1.693381e+05   4.292809e+04   9.881174e+05;
   7.186019e+05  -2.092518e+05  -1.119031e+05;
  -8.359645e+03   5.167390e+05   1.976443e+05]
intgraE=[ ...  
   1.105593e-01  -6.893463e-02  -7.180790e-01;
  -6.893463e-02   2.112470e-02   3.665679e-01;
  -7.180790e-01   3.665679e-01   3.723004e+00]
E=[ ...        
   4.561889e+05  -1.341055e+05   1.359491e+01;
  -1.341055e+05   7.666050e+05  -2.641760e+01;
   1.359491e+01  -2.641760e+01  -4.986009e-01]
e=[ ...        
  -3.339092e+02  -2.993555e+02   2.734115e+02;
  -2.993555e+02  -2.674763e+02   2.447518e+02;
   2.734115e+02   2.447518e+02  -2.230400e+02]
intgraF=[ ...  
   1.000117e+00  -5.017573e-03  -7.134835e-02;
  -2.613270e-02   9.951794e-01   7.181556e-02;
  -4.692558e-01   2.276890e-01   2.904438e+00]
F=[ ...        
   4.060820e+02  -8.956784e+02   2.038121e-02;
  -7.848392e+02   2.553205e+02  -3.816254e-02;
  -3.626343e+02  -8.159551e+02   3.043858e-02]
R=[ ...        
   3.386642e-01  -6.931467e-01  -6.362815e-01;
  -8.121727e-01   1.260797e-01  -5.696309e-01;
  -4.750600e-01  -7.096841e-01   5.202562e-01]
U=[ ...        
   9.472235e+02  -1.230709e+02   2.343681e-02;
  -1.230709e+02   1.232098e+03  -4.054047e-02;
   2.343681e-02  -4.054047e-02   2.460624e-02]
l=[ ...        
  -6.355052e-02   9.262257e-02   5.123612e-03;
   1.088063e-01  -1.776640e-01  -2.931410e-01;
   4.866163e-02   3.316962e-02  -9.356870e-02]
d=[ ...        
  -6.355052e-02   1.007144e-01   2.689262e-02;
   1.007144e-01  -1.776640e-01  -1.299857e-01;
   2.689262e-02  -1.299857e-01  -9.356870e-02]
     iteration=         850000       process=              2       (i,j,k)=              0              1              0       (x,y,z)=   5.000000e-03   1.500000e-02   5.530076e-03     particles=             82
fabric=[ ...   
   3.211389e-01   6.084825e-03   6.022982e-03;
   6.084825e-03   3.185519e-01   1.535604e-02;
   6.022982e-03   1.535604e-02   3.603092e-01]
sigma=[ ...    
  -3.060647e+02   1.199044e+01   3.926811e+01;
   1.184655e+01  -2.295403e+02  -2.739710e+01;
   3.871422e+01  -2.755971e+01  -2.767961e+02]
sigmaDot=[ ... 
   6.890355e+04  -3.269718e+04  -5.655279e+03;
  -1.165664e+05   8.927512e+04  -2.181275e+04;
   6.328695e+04   7.860496e+04   8.807644e+04]
intgraE=[ ...  
   1.489102e+01  -1.567766e+01  -1.999994e-01;
  -1.567766e+01   1.583141e+01   2.061436e-01;
  -1.999994e-01   2.061436e-01  -4.973847e-01]
E=[ ...        
   2.053964e+05   1.605146e+05   4.418905e+02;
   1.605146e+05   1.656179e+05   2.109248e+02;
   4.418905e+02   2.109248e+02   9.390711e-01]
e=[ ...        
  -3.650258e+00   2.847162e+00   1.195746e+00;
   2.847162e+00  -1.453225e+00  -8.203038e-01;
   1.195746e+00  -8.203038e-01   1.554883e-01]
intgraF=[ ...  
   4.282109e+00  -4.901021e+00  -5.928260e-02;
   1.160135e+00  -9.027794e-01  -1.380586e-02;
   3.331616e+00  -2.797821e+00  -3.905837e-02]
F=[ ...        
  -3.009779e+02  -1.307374e+02  -1.220417e+00;
  -2.197284e+02   4.409027e+01  -1.041371e+00;
  -5.214648e+02  -5.587491e+02  -5.516067e-01]
R=[ ...        
  -5.846276e-01   9.763550e-02  -8.054054e-01;
  -6.667072e-01   5.078542e-01   5.455141e-01;
  -4.622901e-01  -8.558922e-01   2.318113e-01]
U=[ ...        
   5.635225e+02   3.053415e+02   1.662782e+00;
   3.053415e+02   4.878558e+02  -1.759050e-01;
   1.662782e+00  -1.759050e-01   2.869792e-01]
l=[ ...        
   7.797562e-03   3.145503e-03   1.769975e-02;
  -1.469865e-03   1.168240e-03  -8.440785e-04;
   6.242140e-04  -6.440036e-04  -7.265955e-04]
d=[ ...        
   7.797562e-03   8.378192e-04   9.161983e-03;
   8.378192e-04   1.168240e-03  -7.440411e-04;
   9.161983e-03  -7.440411e-04  -7.265955e-04]
     iteration=         850000       process=              3       (i,j,k)=              0              1              1       (x,y,z)=   5.000000e-03   1.500000e-02   1.659023e-02     particles=             38
fabric=[ ...   
   3.407443e-01   5.254866e-02   4.718575e-02;
   5.254866e-02   3.201398e-01   1.182391e-02;
   4.718575e-02   1.182391e-02   3.391158e-01]
sigma=[ ...    
  -8.411626e+01  -9.594094e+00  -2.045056e+01;
  -1.012029e+01  -8.250866e+01   6.253002e+00;
  -1.917024e+01   6.190791e+00  -1.102178e+02]
sigmaDot=[ ... 
   1.212052e+06  -5.354306e+05  -1.440947e+07;
  -6.842206e+06  -4.657369e+05  -5.187526e+05;
   4.143094e+05   3.868077e+06  -1.102629e+04]
intgraE=[ ...  
  -5.949160e-02   4.779803e-02  -3.546109e-02;
   4.779803e-02   2.546225e-04   6.398571e-02;
  -3.546109e-02   6.398571e-02  -6.335722e-02]
E=[ ...        
   4.321954e+05  -3.868398e+05   1.857070e+01;
  -3.868398e+05   5.183450e+05   8.398751e-01;
   1.857070e+01   8.398751e-01  -4.931648e-01]
e=[ ...        
  -2.822240e+01  -1.572109e+00  -2.925630e+01;
  -1.572109e+00   4.139500e-01  -1.601334e+00;
  -2.925630e+01  -1.601334e+00  -2.930014e+01]
intgraF=[ ...  
   9.346072e-01   1.284656e-02  -1.103273e-01;
   8.290791e-02   9.997983e-01   1.041971e-01;
   2.554160e-02   2.734286e-02   9.220935e-01]
F=[ ...        
  -5.253992e+02   2.141418e+02  -1.132216e-01;
  -5.399208e+02   9.603513e+02   2.166781e-02;
   5.448240e+02  -2.618390e+02  -1.954065e-02]
R=[ ...        
  -7.053438e-01  -1.107735e-01  -7.001567e-01;
  -1.178873e-01   9.922907e-01  -3.823213e-02;
   6.989941e-01   5.557275e-02  -7.129649e-01]
U=[ ...        
   8.150656e+02  -4.472807e+02   6.364696e-02;
  -4.472807e+02   9.146753e+02   3.295679e-02;
   6.364696e-02   3.295679e-02   9.237621e-02]
l=[ ...        
  -2.550692e+00   7.262704e-01  -4.990073e+00;
   1.685350e+00   3.891046e-01   2.524080e+00;
   8.723884e-01  -2.328149e-02   5.399753e-01]
d=[ ...        
  -2.550692e+00   1.205810e+00  -2.058842e+00;
   1.205810e+00   3.891046e-01   1.250399e+00;
  -2.058842e+00   1.250399e+00   5.399753e-01]
     iteration=         850000       process=              4       (i,j,k)=              1              0              0       (x,y,z)=   1.500000e-02   5.000000e-03   5.530076e-03     particles=             81
fabric=[ ...   
   3.136591e-01  -1.144455e-04  -6.474708e-03;
  -1.144455e-04   3.126946e-01   9.236712e-03;
  -6.474708e-03   9.236712e-03   3.736463e-01]
sigma=[ ...    
  -2.751051e+02   4.135210e+00  -2.376364e+01;
   3.555846e+00  -2.441196e+02  -2.525246e+01;
  -2.393217e+01  -2.515155e+01  -3.309951e+02]
sigmaDot=[ ... 
  -3.895461e+04   1.336380e+05  -4.546519e+05;
   1.736886e+05   8.693589e+03   6.206404e+04;
  -1.278797e+05  -3.006551e+05   7.559011e+05]
intgraE=[ ...  
   1.997500e+01  -1.510144e+00   1.546290e-02;
  -1.510144e+00   2.808957e+00   2.985220e-02;
   1.546290e-02   2.985220e-02  -4.996865e-01]
E=[ ...        
   1.104884e+06  -4.141196e+05   1.165230e+01;
  -4.141196e+05   1.732809e+05  -4.533348e+00;
   1.165230e+01  -4.533348e+00  -4.996524e-01]
e=[ ...        
  -8.303396e+02   4.902592e+02   1.292384e+01;
   4.902592e+02  -2.887907e+02  -7.626068e+00;
   1.292384e+01  -7.626068e+00   2.989612e-01]
intgraF=[ ...  
   4.235625e+00   9.830502e-01   1.482579e-02;
   8.714009e-01   1.543413e+00   1.753079e-02;
   4.717006e+00  -1.808149e+00  -9.995119e-03]
F=[ ...        
  -4.850823e+02   1.077251e+02  -2.262781e-02;
  -8.515315e+02   1.969077e+02   2.877844e-03;
   1.117747e+03  -5.442293e+02   1.322197e-02]
R=[ ...        
  -4.325759e-01  -2.669744e-01  -8.611636e-01;
  -7.464285e-01  -4.296824e-01   5.081510e-01;
   5.056902e-01  -8.626110e-01   1.340705e-02]
U=[ ...        
   1.410676e+03  -4.687882e+02   1.432636e-02;
  -4.687882e+02   3.560905e+02  -6.600927e-03;
   1.432636e-02  -6.600927e-03   2.112590e-02]
l=[ ...        
  -2.466178e-03  -6.164348e-03  -2.911954e-03;
  -2.723422e-03  -3.526678e-04   4.114768e-03;
  -1.915659e-02  -1.631724e-03   1.685042e-02]
d=[ ...        
  -2.466178e-03  -4.443885e-03  -1.103427e-02;
  -4.443885e-03  -3.526678e-04   1.241522e-03;
  -1.103427e-02   1.241522e-03   1.685042e-02]
     iteration=         850000       process=              5       (i,j,k)=              1              0              1       (x,y,z)=   1.500000e-02   5.000000e-03   1.659023e-02     particles=             31
fabric=[ ...   
   2.650727e-01   5.757035e-03  -5.872403e-03;
   5.757035e-03   3.826709e-01  -9.584138e-03;
  -5.872403e-03  -9.584138e-03   3.522563e-01]
sigma=[ ...    
  -8.455972e+01   2.255349e+00  -4.959920e+00;
   3.856221e+00  -1.210083e+02   2.334182e+01;
  -1.948790e+00   2.211849e+01  -1.247548e+02]
sigmaDot=[ ... 
  -1.401963e+04  -6.487630e+04  -4.293064e+05;
  -2.309690e+05   1.816290e+05  -1.693580e+05;
  -1.473091e+04  -3.662107e+05   3.120348e+05]
intgraE=[ ...  
  -9.167996e-03   9.874898e-03  -6.505545e-02;
   9.874898e-03   4.288508e-02   1.490696e-01;
  -6.505545e-02   1.490696e-01  -4.025769e-01]
E=[ ...        
   1.992606e+06  -1.867803e+06  -1.302478e+04;
  -1.867803e+06   1.906079e+06   1.361035e+04;
  -1.302478e+04   1.361035e+04   1.464568e+02]
e=[ ...        
   4.999882e-01  -2.364693e-04  -5.047442e-05;
  -2.364693e-04   4.951543e-01  -1.049511e-03;
  -5.047442e-05  -1.049511e-03   4.997697e-01]
intgraF=[ ...  
   9.896786e-01   2.823355e-02  -1.145401e-01;
   2.591538e-03   1.015656e+00   2.126536e-01;
  -4.683537e-02   2.311173e-01   3.694660e-01]
F=[ ...        
  -1.979727e+03   1.789176e+03   1.186743e+01;
   1.427983e+02  -2.478218e+02  -1.164327e+01;
  -2.133135e+02   7.413456e+02   4.184726e+00]
R=[ ...        
  -8.704165e-01   4.902678e-01  -4.486278e-02;
  -6.142984e-02  -1.985701e-01  -9.781597e-01;
   4.884685e-01   8.486504e-01  -2.029557e-01]
U=[ ...        
   1.610218e+03  -1.179980e+03  -7.570254e+00;
  -1.179980e+03   1.555528e+03   1.168159e+01;
  -7.570254e+00   1.168159e+01   1.000726e+01]
l=[ ...        
   2.832285e-02  -4.567136e-02  -1.206528e-02;
  -5.784570e-03   5.475620e-02   6.185324e-02;
   1.092421e-01  -1.112731e-01  -1.162310e-01]
d=[ ...        
   2.832285e-02  -2.572796e-02   4.858839e-02;
  -2.572796e-02   5.475620e-02  -2.470991e-02;
   4.858839e-02  -2.470991e-02  -1.162310e-01]
     iteration=         850000       process=              6       (i,j,k)=              1              1              0       (x,y,z)=   1.500000e-02   1.500000e-02   5.530076e-03     particles=             72
fabric=[ ...   
   3.088265e-01  -5.125888e-04   5.724337e-05;
  -5.125888e-04   3.276388e-01   2.095322e-02;
   5.724337e-05   2.095322e-02   3.635346e-01]
sigma=[ ...    
  -3.059400e+02  -4.586356e+01   4.781308e+00;
  -4.554888e+01  -3.080425e+02   1.465992e+01;
   4.739668e+00   1.489408e+01  -3.538121e+02]
sigmaDot=[ ... 
  -1.056150e+04  -1.463013e+04  -4.417074e+04;
  -7.573454e+04  -8.057155e+02   2.151311e+04;
   1.613576e+04   2.302356e+04   4.492292e+04]
intgraE=[ ...  
   3.611412e-01  -8.547429e-01  -3.539195e-02;
  -8.547429e-01   3.581260e-01   3.705868e-02;
  -3.539195e-02   3.705868e-02  -4.981626e-01]
E=[ ...        
   1.149941e+06  -9.685297e+05  -2.118270e+00;
  -9.685297e+05   8.575062e+05   2.877641e+00;
  -2.118270e+00   2.877641e+00  -4.999282e-01]
e=[ ...        
  -7.539806e+02  -1.470429e+03   1.440652e+03;
  -1.470429e+03  -2.865260e+03   2.807728e+03;
   1.440652e+03   2.807728e+03  -2.750371e+03]
intgraF=[ ...  
   4.845209e-01  -6.105898e-01  -4.561921e-02;
  -1.116443e+00   1.060951e+00   3.625213e-02;
  -4.909953e-01   4.667062e-01   1.671500e-02]
F=[ ...        
   5.002358e+02  -1.672390e+02   2.681894e-03;
  -1.124640e+03   9.517631e+02  -3.750803e-03;
  -8.859075e+02   8.838504e+02   1.105806e-02]
R=[ ...        
   7.769757e-01   5.271688e-01  -3.440956e-01;
  -5.963206e-01   4.411301e-01  -6.706758e-01;
  -2.017684e-01   7.262901e-01   6.571089e-01]
U=[ ...        
   1.238065e+03  -8.758296e+02   2.089279e-03;
  -8.758296e+02   9.736200e+02   7.790581e-03;
   2.089279e-03   7.790581e-03   8.859097e-03]
l=[ ...        
  -4.284397e-02   3.177269e-03   2.440276e-02;
  -1.152077e-01  -4.811357e-02   1.422921e-02;
   3.770572e-02   5.877159e-04  -9.312593e-03]
d=[ ...        
  -4.284397e-02  -5.601521e-02   3.105424e-02;
  -5.601521e-02  -4.811357e-02   7.408460e-03;
   3.105424e-02   7.408460e-03  -9.312593e-03]
     iteration=         850000       process=              7       (i,j,k)=              1              1              1       (x,y,z)=   1.500000e-02   1.500000e-02   1.659023e-02     particles=             46
fabric=[ ...   
   3.282732e-01  -1.053735e-02  -1.843933e-02;
  -1.053735e-02   2.891816e-01   1.321988e-03;
  -1.843933e-02   1.321988e-03   3.825452e-01]
sigma=[ ...    
  -9.350461e+01   9.431080e+00   2.513618e+01;
   7.649193e+00  -7.787118e+01  -1.713414e+01;
   2.547444e+01  -1.583395e+01  -1.017215e+02]
sigmaDot=[ ... 
  -2.326585e+05   4.343423e+04   3.837533e+05;
   1.164082e+06  -8.875667e+04  -4.201316e+04;
  -1.839728e+05   1.548357e+06  -3.143018e+04]
intgraE=[ ...  
   1.504617e-02   7.217405e-02  -9.743870e-02;
   7.217405e-02   1.024160e-02  -3.744742e-02;
  -9.743870e-02  -3.744742e-02  -4.663393e-01]
E=[ ...        
   2.573198e+05  -1.989732e+05   1.149860e+01;
  -1.989732e+05   1.981234e+05  -8.306030e+00;
   1.149860e+01  -8.306030e+00  -4.994482e-01]
e=[ ...        
  -2.731012e+03   9.842585e+02  -3.757963e+03;
   9.842585e+02  -3.541624e+02   1.354124e+03;
  -3.757963e+03   1.354124e+03  -5.169633e+03]
intgraF=[ ...  
   1.006173e+00   2.692771e-02  -1.740681e-01;
   1.013387e-01   9.907418e-01  -3.349084e-02;
  -8.624332e-02  -1.954198e-01   1.894732e-01]
F=[ ...        
  -4.865539e+02   5.123095e+02  -1.546685e-02;
  -4.746700e+02   1.526304e+02  -2.565873e-02;
   2.293344e+02  -3.324014e+02   1.435597e-02]
R=[ ...        
  -3.758343e-01   7.265823e-01   5.751754e-01;
  -9.261838e-01  -3.149669e-01  -2.073146e-01;
   3.053009e-02  -6.106341e-01   7.913241e-01]
U=[ ...        
   6.294969e+02  -3.440555e+02   3.001597e-02;
  -3.440555e+02   5.271372e+02  -1.192253e-02;
   3.001597e-02  -1.192253e-02   7.783502e-03]
l=[ ...        
   9.218940e-01   3.690403e-02  -3.753659e-01;
   3.559479e-01  -1.733509e-01  -8.336148e-01;
  -2.241634e-01  -9.921171e-02  -4.599480e-01]
d=[ ...        
   9.218940e-01   1.964260e-01  -2.997646e-01;
   1.964260e-01  -1.733509e-01  -4.664133e-01;
  -2.997646e-01  -4.664133e-01  -4.599480e-01]
