     iteration=         500000       process=              0       (i,j,k)=              0              0              0       (x,y,z)=   5.000000e-03   5.000000e-03   5.324732e-02     particles=            128
fabric=[ ...   
   2.972813e-01   9.637002e-03  -1.392216e-02;
   9.637002e-03   3.280618e-01   5.890112e-03;
  -1.392216e-02   5.890112e-03   3.746569e-01]
sigma=[ ...    
  -5.499376e+01  -6.101924e-01   1.874148e+01;
   1.764123e+01  -8.091127e+01  -2.114865e+01;
   2.202199e+01  -1.699254e+01  -1.108652e+02]
sigmaDot=[ ... 
   9.562881e+05   6.852216e+05   3.651460e+05;
   2.056666e+06  -3.522327e+05  -4.440277e+05;
   5.446184e+05  -1.982298e+06   3.002154e+05]
intgraE=[ ...  
   1.210196e+01  -9.498365e+00  -3.926335e-03;
  -9.498365e+00   9.571213e+00  -5.485272e-03;
  -3.926335e-03  -5.485272e-03  -4.999742e-01]
E=[ ...        
   1.024915e+06   7.161246e+06   1.639342e+03;
   7.161246e+06   5.193604e+07   1.203090e+04;
   1.639342e+03   1.203090e+04   2.585958e+00]
e=[ ...        
   4.819729e-01  -1.235307e-01  -3.635226e-03;
  -1.235307e-01  -3.468213e-01  -2.491856e-02;
  -3.635226e-03  -2.491856e-02   4.992667e-01]
intgraF=[ ...  
   4.836202e+00  -3.370174e+00  -2.195962e-03;
  -3.443029e-01   2.624218e+00  -6.833571e-03;
  -1.302510e+00   1.377619e+00  -3.183299e-04]
F=[ ...        
   2.229862e+02  -3.465253e+02  -1.118325e-01;
  -7.408682e+01  -2.490903e+02   7.147813e-01;
   1.412310e+03   1.018283e+04   2.376657e+00]
R=[ ...        
   9.757046e-01  -1.653555e-01   1.437290e-01;
  -1.465966e-01  -5.205895e-03   9.891827e-01;
   1.628185e-01   9.862203e-01   2.931998e-02]
U=[ ...        
   4.583798e+02   1.356362e+03   1.730638e-01;
   1.356362e+03   1.010111e+04   2.358678e+00;
   1.730638e-01   2.358678e+00   7.606592e-01]
l=[ ...        
   1.264673e+00  -4.716531e+00   1.091746e-01;
   3.787748e+00  -4.192063e+00  -3.709693e-02;
  -9.563832e+00   8.384744e+00  -3.900657e+01]
d=[ ...        
   1.264673e+00  -4.643912e-01  -4.727329e+00;
  -4.643912e-01  -4.192063e+00   4.173824e+00;
  -4.727329e+00   4.173824e+00  -3.900657e+01]
     iteration=         500000       process=              1       (i,j,k)=              0              0              1       (x,y,z)=   5.000000e-03   5.000000e-03   1.597420e-01     particles=             10
fabric=[ ...   
   0.000000e+00   0.000000e+00   0.000000e+00;
   0.000000e+00   0.000000e+00   0.000000e+00;
   0.000000e+00   0.000000e+00   0.000000e+00]
sigma=[ ...    
   0.000000e+00   0.000000e+00   0.000000e+00;
   0.000000e+00   0.000000e+00   0.000000e+00;
   0.000000e+00   0.000000e+00   0.000000e+00]
sigmaDot=[ ... 
   0.000000e+00   0.000000e+00   0.000000e+00;
   0.000000e+00   0.000000e+00   0.000000e+00;
   0.000000e+00   0.000000e+00   0.000000e+00]
intgraE=[ ...  
   1.218341e-01  -5.607693e-02  -7.322693e-01;
  -5.607693e-02   2.581070e-02   3.370438e-01;
  -7.322693e-01   3.370438e-01   3.901219e+00]
E=[ ...        
   8.944977e-08  -4.412159e-08   1.255923e-03;
  -4.412159e-08   2.176322e-08  -6.194910e-04;
   1.255923e-03  -6.194910e-04   1.713384e+01]
e=[ ...        
  -2.536311e-09   1.251049e-09   5.996499e-06;
   1.251049e-09  -6.170869e-10  -2.957807e-06;
   5.996499e-06  -2.957807e-06   4.858227e-01]
intgraF=[ ...  
   1.000000e+00   0.000000e+00   0.000000e+00;
   0.000000e+00   1.000000e+00   0.000000e+00;
  -4.936275e-01   2.272034e-01   2.966890e+00]
F=[ ...        
   1.000000e+00  -5.093385e-17   2.803166e-18;
  -7.319207e-18   1.000000e+00   7.424860e-18;
   4.229652e-04  -2.086299e-04   5.938659e+00]
R=[ ...        
   1.000000e+00   9.164317e-10  -6.095777e-05;
   9.164318e-10   1.000000e+00   3.006776e-05;
   6.095777e-05  -3.006776e-05   1.000000e+00]
U=[ ...        
   1.000000e+00  -1.180118e-08   3.620074e-04;
  -1.180118e-08   1.000000e+00  -1.785622e-04;
   3.620074e-04  -1.785622e-04   5.938659e+00]
l=[ ...        
   0.000000e+00   0.000000e+00   0.000000e+00;
   0.000000e+00   0.000000e+00   0.000000e+00;
   2.714136e-04  -1.409127e-04   3.316926e+00]
d=[ ...        
   0.000000e+00   0.000000e+00   1.357068e-04;
   0.000000e+00   0.000000e+00  -7.045633e-05;
   1.357068e-04  -7.045633e-05   3.316926e+00]
     iteration=         500000       process=              2       (i,j,k)=              0              1              0       (x,y,z)=   5.000000e-03   1.500000e-02   5.324732e-02     particles=            109
fabric=[ ...   
   3.412660e-01   3.199188e-02  -1.217284e-02;
   3.199188e-02   2.545061e-01  -1.087764e-02;
  -1.217284e-02  -1.087764e-02   3.937015e-01]
sigma=[ ...    
  -9.763502e+01  -2.885679e+01  -2.435680e+01;
  -2.560687e+01  -4.042742e+01   5.991359e+00;
  -1.377637e+01   1.099370e+00  -1.125911e+02]
sigmaDot=[ ... 
   3.241918e+06   1.004659e+05  -1.920965e+06;
  -3.343668e+06   1.534128e+06   6.301949e+05;
  -2.049221e+05  -6.727997e+06   1.910911e+06]
intgraE=[ ...  
   9.199799e+00  -1.075921e+01  -1.294913e-01;
  -1.075921e+01   1.157382e+01   1.447603e-01;
  -1.294913e-01   1.447603e-01  -4.982178e-01]
E=[ ...        
   1.207933e+08  -6.092915e+07  -1.976831e+03;
  -6.092915e+07   3.269189e+07   7.536840e+02;
  -1.976831e+03   7.536840e+02  -3.272129e-01]
e=[ ...        
  -1.587624e+00  -6.135333e-01  -4.841400e-02;
  -6.135333e-01   3.196881e-01  -1.422843e-02;
  -4.841400e-02  -1.422843e-02   4.988772e-01]
intgraF=[ ...  
   4.159140e+00  -4.778566e+00  -5.782399e-02;
   1.257417e+00  -9.017325e-01  -1.485459e-02;
   7.211477e-01  -7.069891e-01   2.688943e-04]
F=[ ...        
  -1.418655e+02  -4.878274e+02  -3.784151e-01;
   1.701795e+03   1.028176e+03  -3.946586e-01;
  -1.544896e+04   8.005539e+03   2.159186e-01]
R=[ ...        
  -1.238354e-01  -2.543707e-01  -9.591456e-01;
   4.892105e-01   8.253048e-01  -2.820374e-01;
  -8.633295e-01   5.041504e-01  -2.223887e-02]
U=[ ...        
   1.418765e+04  -6.348013e+03  -3.326189e-01;
  -6.348013e+03   5.008643e+03  -1.206005e-01;
  -3.326189e-01  -1.206005e-01   4.694619e-01]
l=[ ...        
   6.635781e+00   7.041051e+00   5.292480e-01;
   2.161265e-01   5.553371e+00  -2.289316e-01;
   1.229402e+01   8.465973e+00  -2.741919e+01]
d=[ ...        
   6.635781e+00   3.628589e+00   6.411634e+00;
   3.628589e+00   5.553371e+00   4.118521e+00;
   6.411634e+00   4.118521e+00  -2.741919e+01]
     iteration=         500000       process=              3       (i,j,k)=              0              1              1       (x,y,z)=   5.000000e-03   1.500000e-02   1.597420e-01     particles=              2
fabric=[ ...   
   0.000000e+00   0.000000e+00   0.000000e+00;
   0.000000e+00   0.000000e+00   0.000000e+00;
   0.000000e+00   0.000000e+00   0.000000e+00]
sigma=[ ...    
   0.000000e+00   0.000000e+00   0.000000e+00;
   0.000000e+00   0.000000e+00   0.000000e+00;
   0.000000e+00   0.000000e+00   0.000000e+00]
sigmaDot=[ ... 
   0.000000e+00   0.000000e+00   0.000000e+00;
   0.000000e+00   0.000000e+00   0.000000e+00;
   0.000000e+00   0.000000e+00   0.000000e+00]
intgraE=[ ...  
   0.000000e+00   0.000000e+00   0.000000e+00;
   0.000000e+00   0.000000e+00   0.000000e+00;
   0.000000e+00   0.000000e+00   0.000000e+00]
E=[ ...        
   0.000000e+00   0.000000e+00   0.000000e+00;
   0.000000e+00   0.000000e+00   0.000000e+00;
   0.000000e+00   0.000000e+00   0.000000e+00]
e=[ ...        
   0.000000e+00   0.000000e+00   0.000000e+00;
   0.000000e+00   0.000000e+00   0.000000e+00;
   0.000000e+00   0.000000e+00   0.000000e+00]
intgraF=[ ...  
   0.000000e+00   0.000000e+00   0.000000e+00;
   0.000000e+00   0.000000e+00   0.000000e+00;
   0.000000e+00   0.000000e+00   0.000000e+00]
F=[ ...        
   0.000000e+00   0.000000e+00   0.000000e+00;
   0.000000e+00   0.000000e+00   0.000000e+00;
   0.000000e+00   0.000000e+00   0.000000e+00]
R=[ ...        
   0.000000e+00   0.000000e+00   0.000000e+00;
   0.000000e+00   0.000000e+00   0.000000e+00;
   0.000000e+00   0.000000e+00   0.000000e+00]
U=[ ...        
   0.000000e+00   0.000000e+00   0.000000e+00;
   0.000000e+00   0.000000e+00   0.000000e+00;
   0.000000e+00   0.000000e+00   0.000000e+00]
l=[ ...        
   0.000000e+00   0.000000e+00   0.000000e+00;
   0.000000e+00   0.000000e+00   0.000000e+00;
   0.000000e+00   0.000000e+00   0.000000e+00]
d=[ ...        
   0.000000e+00   0.000000e+00   0.000000e+00;
   0.000000e+00   0.000000e+00   0.000000e+00;
   0.000000e+00   0.000000e+00   0.000000e+00]
     iteration=         500000       process=              4       (i,j,k)=              1              0              0       (x,y,z)=   1.500000e-02   5.000000e-03   5.324732e-02     particles=            109
fabric=[ ...   
   2.989270e-01  -3.676925e-03   1.341256e-02;
  -3.676925e-03   2.939004e-01   2.006455e-03;
   1.341256e-02   2.006455e-03   4.071726e-01]
sigma=[ ...    
  -7.703553e+01   2.383121e+01  -7.263501e+01;
  -8.370797e+01  -1.234359e+02   5.216494e+01;
   4.117669e+01   3.494234e+01  -2.976768e+02]
sigmaDot=[ ... 
   1.675719e+07  -1.327503e+07  -1.007713e+08;
  -3.648375e+08   3.447617e+06   9.866876e+05;
  -1.094547e+07  -6.730657e+07   3.998130e+07]
intgraE=[ ...  
   2.584165e+01  -5.645174e+00   5.482620e-03;
  -5.645174e+00   3.259490e+00   2.030927e-02;
   5.482620e-03   2.030927e-02  -4.998087e-01]
E=[ ...        
   2.162773e+06   1.458263e+07  -9.967337e+02;
   1.458263e+07   1.009091e+08  -6.811160e+03;
  -9.967337e+02  -6.811160e+03  -3.402322e-02]
e=[ ...        
  -6.635972e+01   1.937892e+01   2.244457e+00;
   1.937892e+01  -5.116879e+00  -6.505440e-01;
   2.244457e+00  -6.505440e-01   4.246543e-01]
intgraF=[ ...  
   4.184130e+00   3.213725e-01   8.513126e-03;
   3.442992e-01   1.569738e+00   1.684204e-02;
   5.920964e+00  -2.225224e+00  -5.143332e-03]
F=[ ...        
  -1.187443e+02  -1.771528e+02  -4.682739e-02;
  -1.700024e+02   1.029708e+03   2.515768e-02;
  -2.069431e+03  -1.416780e+04   9.639128e-01]
R=[ ...        
  -2.790347e-01   2.674302e-02  -9.599085e-01;
  -9.381676e-01   2.056933e-01   2.784455e-01;
  -2.048932e-01  -9.782510e-01   3.230615e-02]
U=[ ...        
   6.166370e+02   1.986279e+03  -2.080349e-01;
   1.986279e+03   1.406673e+04  -9.390262e-01;
  -2.080349e-01  -9.390262e-01   8.309536e-02]
l=[ ...        
   7.487396e+00   2.686655e+01   1.507561e+00;
   3.092359e-01  -5.120649e+00   1.734355e-01;
   6.878048e+01  -2.040373e+01  -2.247964e+01]
d=[ ...        
   7.487396e+00   1.358789e+01   3.514402e+01;
   1.358789e+01  -5.120649e+00  -1.011514e+01;
   3.514402e+01  -1.011514e+01  -2.247964e+01]
     iteration=         500000       process=              5       (i,j,k)=              1              0              1       (x,y,z)=   1.500000e-02   5.000000e-03   1.597420e-01     particles=              2
fabric=[ ...   
   0.000000e+00   0.000000e+00   0.000000e+00;
   0.000000e+00   0.000000e+00   0.000000e+00;
   0.000000e+00   0.000000e+00   0.000000e+00]
sigma=[ ...    
   0.000000e+00   0.000000e+00   0.000000e+00;
   0.000000e+00   0.000000e+00   0.000000e+00;
   0.000000e+00   0.000000e+00   0.000000e+00]
sigmaDot=[ ... 
   0.000000e+00   0.000000e+00   0.000000e+00;
   0.000000e+00   0.000000e+00   0.000000e+00;
   0.000000e+00   0.000000e+00   0.000000e+00]
intgraE=[ ...  
   0.000000e+00   0.000000e+00   0.000000e+00;
   0.000000e+00   0.000000e+00   0.000000e+00;
   0.000000e+00   0.000000e+00   0.000000e+00]
E=[ ...        
   0.000000e+00   0.000000e+00   0.000000e+00;
   0.000000e+00   0.000000e+00   0.000000e+00;
   0.000000e+00   0.000000e+00   0.000000e+00]
e=[ ...        
   0.000000e+00   0.000000e+00   0.000000e+00;
   0.000000e+00   0.000000e+00   0.000000e+00;
   0.000000e+00   0.000000e+00   0.000000e+00]
intgraF=[ ...  
   0.000000e+00   0.000000e+00   0.000000e+00;
   0.000000e+00   0.000000e+00   0.000000e+00;
   0.000000e+00   0.000000e+00   0.000000e+00]
F=[ ...        
   0.000000e+00   0.000000e+00   0.000000e+00;
   0.000000e+00   0.000000e+00   0.000000e+00;
   0.000000e+00   0.000000e+00   0.000000e+00]
R=[ ...        
   0.000000e+00   0.000000e+00   0.000000e+00;
   0.000000e+00   0.000000e+00   0.000000e+00;
   0.000000e+00   0.000000e+00   0.000000e+00]
U=[ ...        
   0.000000e+00   0.000000e+00   0.000000e+00;
   0.000000e+00   0.000000e+00   0.000000e+00;
   0.000000e+00   0.000000e+00   0.000000e+00]
l=[ ...        
   0.000000e+00   0.000000e+00   0.000000e+00;
   0.000000e+00   0.000000e+00   0.000000e+00;
   0.000000e+00   0.000000e+00   0.000000e+00]
d=[ ...        
   0.000000e+00   0.000000e+00   0.000000e+00;
   0.000000e+00   0.000000e+00   0.000000e+00;
   0.000000e+00   0.000000e+00   0.000000e+00]
     iteration=         500000       process=              6       (i,j,k)=              1              1              0       (x,y,z)=   1.500000e-02   1.500000e-02   5.324732e-02     particles=            114
fabric=[ ...   
   3.680879e-01   1.578713e-02  -2.616812e-03;
   1.578713e-02   3.293351e-01   1.986107e-02;
  -2.616812e-03   1.986107e-02   3.025771e-01]
sigma=[ ...    
  -1.207404e+02  -1.592968e+01  -7.126630e-01;
  -3.517687e+01  -7.039385e+01  -9.302469e-01;
  -1.398980e+01  -3.863966e+00  -3.150069e+01]
sigmaDot=[ ... 
   9.124895e+05   1.037236e+06  -2.619696e+06;
  -1.543239e+07   4.232912e+06   8.677633e+05;
   2.210912e+06  -7.290406e+06   2.971580e+06]
intgraE=[ ...  
   2.991162e-01  -8.001951e-01  -3.553989e-02;
  -8.001951e-01   3.174725e-01   3.858529e-02;
  -3.553989e-02   3.858529e-02  -4.978494e-01]
E=[ ...        
   2.943008e+08  -1.269850e+08  -2.736186e+03;
  -1.269850e+08   5.545611e+07   1.191815e+03;
  -2.736186e+03   1.191815e+03  -4.733684e-01]
e=[ ...        
  -3.553669e+00  -3.150813e+01   6.886739e-01;
  -3.150813e+01  -2.444047e+02   5.352887e+00;
   6.886739e-01   5.352887e+00   3.830018e-01]
intgraF=[ ...  
   6.337243e-01  -7.860791e-01  -5.733113e-02;
  -9.965496e-01   9.351376e-01   2.989832e-02;
  -4.511263e-01   3.775479e-01   1.097805e-02]
F=[ ...        
   1.826925e+03   3.518870e+02  -3.479047e-03;
  -7.635492e+02   1.847511e+02  -3.976828e-02;
  -2.418018e+04   1.052399e+04   2.273094e-01]
R=[ ...        
   4.462866e-01   8.857522e-01  -1.275590e-01;
  -7.690616e-02  -1.040522e-01  -9.915940e-01;
  -8.915793e-01   4.523452e-01   2.168269e-02]
U=[ ...        
   2.243260e+04  -9.240134e+03  -2.011586e-01;
  -9.240134e+03   5.052935e+03   1.038787e-01;
  -2.011586e-01   1.038787e-01   4.480645e-02]
l=[ ...        
   2.654156e+00   1.386319e+00   9.480125e-02;
  -2.401519e+00   3.468023e-01   2.346658e-01;
   5.976037e+00   2.275891e+01  -2.679582e+01]
d=[ ...        
   2.654156e+00  -5.075999e-01   3.035419e+00;
  -5.075999e-01   3.468023e-01   1.149679e+01;
   3.035419e+00   1.149679e+01  -2.679582e+01]
     iteration=         500000       process=              7       (i,j,k)=              1              1              1       (x,y,z)=   1.500000e-02   1.500000e-02   1.597420e-01     particles=              2
fabric=[ ...   
   0.000000e+00   0.000000e+00   0.000000e+00;
   0.000000e+00   0.000000e+00   0.000000e+00;
   0.000000e+00   0.000000e+00   0.000000e+00]
sigma=[ ...    
   0.000000e+00   0.000000e+00   0.000000e+00;
   0.000000e+00   0.000000e+00   0.000000e+00;
   0.000000e+00   0.000000e+00   0.000000e+00]
sigmaDot=[ ... 
   0.000000e+00   0.000000e+00   0.000000e+00;
   0.000000e+00   0.000000e+00   0.000000e+00;
   0.000000e+00   0.000000e+00   0.000000e+00]
intgraE=[ ...  
   0.000000e+00   0.000000e+00   0.000000e+00;
   0.000000e+00   0.000000e+00   0.000000e+00;
   0.000000e+00   0.000000e+00   0.000000e+00]
E=[ ...        
   0.000000e+00   0.000000e+00   0.000000e+00;
   0.000000e+00   0.000000e+00   0.000000e+00;
   0.000000e+00   0.000000e+00   0.000000e+00]
e=[ ...        
   0.000000e+00   0.000000e+00   0.000000e+00;
   0.000000e+00   0.000000e+00   0.000000e+00;
   0.000000e+00   0.000000e+00   0.000000e+00]
intgraF=[ ...  
   0.000000e+00   0.000000e+00   0.000000e+00;
   0.000000e+00   0.000000e+00   0.000000e+00;
   0.000000e+00   0.000000e+00   0.000000e+00]
F=[ ...        
   0.000000e+00   0.000000e+00   0.000000e+00;
   0.000000e+00   0.000000e+00   0.000000e+00;
   0.000000e+00   0.000000e+00   0.000000e+00]
R=[ ...        
   0.000000e+00   0.000000e+00   0.000000e+00;
   0.000000e+00   0.000000e+00   0.000000e+00;
   0.000000e+00   0.000000e+00   0.000000e+00]
U=[ ...        
   0.000000e+00   0.000000e+00   0.000000e+00;
   0.000000e+00   0.000000e+00   0.000000e+00;
   0.000000e+00   0.000000e+00   0.000000e+00]
l=[ ...        
   0.000000e+00   0.000000e+00   0.000000e+00;
   0.000000e+00   0.000000e+00   0.000000e+00;
   0.000000e+00   0.000000e+00   0.000000e+00]
d=[ ...        
   0.000000e+00   0.000000e+00   0.000000e+00;
   0.000000e+00   0.000000e+00   0.000000e+00;
   0.000000e+00   0.000000e+00   0.000000e+00]
