     iteration=        2250000       process=              0       (i,j,k)=              0              0              0       (x,y,z)=   5.000000e-03   5.000000e-03   5.253276e-03     particles=             80
fabric=[ ...   
   3.407082e-01   6.666257e-03  -4.673799e-04;
   6.666257e-03   3.072060e-01   5.698009e-04;
  -4.673799e-04   5.698009e-04   3.520858e-01]
sigma=[ ...    
  -3.170660e+02  -2.421398e+01   2.395719e+01;
  -2.421395e+01  -2.446867e+02  -2.607899e+01;
   2.395710e+01  -2.607934e+01  -3.734893e+02]
sigmaDot=[ ... 
   1.776844e+01   1.457794e+01  -9.946846e+00;
   4.859001e+00  -1.800138e+01   1.040051e+00;
  -4.614184e+00  -1.447951e+01  -6.320775e+00]
intgraE=[ ...  
   4.533046e+01  -1.805931e+01  -6.085594e-02;
  -1.805931e+01   1.188763e+01   8.600246e-03;
  -6.085594e-02   8.600246e-03  -4.998743e-01]
E=[ ...        
   1.856960e+05  -5.447726e+04  -1.992120e+00;
  -5.447726e+04   8.827127e+05   1.406978e+00;
  -1.992120e+00   1.406978e+00  -4.997948e-01]
e=[ ...        
  -4.184950e+01  -3.637002e+00  -2.366869e+02;
  -3.637002e+00   1.876510e-01  -2.032683e+01;
  -2.366869e+02  -2.032683e+01  -1.322319e+03]
intgraF=[ ...  
   6.091561e+00  -3.970248e+00  -3.533707e-03;
  -5.146863e-01   2.636640e+00  -6.445230e-03;
  -7.368100e+00   1.435455e+00   1.404750e-02]
F=[ ...        
   5.030110e+02  -8.537817e+02  -2.696482e-03;
  -3.334197e+02  -1.004089e+03   2.820541e-03;
  -8.487842e+01   1.681931e+02   1.988086e-02]
R=[ ...        
   7.722841e-01  -6.103819e-01   1.761003e-01;
  -6.221225e-01  -7.827737e-01   1.513011e-02;
  -1.286115e-01   1.212407e-01   9.842559e-01]
U=[ ...        
   6.068116e+02  -5.632731e+01  -6.394079e-03;
  -5.632731e+01   1.327499e+03   1.848408e-03;
  -6.394079e-03   1.848408e-03   1.913568e-02]
l=[ ...        
  -7.267059e-03  -1.006960e-03   3.124647e-04;
  -6.901050e-03  -9.567415e-04   2.966722e-04;
   1.030202e-04   1.464659e-05  -4.771503e-06]
d=[ ...        
  -7.267059e-03  -3.954005e-03   2.077425e-04;
  -3.954005e-03  -9.567415e-04   1.556594e-04;
   2.077425e-04   1.556594e-04  -4.771503e-06]
     iteration=        2250000       process=              1       (i,j,k)=              0              0              1       (x,y,z)=   5.000000e-03   5.000000e-03   1.575983e-02     particles=             46
fabric=[ ...   
   3.564787e-01  -1.130126e-02   2.350286e-02;
  -1.130126e-02   3.196542e-01   3.392458e-04;
   2.350286e-02   3.392458e-04   3.238671e-01]
sigma=[ ...    
  -6.729634e+01   8.042240e+00   7.166947e-01;
   8.042360e+00  -7.683548e+01   1.489457e+00;
   7.165971e-01   1.489445e+00  -1.060188e+02]
sigmaDot=[ ... 
  -1.990217e+01   1.056529e+01   2.587029e+01;
   1.620170e+01  -1.244744e+01  -5.685097e+00;
   2.515352e+01  -2.903771e+00  -3.638808e+00]
intgraE=[ ...  
   9.541105e-02  -6.456876e-02  -6.784939e-01;
  -6.456876e-02   1.150403e-02   3.409815e-01;
  -6.784939e-01   3.409815e-01   3.604720e+00]
E=[ ...        
   6.649840e+05  -8.275409e+05   3.175634e+00;
  -8.275409e+05   1.803571e+06  -2.435672e+01;
   3.175634e+00  -2.435672e+01  -4.994458e-01]
e=[ ...        
  -1.548284e+05  -7.115772e+04   1.213486e+05;
  -7.115772e+04  -3.270283e+04   5.577053e+04;
   1.213486e+05   5.577053e+04  -9.510758e+04]
intgraF=[ ...  
   9.981292e-01   3.867003e-04  -9.610479e-02;
  -3.448874e-02   9.878713e-01   6.129173e-02;
  -4.397393e-01   2.170674e-01   2.862944e+00]
F=[ ...        
   4.045324e+02  -1.217120e+03   1.976895e-02;
  -1.073970e+03   1.174091e+03  -1.298038e-03;
  -1.136228e+02  -8.644495e+02   2.675489e-02]
R=[ ...        
   6.245661e-03  -6.724524e-01  -7.401141e-01;
  -8.660895e-01   3.663227e-01  -3.401420e-01;
  -4.998499e-01  -6.431294e-01   5.801160e-01]
U=[ ...        
   9.894754e+02  -5.923744e+02  -1.212574e-02;
  -5.923744e+02   1.804504e+03  -3.097603e-02;
  -1.212574e-02  -3.097603e-02   1.331180e-03]
l=[ ...        
  -7.369926e-07   2.524212e-07   3.942388e-07;
  -3.288265e-08  -2.266825e-07  -3.966782e-08;
  -6.473959e-07  -3.302997e-08  -2.646271e-07]
d=[ ...        
  -7.369926e-07   1.097693e-07  -1.265785e-07;
   1.097693e-07  -2.266825e-07  -3.634889e-08;
  -1.265785e-07  -3.634889e-08  -2.646271e-07]
     iteration=        2250000       process=              2       (i,j,k)=              0              1              0       (x,y,z)=   5.000000e-03   1.500000e-02   5.253276e-03     particles=             81
fabric=[ ...   
   3.310358e-01  -4.756029e-04   1.723098e-03;
  -4.756029e-04   3.223818e-01   1.540881e-02;
   1.723098e-03   1.540881e-02   3.465825e-01]
sigma=[ ...    
  -2.982872e+02  -7.155185e+00   2.961766e+01;
  -7.155346e+00  -2.536351e+02  -3.486813e+01;
   2.961769e+01  -3.486790e+01  -2.910052e+02]
sigmaDot=[ ... 
   4.093288e+00  -4.713958e+00   4.196576e-01;
  -5.101459e+00   5.898425e+00  -5.280809e-01;
   5.611001e-01  -8.119994e-01   1.758057e+00]
intgraE=[ ...  
   1.494306e+01  -1.573106e+01  -2.006777e-01;
  -1.573106e+01   1.588545e+01   2.068347e-01;
  -2.006777e-01   2.068347e-01  -4.973759e-01]
E=[ ...        
   3.416832e+05   1.212494e+05   6.570760e+02;
   1.212494e+05   1.985409e+05   3.805817e+01;
   6.570760e+02   3.805817e+01   1.010235e+00]
e=[ ...        
  -6.694585e+01   6.556554e+01   1.550576e+01;
   6.556554e+01  -6.323767e+01  -1.507348e+01;
   1.550576e+01  -1.507348e+01  -3.064764e+00]
intgraF=[ ...  
   4.292670e+00  -4.910744e+00  -5.941268e-02;
   1.162511e+00  -9.055037e-01  -1.383890e-02;
   3.332818e+00  -2.799207e+00  -3.907458e-02]
F=[ ...        
  -4.851169e+02   4.748093e+01  -1.251550e+00;
  -3.665840e+02   1.904533e+02  -1.065217e+00;
  -5.600404e+02  -5.987954e+02  -5.651599e-01]
R=[ ...        
  -6.540505e-01   2.627177e-01  -7.093641e-01;
  -5.545898e-01   4.712007e-01   6.858572e-01;
  -5.144397e-01  -8.419913e-01   1.624885e-01]
U=[ ...        
   8.087017e+02   1.713657e+02   1.700076e+00;
   1.713657e+02   6.063963e+02  -3.548756e-01;
   1.700076e+00  -3.548756e-01   6.538634e-02]
l=[ ...        
  -1.852266e-03  -1.907654e-05  -1.137823e-03;
   5.369829e-03  -1.213361e-04   9.430212e-04;
  -3.714648e-05   3.417600e-06   2.825945e-05]
d=[ ...        
  -1.852266e-03   2.675376e-03  -5.874845e-04;
   2.675376e-03  -1.213361e-04   4.732194e-04;
  -5.874845e-04   4.732194e-04   2.825945e-05]
     iteration=        2250000       process=              3       (i,j,k)=              0              1              1       (x,y,z)=   5.000000e-03   1.500000e-02   1.575983e-02     particles=             39
fabric=[ ...   
   3.401522e-01   1.693462e-02   1.974685e-02;
   1.693462e-02   3.265421e-01   1.287607e-03;
   1.974685e-02   1.287607e-03   3.333057e-01]
sigma=[ ...    
  -1.009657e+02  -1.022727e+01  -9.290098e+00;
  -1.022951e+01  -8.771651e+01  -1.427383e+00;
  -9.286300e+00  -1.427741e+00  -1.334548e+02]
sigmaDot=[ ... 
   2.182306e+00  -7.757633e+00  -4.600330e+00;
  -7.287240e+00   6.709409e+00   2.264585e+00;
  -4.011391e+00   2.706149e+00  -4.928167e+00]
intgraE=[ ...  
  -4.111339e-02   7.395219e-02  -3.250967e-02;
   7.395219e-02   7.158015e-02  -4.380867e-02;
  -3.250967e-02  -4.380867e-02  -1.447513e-01]
E=[ ...        
   5.583773e+05  -5.799439e+05   7.735618e+00;
  -5.799439e+05   9.166755e+05  -4.056523e-01;
   7.735618e+00  -4.056523e-01  -4.995271e-01]
e=[ ...        
   4.122355e-01   5.161361e+00   9.739439e+00;
   5.161361e+00  -3.030422e+02  -5.727813e+02;
   9.739439e+00  -5.727813e+02  -1.080333e+03]
intgraF=[ ...  
   9.471465e-01  -1.347505e-04  -9.096780e-02;
   1.362075e-01   1.067701e+00  -1.257955e-01;
   4.619818e-02   5.634629e-02   8.284913e-01]
F=[ ...        
  -5.269754e+02  -1.399096e+02  -2.413087e-02;
  -8.113260e+02   1.189471e+03   6.075451e-03;
   4.252090e+02  -6.316141e+02   1.807119e-02]
R=[ ...        
  -8.711671e-01  -4.909214e-01  -8.007794e-03;
  -4.370550e-01   7.679403e-01   4.682420e-01;
   2.237205e-01  -4.114168e-01   8.835640e-01]
U=[ ...        
   9.088057e+02  -5.392846e+02   2.240961e-02;
  -5.392846e+02   1.241984e+03   9.077155e-03;
   2.240961e-02   9.077155e-03   1.900507e-02]
l=[ ...        
   1.821281e-08  -6.398966e-08  -1.284966e-07;
  -6.505446e-08   1.194101e-07   8.123052e-08;
  -2.612454e-08  -2.601770e-08  -1.072888e-07]
d=[ ...        
   1.821281e-08  -6.452206e-08  -7.731058e-08;
  -6.452206e-08   1.194101e-07   2.760641e-08;
  -7.731058e-08   2.760641e-08  -1.072888e-07]
     iteration=        2250000       process=              4       (i,j,k)=              1              0              0       (x,y,z)=   1.500000e-02   5.000000e-03   5.253276e-03     particles=             77
fabric=[ ...   
   3.322180e-01   4.587487e-03  -1.146351e-02;
   4.587487e-03   3.198826e-01   2.024704e-02;
  -1.146351e-02   2.024704e-02   3.478994e-01]
sigma=[ ...    
  -2.893363e+02   1.823818e+01  -3.846127e+00;
   1.823823e+01  -2.590196e+02  -4.828048e+01;
  -3.839365e+00  -4.827393e+01  -3.699049e+02]
sigmaDot=[ ... 
   4.250266e+01   1.050989e+02  -7.840726e+01;
   5.860279e+01  -4.374824e+01  -1.594820e+02;
  -1.078084e+02  -2.158198e+02   8.552272e+01]
intgraE=[ ...  
   1.997187e+01  -1.506961e+00   1.549212e-02;
  -1.506961e+00   2.807008e+00   2.983768e-02;
   1.549212e-02   2.983768e-02  -4.996866e-01]
E=[ ...        
   1.458546e+06  -7.915277e+05   8.648067e+00;
  -7.915277e+05   4.651111e+05  -4.766080e+00;
   8.648067e+00  -4.766080e+00  -4.996759e-01]
e=[ ...        
  -7.131130e+02   2.837069e+02   2.542135e+02;
   2.837069e+02  -1.122917e+02  -1.010661e+02;
   2.542135e+02  -1.010661e+02  -9.005958e+01]
intgraF=[ ...  
   4.235445e+00   9.829290e-01   1.482423e-02;
   8.721531e-01   1.543405e+00   1.753234e-02;
   4.716365e+00  -1.807144e+00  -9.985202e-03]
F=[ ...        
  -7.253116e+00  -1.216514e+02  -2.038532e-02;
  -1.149847e+03   4.503925e+02   1.728044e-03;
   1.262890e+03  -8.441390e+02   1.515196e-02]
R=[ ...        
  -2.039291e-01  -4.244743e-01  -8.821760e-01;
  -8.860353e-01  -3.032137e-01   3.507178e-01;
   4.163585e-01  -8.531606e-01   3.142651e-01]
U=[ ...        
   1.546100e+03  -7.257199e+02   8.934701e-03;
  -7.257199e+02   6.352589e+02  -4.797977e-03;
   8.934701e-03  -4.797977e-03   2.335123e-02]
l=[ ...        
  -1.183180e-06   4.427667e-04   3.251512e-04;
  -1.399685e-06   5.826779e-05   5.149200e-05;
   4.817802e-07   1.402425e-05  -3.850784e-06]
d=[ ...        
  -1.183180e-06   2.206835e-04   1.628165e-04;
   2.206835e-04   5.826779e-05   3.275812e-05;
   1.628165e-04   3.275812e-05  -3.850784e-06]
     iteration=        2250000       process=              5       (i,j,k)=              1              0              1       (x,y,z)=   1.500000e-02   5.000000e-03   1.575983e-02     particles=             35
fabric=[ ...   
   3.330019e-01   1.096332e-02   3.956542e-03;
   1.096332e-02   3.613500e-01   2.199391e-03;
   3.956542e-03   2.199391e-03   3.056481e-01]
sigma=[ ...    
  -1.122962e+02  -1.814618e+00   1.048050e+00;
  -1.814237e+00  -1.197023e+02   1.542162e+01;
   1.047851e+00   1.542170e+01  -1.337204e+02]
sigmaDot=[ ... 
   2.561984e+01   1.698330e+01   1.920813e+01;
   2.388516e+01  -2.750263e+00  -2.804075e+01;
   3.750151e+01  -1.713845e+01   1.648374e+01]
intgraE=[ ...  
  -9.614574e-03   1.044750e-02  -6.499426e-02;
   1.044750e-02   4.347368e-02   1.493197e-01;
  -6.499426e-02   1.493197e-01  -4.027498e-01]
E=[ ...        
   1.446285e+06  -4.948988e+05  -6.632021e+03;
  -4.948988e+05   9.678349e+05   9.123866e+03;
  -6.632021e+03   9.123866e+03   1.197083e+02]
e=[ ...        
   4.994273e-01  -2.034181e-03   3.976825e-04;
  -2.034181e-03   4.927722e-01   1.413318e-03;
   3.976825e-04   1.413318e-03   4.997233e-01]
intgraF=[ ...  
   9.892160e-01   2.952756e-02  -1.144071e-01;
   2.639693e-03   1.015634e+00   2.124687e-01;
  -4.707094e-02   2.335857e-01   3.691454e-01]
F=[ ...        
  -1.124083e+03   1.271325e+03   1.067151e+01;
   5.422837e+02  -2.595663e+02  -1.056540e+01;
   1.155394e+03   5.020247e+02   3.861076e+00]
R=[ ...        
  -5.138166e-01   8.180652e-01  -2.583831e-01;
   3.000325e-01  -1.108089e-01  -9.474713e-01;
   8.037244e-01   5.643498e-01   1.885107e-01]
U=[ ...        
   1.668894e+03  -3.276168e+02  -5.549919e+00;
  -3.276168e+02   1.352107e+03   1.207973e+01;
  -5.549919e+00   1.207973e+01   7.980928e+00]
l=[ ...        
   2.084497e-07   1.849379e-06   3.447486e-06;
  -1.815791e-07  -6.570168e-07  -8.000948e-07;
  -2.732067e-07  -1.128057e-06  -5.827190e-07]
d=[ ...        
   2.084497e-07   8.338997e-07   1.587140e-06;
   8.338997e-07  -6.570168e-07  -9.640760e-07;
   1.587140e-06  -9.640760e-07  -5.827190e-07]
     iteration=        2250000       process=              6       (i,j,k)=              1              1              0       (x,y,z)=   1.500000e-02   1.500000e-02   5.253276e-03     particles=             70
fabric=[ ...   
   3.123526e-01  -2.503792e-03   9.989599e-03;
  -2.503792e-03   3.305754e-01   2.192518e-02;
   9.989599e-03   2.192518e-02   3.570721e-01]
sigma=[ ...    
  -3.135330e+02  -4.046279e+01   1.803766e+01;
  -4.047016e+01  -3.481458e+02   2.111287e+01;
   1.804112e+01   2.110161e+01  -3.547306e+02]
sigmaDot=[ ... 
   8.899230e+00   2.117665e+00  -3.230469e-02;
   6.610223e-01   1.447015e+01  -4.866835e+00;
  -1.350295e+00  -3.692325e+00   1.235317e+01]
intgraE=[ ...  
   3.548337e-01  -8.486806e-01  -3.516904e-02;
  -8.486806e-01   3.523375e-01   3.685227e-02;
  -3.516904e-02   3.685227e-02  -4.981689e-01]
E=[ ...        
   1.331211e+06  -1.089148e+06  -1.152440e+00;
  -1.089148e+06   9.192121e+05   1.885972e+00;
  -1.152440e+00   1.885972e+00  -4.999352e-01]
e=[ ...        
  -4.082447e+02  -1.080544e+03   1.356474e+03;
  -1.080544e+03  -2.855988e+03   3.585927e+03;
   1.356474e+03   3.585927e+03  -4.501138e+03]
intgraF=[ ...  
   4.853422e-01  -6.116181e-01  -4.569626e-02;
  -1.110155e+00   1.054510e+00   3.594594e-02;
  -4.915946e-01   4.675543e-01   1.679064e-02]
F=[ ...        
   5.952097e+02  -2.730032e+02   4.822209e-03;
  -1.270651e+03   1.077685e+03  -2.488066e-03;
  -8.328244e+02   7.762017e+02   1.001000e-02]
R=[ ...        
   8.213667e-01   5.222529e-01  -2.293657e-01;
  -5.402784e-01   5.833756e-01  -6.064422e-01;
  -1.829098e-01   6.220328e-01   7.613273e-01]
U=[ ...        
   1.327722e+03  -9.484607e+02   3.474124e-03;
  -9.484607e+02   9.689415e+02   7.293481e-03;
   3.474124e-03   7.293481e-03   8.023701e-03]
l=[ ...        
   5.602386e-03  -3.566018e-03   1.274602e-02;
   7.161065e-02   3.758706e-02  -9.861573e-02;
  -5.603460e-03   1.632576e-02  -1.045153e-02]
d=[ ...        
   5.602386e-03   3.402232e-02   3.571281e-03;
   3.402232e-02   3.758706e-02  -4.114498e-02;
   3.571281e-03  -4.114498e-02  -1.045153e-02]
     iteration=        2250000       process=              7       (i,j,k)=              1              1              1       (x,y,z)=   1.500000e-02   1.500000e-02   1.575983e-02     particles=             48
fabric=[ ...   
   3.295687e-01  -1.015338e-02  -9.363665e-03;
  -1.015338e-02   3.120910e-01  -6.333301e-03;
  -9.363665e-03  -6.333301e-03   3.583403e-01]
sigma=[ ...    
  -7.720004e+01   4.765140e-01   1.207466e+01;
   4.765092e-01  -7.535134e+01   4.101938e+00;
   1.207465e+01   4.101920e+00  -1.001876e+02]
sigmaDot=[ ... 
  -3.956905e+00   9.693654e-01  -1.745796e-01;
   3.283423e-02   6.257796e+00   2.353149e+00;
  -1.205475e+00   2.607047e+00  -6.341574e+00]
intgraE=[ ...  
   1.740593e-02   7.398291e-02  -9.779643e-02;
   7.398291e-02   1.064827e-02  -3.851895e-02;
  -9.779643e-02  -3.851895e-02  -4.664300e-01]
E=[ ...        
   6.940563e+05  -5.277906e+05   1.521941e+01;
  -5.277906e+05   4.208986e+05  -1.237949e+01;
   1.521941e+01  -1.237949e+01  -4.996319e-01]
e=[ ...        
  -2.902842e+04  -1.319487e+04  -7.424862e+04;
  -1.319487e+04  -5.997122e+03  -3.374912e+04;
  -7.424862e+04  -3.374912e+04  -1.899086e+05]
intgraF=[ ...  
   1.008011e+00   2.683120e-02  -1.737981e-01;
   1.045809e-01   9.911030e-01  -3.574203e-02;
  -8.825153e-02  -1.956823e-01   1.888298e-01]
F=[ ...        
  -6.868624e+02   6.663999e+02  -2.046772e-02;
  -8.595599e+02   5.223412e+02  -1.319020e-02;
   4.212961e+02  -3.533681e+02   1.196912e-02]
R=[ ...        
  -9.087297e-02   9.288243e-01   3.592039e-01;
  -9.737723e-01  -1.584258e-01   1.633060e-01;
   2.085898e-01  -3.349427e-01   9.188600e-01]
U=[ ...        
   9.873109e+02  -6.429081e+02   1.720085e-02;
  -6.429081e+02   6.545742e+02  -2.093021e-02;
   1.720085e-02  -2.093021e-02   1.491819e-03]
l=[ ...        
  -7.000443e-08  -2.345562e-08   1.506996e-08;
   2.455674e-07   1.195237e-07   4.021154e-07;
   1.641694e-08   1.224866e-08  -5.372476e-08]
d=[ ...        
  -7.000443e-08   1.110559e-07   1.574345e-08;
   1.110559e-07   1.195237e-07   2.071820e-07;
   1.574345e-08   2.071820e-07  -5.372476e-08]
