     iteration=        1350000       process=              0       (i,j,k)=              0              0              0       (x,y,z)=   5.000000e-03   5.000000e-03   5.253277e-03     particles=             80
fabric=[ ...   
   3.406958e-01   6.662756e-03  -4.613076e-04;
   6.662756e-03   3.072296e-01   5.812204e-04;
  -4.613076e-04   5.812204e-04   3.520746e-01]
sigma=[ ...    
  -3.169687e+02  -2.433446e+01   2.403391e+01;
  -2.433691e+01  -2.443926e+02  -2.633410e+01;
   2.403577e+01  -2.633569e+01  -3.727621e+02]
sigmaDot=[ ... 
  -3.577525e+02  -2.282242e+02  -2.313634e+02;
  -1.528815e+02   3.673861e+02   2.075143e+02;
  -2.921170e+02   3.405052e+02  -1.067905e+03]
intgraE=[ ...  
   4.534711e+01  -1.806636e+01  -6.087675e-02;
  -1.806636e+01   1.189021e+01   8.610228e-03;
  -6.087675e-02   8.610228e-03  -4.998743e-01]
E=[ ...        
   1.861757e+05  -5.347305e+04  -1.989725e+00;
  -5.347305e+04   8.836320e+05   1.417831e+00;
  -1.989725e+00   1.417831e+00  -4.997947e-01]
e=[ ...        
  -4.159804e+01  -3.851631e+00  -2.359015e+02;
  -3.851631e+00   1.476060e-01  -2.158309e+01;
  -2.359015e+02  -2.158309e+01  -1.321403e+03]
intgraF=[ ...  
   6.094497e+00  -3.971947e+00  -3.536037e-03;
  -5.119431e-01   2.635051e+00  -6.447404e-03;
  -7.368123e+00   1.435467e+00   1.404752e-02]
F=[ ...        
   5.031297e+02  -8.533048e+02  -2.705300e-03;
  -3.348179e+02  -1.005325e+03   2.812293e-03;
  -8.431985e+01   1.686916e+02   1.988532e-02]
R=[ ...        
   7.724454e-01  -6.103077e-01   1.756492e-01;
  -6.221142e-01  -7.827614e-01   1.607698e-02;
  -1.276795e-01   1.216924e-01   9.843215e-01]
U=[ ...        
   6.077011e+02  -5.524252e+01  -6.378211e-03;
  -5.524252e+01   1.328237e+03   1.869604e-03;
  -6.378211e-03   1.869604e-03   1.914358e-02]
l=[ ...        
   1.686703e-02   2.339407e-03  -7.283287e-04;
   1.573542e-02   2.179676e-03  -6.727301e-04;
  -9.442465e-05  -1.938231e-05  -8.389951e-06]
d=[ ...        
   1.686703e-02   9.037414e-03  -4.113767e-04;
   9.037414e-03   2.179676e-03  -3.460562e-04;
  -4.113767e-04  -3.460562e-04  -8.389951e-06]
     iteration=        1350000       process=              1       (i,j,k)=              0              0              1       (x,y,z)=   5.000000e-03   5.000000e-03   1.575983e-02     particles=             46
fabric=[ ...   
   3.564636e-01  -1.369073e-02   2.299491e-02;
  -1.369073e-02   3.135620e-01   3.339746e-04;
   2.299491e-02   3.339746e-04   3.299744e-01]
sigma=[ ...    
  -6.540495e+01   6.266843e+00   1.236340e-02;
   6.404146e+00  -7.472568e+01   1.899115e+00;
   1.094960e-01   1.962927e+00  -1.041651e+02]
sigmaDot=[ ... 
  -2.639245e+03  -7.482871e+02  -4.149208e+03;
  -2.668952e+03  -2.623805e+03  -8.591836e+02;
  -6.725551e+03  -3.355434e+03  -4.527668e+03]
intgraE=[ ...  
   9.536406e-02  -6.457344e-02  -6.784953e-01;
  -6.457344e-02   1.153616e-02   3.410953e-01;
  -6.784953e-01   3.410953e-01   3.605148e+00]
E=[ ...        
   6.651463e+05  -8.275058e+05   3.177733e+00;
  -8.275058e+05   1.803230e+06  -2.435625e+01;
   3.177733e+00  -2.435625e+01  -4.994459e-01]
e=[ ...        
  -1.550716e+05  -7.127510e+04   1.215628e+05;
  -7.127510e+04  -3.275935e+04   5.587338e+04;
   1.215628e+05   5.587338e+04  -9.529404e+04]
intgraF=[ ...  
   9.980590e-01   4.381076e-04  -9.589804e-02;
  -3.452352e-02   9.878965e-01   6.139533e-02;
  -4.397890e-01   2.171006e-01   2.863098e+00]
F=[ ...        
   4.045439e+02  -1.217102e+03   1.977198e-02;
  -1.074107e+03   1.173928e+03  -1.302147e-03;
  -1.137159e+02  -8.643002e+02   2.674921e-02]
R=[ ...        
   6.236503e-03  -6.725131e-01  -7.400589e-01;
  -8.661092e-01   3.662748e-01  -3.401434e-01;
  -4.998159e-01  -6.430932e-01   5.801856e-01]
U=[ ...        
   9.896542e+02  -5.923496e+02  -1.211857e-02;
  -5.923496e+02   1.804323e+03  -3.097609e-02;
  -1.211857e-02  -3.097609e-02   1.329995e-03]
l=[ ...        
   2.399250e-04  -2.296344e-04  -6.235540e-04;
  -1.855324e-04   8.382816e-05   2.861762e-04;
   7.813449e-04  -8.289876e-04  -1.675254e-03]
d=[ ...        
   2.399250e-04  -2.075834e-04   7.889544e-05;
  -2.075834e-04   8.382816e-05  -2.714057e-04;
   7.889544e-05  -2.714057e-04  -1.675254e-03]
     iteration=        1350000       process=              2       (i,j,k)=              0              1              0       (x,y,z)=   5.000000e-03   1.500000e-02   5.253277e-03     particles=             81
fabric=[ ...   
   3.319254e-01  -1.813086e-03   1.732815e-03;
  -1.813086e-03   3.201010e-01   1.595438e-02;
   1.732815e-03   1.595438e-02   3.479736e-01]
sigma=[ ...    
  -2.981868e+02  -7.235333e+00   2.966642e+01;
  -7.201310e+00  -2.534159e+02  -3.447986e+01;
   2.967962e+01  -3.450283e+01  -2.914271e+02]
sigmaDot=[ ... 
  -1.495973e+03   1.665138e+03  -9.618156e+04;
  -3.478232e+03  -1.787385e+03   2.135957e+02;
  -1.763653e+04  -1.391496e+05   6.283428e+03]
intgraE=[ ...  
   1.494371e+01  -1.573189e+01  -2.006870e-01;
  -1.573189e+01   1.588652e+01   2.068468e-01;
  -2.006870e-01   2.068468e-01  -4.973758e-01]
E=[ ...        
   3.379183e+05   1.169144e+05   6.556588e+02;
   1.169144e+05   1.935970e+05   3.662743e+01;
   6.556588e+02   3.662743e+01   1.010336e+00]
e=[ ...        
  -6.534177e+01   6.397108e+01   1.484979e+01;
   6.397108e+01  -6.165353e+01  -1.442788e+01;
   1.484979e+01  -1.442788e+01  -2.849186e+00]
intgraF=[ ...  
   4.293041e+00  -4.911128e+00  -5.941754e-02;
   1.161699e+00  -9.045977e-01  -1.382783e-02;
   3.332817e+00  -2.799206e+00  -3.907456e-02]
F=[ ...        
  -4.836732e+02   4.882482e+01  -1.250645e+00;
  -3.695481e+02   1.875155e+02  -1.066302e+00;
  -5.525685e+02  -5.913113e+02  -5.652954e-01]
R=[ ...        
  -6.535673e-01   2.624821e-01  -7.098964e-01;
  -5.572264e-01   4.678655e-01   6.860033e-01;
  -5.121997e-01  -8.439224e-01   1.595197e-01]
U=[ ...        
   8.050604e+02   1.664705e+02   1.701096e+00;
   1.664705e+02   5.995685e+02  -3.500925e-01;
   1.701096e+00  -3.500925e-01   6.616561e-02]
l=[ ...        
  -3.214342e-03   5.302350e-04   8.642627e-03;
   1.285364e-02  -4.875862e-04  -8.478451e-04;
   1.628598e-05  -9.116131e-06  -1.401314e-05]
d=[ ...        
  -3.214342e-03   6.691939e-03   4.329457e-03;
   6.691939e-03  -4.875862e-04  -4.284806e-04;
   4.329457e-03  -4.284806e-04  -1.401314e-05]
     iteration=        1350000       process=              3       (i,j,k)=              0              1              1       (x,y,z)=   5.000000e-03   1.500000e-02   1.575983e-02     particles=             39
fabric=[ ...   
   3.370304e-01   8.473492e-03   2.133391e-02;
   8.473492e-03   3.284129e-01  -3.963496e-03;
   2.133391e-02  -3.963496e-03   3.345567e-01]
sigma=[ ...    
  -1.021850e+02  -9.848651e+00  -1.071497e+01;
  -9.018229e+00  -8.527460e+01  -8.195448e-01;
  -8.118057e+00  -2.548564e+00  -1.341839e+02]
sigmaDot=[ ... 
  -2.365227e+05   3.281748e+05  -6.078471e+06;
   1.628810e+06   5.846035e+04   8.875197e+04;
  -1.213819e+05  -3.621593e+06   1.974873e+05]
intgraE=[ ...  
  -4.105318e-02   7.391452e-02  -3.234907e-02;
   7.391452e-02   7.143654e-02  -4.363614e-02;
  -3.234907e-02  -4.363614e-02  -1.445393e-01]
E=[ ...        
   5.579009e+05  -5.830266e+05   7.663265e+00;
  -5.830266e+05   9.256203e+05  -2.479954e-01;
   7.663265e+00  -2.479954e-01  -4.995250e-01]
e=[ ...        
   4.832208e-01   2.254211e+00   4.277489e+00;
   2.254211e+00  -3.023779e+02  -5.747275e+02;
   4.277489e+00  -5.747275e+02  -1.090077e+03]
intgraF=[ ...  
   9.472045e-01  -2.262018e-04  -9.070881e-02;
   1.362380e-01   1.067572e+00  -1.254293e-01;
   4.622160e-02   5.623828e-02   8.288310e-01]
F=[ ...        
  -5.255588e+02  -1.407374e+02  -2.421094e-02;
  -8.114653e+02   1.197002e+03   6.246499e-03;
   4.255759e+02  -6.313647e+02   1.802515e-02]
R=[ ...        
  -8.715373e-01  -4.903166e-01  -3.516201e-03;
  -4.351997e-01   7.702238e-01   4.662151e-01;
   2.258847e-01  -4.078541e-01   8.846644e-01]
U=[ ...        
   9.073247e+02  -5.408926e+02   2.245387e-02;
  -5.408926e+02   1.248470e+03   9.330596e-03;
   2.245387e-02   9.330596e-03   1.894356e-02]
l=[ ...        
  -9.370153e-04   1.019272e-03  -4.436372e-03;
   1.316556e-04   2.335218e-03  -6.172356e-03;
  -1.595866e-04   1.815518e-03  -5.851702e-03]
d=[ ...        
  -9.370153e-04   5.754639e-04  -2.297979e-03;
   5.754639e-04   2.335218e-03  -2.178419e-03;
  -2.297979e-03  -2.178419e-03  -5.851702e-03]
     iteration=        1350000       process=              4       (i,j,k)=              1              0              0       (x,y,z)=   1.500000e-02   5.000000e-03   5.253277e-03     particles=             77
fabric=[ ...   
   3.322048e-01   4.589400e-03  -1.145195e-02;
   4.589400e-03   3.198981e-01   2.025352e-02;
  -1.145195e-02   2.025352e-02   3.478971e-01]
sigma=[ ...    
  -2.888569e+02   1.823370e+01  -3.824794e+00;
   1.823530e+01  -2.587603e+02  -4.825976e+01;
  -3.815043e+00  -4.824467e+01  -3.696380e+02]
sigmaDot=[ ... 
  -2.113156e+02   5.716394e+01  -4.886008e+00;
   1.886686e+01  -1.563971e+02   2.726169e+02;
  -1.258332e+02   2.724589e+00   2.635308e+02]
intgraE=[ ...  
   1.997170e+01  -1.507048e+00   1.549097e-02;
  -1.507048e+00   2.807035e+00   2.983781e-02;
   1.549097e-02   2.983781e-02  -4.996866e-01]
E=[ ...        
   1.458464e+06  -7.914569e+05   8.648042e+00;
  -7.914569e+05   4.650539e+05  -4.766109e+00;
   8.648042e+00  -4.766109e+00  -4.996759e-01]
e=[ ...        
  -7.131789e+02   2.837102e+02   2.541988e+02;
   2.837102e+02  -1.122839e+02  -1.010522e+02;
   2.541988e+02  -1.010522e+02  -9.004076e+01]
intgraF=[ ...  
   4.235402e+00   9.829187e-01   1.482404e-02;
   8.721497e-01   1.543409e+00   1.753237e-02;
   4.716368e+00  -1.807161e+00  -9.985372e-03]
F=[ ...        
  -7.295565e+00  -1.216094e+02  -2.038495e-02;
  -1.149831e+03   4.503745e+02   1.728130e-03;
   1.262839e+03  -8.440870e+02   1.515190e-02]
R=[ ...        
  -2.039297e-01  -4.244287e-01  -8.821978e-01;
  -8.860410e-01  -3.032196e-01   3.506982e-01;
   4.163461e-01  -8.531812e-01   3.142257e-01]
U=[ ...        
   1.546064e+03  -7.256828e+02   8.934340e-03;
  -7.256828e+02   6.352112e+02  -4.799363e-03;
   8.934340e-03  -4.799363e-03   2.335073e-02]
l=[ ...        
  -1.654940e-06  -1.561656e-04  -1.286685e-04;
   1.994381e-06  -2.484733e-05  -1.748449e-05;
   3.818098e-07   4.455577e-05  -2.018445e-07]
d=[ ...        
  -1.654940e-06  -7.708560e-05  -6.414337e-05;
  -7.708560e-05  -2.484733e-05   1.353564e-05;
  -6.414337e-05   1.353564e-05  -2.018445e-07]
     iteration=        1350000       process=              5       (i,j,k)=              1              0              1       (x,y,z)=   1.500000e-02   5.000000e-03   1.575983e-02     particles=             35
fabric=[ ...   
   3.330607e-01   7.185377e-03   4.723687e-03;
   7.185377e-03   3.589190e-01   3.254340e-03;
   4.723687e-03   3.254340e-03   3.080203e-01]
sigma=[ ...    
  -1.117895e+02  -1.771860e+00   8.750926e-01;
  -1.770272e+00  -1.199190e+02   1.583661e+01;
   8.693442e-01   1.584152e+01  -1.344149e+02]
sigmaDot=[ ... 
  -1.704597e+03   5.013545e+02   4.887487e+02;
   5.858611e+02  -5.321130e+02  -4.627960e+02;
   7.670118e+02  -2.293547e+02   5.390688e+02]
intgraE=[ ...  
  -9.614573e-03   1.044582e-02  -6.499462e-02;
   1.044582e-02   4.347240e-02   1.493200e-01;
  -6.499462e-02   1.493200e-01  -4.027497e-01]
E=[ ...        
   1.446294e+06  -4.949060e+05  -6.631911e+03;
  -4.949060e+05   9.678405e+05   9.123663e+03;
  -6.631911e+03   9.123663e+03   1.197015e+02]
e=[ ...        
   4.994273e-01  -2.034343e-03   3.977149e-04;
  -2.034343e-03   4.927717e-01   1.413425e-03;
   3.977149e-04   1.413425e-03   4.997233e-01]
intgraF=[ ...  
   9.892159e-01   2.952536e-02  -1.144074e-01;
   2.638735e-03   1.015633e+00   2.124688e-01;
  -4.707151e-02   2.335872e-01   3.691458e-01]
F=[ ...        
  -1.124088e+03   1.271329e+03   1.067125e+01;
   5.422876e+02  -2.595695e+02  -1.056506e+01;
   1.155396e+03   5.020234e+02   3.860937e+00]
R=[ ...        
  -5.138162e-01   8.180649e-01  -2.583847e-01;
   3.000335e-01  -1.108101e-01  -9.474708e-01;
   8.037243e-01   5.643499e-01   1.885109e-01]
U=[ ...        
   1.668899e+03  -3.276207e+02  -5.549806e+00;
  -3.276207e+02   1.352110e+03   1.207941e+01;
  -5.549806e+00   1.207941e+01   7.980627e+00]
l=[ ...        
  -3.562056e-05  -6.260609e-06   2.180625e-05;
   1.924996e-05  -4.223913e-06   2.376609e-06;
  -1.183679e-05   3.681353e-05   2.668123e-05]
d=[ ...        
  -3.562056e-05   6.494674e-06   4.984728e-06;
   6.494674e-06  -4.223913e-06   1.959507e-05;
   4.984728e-06   1.959507e-05   2.668123e-05]
     iteration=        1350000       process=              6       (i,j,k)=              1              1              0       (x,y,z)=   1.500000e-02   1.500000e-02   5.253277e-03     particles=             70
fabric=[ ...   
   3.124550e-01  -2.482911e-03   1.030191e-02;
  -2.482911e-03   3.303597e-01   2.157198e-02;
   1.030191e-02   2.157198e-02   3.571853e-01]
sigma=[ ...    
  -3.136379e+02  -4.048931e+01   1.811637e+01;
  -4.049546e+01  -3.482175e+02   2.110572e+01;
   1.811533e+01   2.109441e+01  -3.548424e+02]
sigmaDot=[ ... 
  -1.105024e+02   1.557161e+02   1.576394e+02;
   1.555628e+02   2.368430e+02  -1.116062e+02;
   1.906218e+02  -1.492541e+02   3.397426e+02]
intgraE=[ ...  
   3.623265e-01  -8.559053e-01  -3.543743e-02;
  -8.559053e-01   3.592698e-01   3.710415e-02;
  -3.543743e-02   3.710415e-02  -4.981607e-01]
E=[ ...        
   1.329568e+06  -1.087940e+06  -1.158887e+00;
  -1.087940e+06   9.189128e+05   1.910591e+00;
  -1.158887e+00   1.910591e+00  -4.999348e-01]
e=[ ...        
  -4.335737e+02  -1.123192e+03   1.397761e+03;
  -1.123192e+03  -2.905828e+03   3.616791e+03;
   1.397761e+03   3.616791e+03  -4.500430e+03]
intgraF=[ ...  
   4.842085e-01  -6.103266e-01  -4.561638e-02;
  -1.117872e+00   1.062378e+00   3.631175e-02;
  -4.904669e-01   4.662561e-01   1.670888e-02]
F=[ ...        
   5.938644e+02  -2.700833e+02   4.843740e-03;
  -1.268581e+03   1.075271e+03  -2.506841e-03;
  -8.349634e+02   7.801760e+02   1.002970e-02]
R=[ ...        
   8.198318e-01   5.220509e-01  -2.352417e-01;
  -5.429894e-01   5.783826e-01  -6.087989e-01;
  -1.817643e-01   6.268464e-01   7.576446e-01]
U=[ ...        
   1.327462e+03  -9.470916e+02   3.509200e-03;
  -9.470916e+02   9.699712e+02   7.365845e-03;
   3.509200e-03   7.365845e-03   7.985657e-03]
l=[ ...        
  -4.145262e-02   5.710304e-03  -1.588653e-02;
  -2.372226e-01  -8.381197e-02   1.761618e-01;
   3.848753e-02  -2.539761e-02   1.878611e-02]
d=[ ...        
  -4.145262e-02  -1.157562e-01   1.130050e-02;
  -1.157562e-01  -8.381197e-02   7.538210e-02;
   1.130050e-02   7.538210e-02   1.878611e-02]
     iteration=        1350000       process=              7       (i,j,k)=              1              1              1       (x,y,z)=   1.500000e-02   1.500000e-02   1.575983e-02     particles=             48
fabric=[ ...   
   3.295686e-01  -1.015323e-02  -9.363605e-03;
  -1.015323e-02   3.120910e-01  -6.333271e-03;
  -9.363605e-03  -6.333271e-03   3.583403e-01]
sigma=[ ...    
  -7.711537e+01   2.953978e-01   1.187402e+01;
   2.967112e-01  -7.572902e+01   3.707353e+00;
   1.187736e+01   3.704967e+00  -9.996048e+01]
sigmaDot=[ ... 
  -1.060807e+03   1.577261e+02  -6.044393e+01;
   4.001010e+02   1.268670e+02  -5.557692e+02;
   3.205383e+02  -7.172279e+02  -5.314826e+02]
intgraE=[ ...  
   1.740894e-02   7.398367e-02  -9.779703e-02;
   7.398367e-02   1.064828e-02  -3.851903e-02;
  -9.779703e-02  -3.851903e-02  -4.664299e-01]
E=[ ...        
   6.940544e+05  -5.277890e+05   1.521940e+01;
  -5.277890e+05   4.208972e+05  -1.237948e+01;
   1.521940e+01  -1.237948e+01  -4.996319e-01]
e=[ ...        
  -2.901354e+04  -1.318819e+04  -7.421096e+04;
  -1.318819e+04  -5.994130e+03  -3.373224e+04;
  -7.421096e+04  -3.373224e+04  -1.898134e+05]
intgraF=[ ...  
   1.008014e+00   2.683354e-02  -1.737990e-01;
   1.045801e-01   9.911028e-01  -3.574174e-02;
  -8.825077e-02  -1.956827e-01   1.888295e-01]
F=[ ...        
  -6.868620e+02   6.663993e+02  -2.046774e-02;
  -8.595588e+02   5.223403e+02  -1.319022e-02;
   4.212945e+02  -3.533664e+02   1.196912e-02]
R=[ ...        
  -9.087328e-02   9.288250e-01   3.592022e-01;
  -9.737722e-01  -1.584258e-01   1.633063e-01;
   2.085899e-01  -3.349409e-01   9.188606e-01]
U=[ ...        
   9.873096e+02  -6.429070e+02   1.720088e-02;
  -6.429070e+02   6.545730e+02  -2.093023e-02;
   1.720088e-02  -2.093023e-02   1.491851e-03]
l=[ ...        
   2.899626e-05   2.612879e-05  -2.316410e-06;
  -5.471028e-05  -6.306351e-06   5.479112e-05;
   3.807316e-05  -1.366387e-05  -4.146192e-05]
d=[ ...        
   2.899626e-05  -1.429074e-05   1.787837e-05;
  -1.429074e-05  -6.306351e-06   2.056363e-05;
   1.787837e-05   2.056363e-05  -4.146192e-05]
