     iteration=        1750000       process=              0       (i,j,k)=              0              0              0       (x,y,z)=   5.000000e-03   5.000000e-03   5.253276e-03     particles=             80
fabric=[ ...   
   3.406997e-01   6.663841e-03  -4.632466e-04;
   6.663841e-03   3.072221e-01   5.775209e-04;
  -4.632466e-04   5.775209e-04   3.520781e-01]
sigma=[ ...    
  -3.170599e+02  -2.418308e+01   2.390719e+01;
  -2.418315e+01  -2.446316e+02  -2.607207e+01;
   2.390710e+01  -2.607231e+01  -3.735596e+02]
sigmaDot=[ ... 
  -1.320497e+01  -9.526832e+00   1.529866e+00;
  -5.604373e+00   4.582701e+00   6.936783e+00;
  -3.175761e+00   6.853862e+00  -8.845579e+00]
intgraE=[ ...  
   4.533077e+01  -1.805944e+01  -6.085633e-02;
  -1.805944e+01   1.188768e+01   8.600433e-03;
  -6.085633e-02   8.600433e-03  -4.998743e-01]
E=[ ...        
   1.860223e+05  -5.379420e+04  -1.990489e+00;
  -5.379420e+04   8.833381e+05   1.414364e+00;
  -1.990489e+00   1.414364e+00  -4.997947e-01]
e=[ ...        
  -4.167809e+01  -3.783362e+00  -2.361517e+02;
  -3.783362e+00   1.606327e-01  -2.118274e+01;
  -2.361517e+02  -2.118274e+01  -1.321694e+03]
intgraF=[ ...  
   6.091616e+00  -3.970279e+00  -3.533750e-03;
  -5.146345e-01   2.636610e+00  -6.445271e-03;
  -7.368101e+00   1.435456e+00   1.404750e-02]
F=[ ...        
   5.030919e+02  -8.534571e+02  -2.702477e-03;
  -3.343711e+02  -1.004930e+03   2.814922e-03;
  -8.449827e+01   1.685324e+02   1.988390e-02]
R=[ ...        
   7.723940e-01  -6.103313e-01   1.757930e-01;
  -6.221169e-01  -7.827654e-01   1.577509e-02;
  -1.279767e-01   1.215484e-01   9.843007e-01]
U=[ ...        
   6.074169e+02  -5.558923e+01  -6.383263e-03;
  -5.558923e+01   1.328001e+03   1.862838e-03;
  -6.383263e-03   1.862838e-03   1.914106e-02]
l=[ ...        
  -1.532901e-02  -2.126098e-03   6.601047e-04;
  -1.438743e-02  -1.995279e-03   6.195722e-04;
   1.327073e-04   1.833506e-05  -5.529427e-06]
d=[ ...        
  -1.532901e-02  -8.256762e-03   3.964060e-04;
  -8.256762e-03  -1.995279e-03   3.189537e-04;
   3.964060e-04   3.189537e-04  -5.529427e-06]
     iteration=        1750000       process=              1       (i,j,k)=              0              0              1       (x,y,z)=   5.000000e-03   5.000000e-03   1.575983e-02     particles=             46
fabric=[ ...   
   3.564787e-01  -1.130126e-02   2.350286e-02;
  -1.130126e-02   3.196542e-01   3.392465e-04;
   2.350286e-02   3.392465e-04   3.238671e-01]
sigma=[ ...    
  -6.728028e+01   8.001319e+00   6.902023e-01;
   8.001449e+00  -7.687397e+01   1.507130e+00;
   6.902064e-01   1.507060e+00  -1.060305e+02]
sigmaDot=[ ... 
  -2.848252e+01   9.525789e+00   2.190235e+01;
   1.183821e+01  -7.102439e+00   1.298478e+00;
   2.534151e+01   1.138837e+00  -1.437175e+01]
intgraE=[ ...  
   9.541107e-02  -6.456877e-02  -6.784939e-01;
  -6.456877e-02   1.150404e-02   3.409815e-01;
  -6.784939e-01   3.409815e-01   3.604721e+00]
E=[ ...        
   6.649840e+05  -8.275409e+05   3.175634e+00;
  -8.275409e+05   1.803571e+06  -2.435672e+01;
   3.175634e+00  -2.435672e+01  -4.994458e-01]
e=[ ...        
  -1.548447e+05  -7.116523e+04   1.213614e+05;
  -7.116523e+04  -3.270629e+04   5.577641e+04;
   1.213614e+05   5.577641e+04  -9.511762e+04]
intgraF=[ ...  
   9.981293e-01   3.866852e-04  -9.610481e-02;
  -3.448875e-02   9.878713e-01   6.129177e-02;
  -4.397393e-01   2.170674e-01   2.862944e+00]
F=[ ...        
   4.045324e+02  -1.217120e+03   1.976895e-02;
  -1.073970e+03   1.174091e+03  -1.298038e-03;
  -1.136228e+02  -8.644495e+02   2.675489e-02]
R=[ ...        
   6.245659e-03  -6.724524e-01  -7.401141e-01;
  -8.660895e-01   3.663227e-01  -3.401420e-01;
  -4.998499e-01  -6.431294e-01   5.801160e-01]
U=[ ...        
   9.894754e+02  -5.923744e+02  -1.212574e-02;
  -5.923744e+02   1.804504e+03  -3.097603e-02;
  -1.212574e-02  -3.097603e-02   1.331180e-03]
l=[ ...        
  -8.274940e-07   3.332569e-08   3.624402e-07;
   1.926371e-07   5.365968e-08  -2.528853e-07;
   4.584566e-07   4.456504e-08  -1.364839e-07]
d=[ ...        
  -8.274940e-07   1.129814e-07   4.104484e-07;
   1.129814e-07   5.365968e-08  -1.041601e-07;
   4.104484e-07  -1.041601e-07  -1.364839e-07]
     iteration=        1750000       process=              2       (i,j,k)=              0              1              0       (x,y,z)=   5.000000e-03   1.500000e-02   5.253276e-03     particles=             81
fabric=[ ...   
   3.310589e-01  -4.753740e-04   1.441669e-03;
  -4.753740e-04   3.223490e-01   1.546686e-02;
   1.441669e-03   1.546686e-02   3.465920e-01]
sigma=[ ...    
  -2.982171e+02  -7.175839e+00   2.962186e+01;
  -7.175787e+00  -2.535897e+02  -3.487121e+01;
   2.962186e+01  -3.487140e+01  -2.909656e+02]
sigmaDot=[ ... 
  -7.920428e-01   1.005538e+00  -1.080332e+00;
   1.179653e+00  -5.288161e+00   4.761922e-01;
  -9.373634e-01   5.805622e-01   7.885421e-01]
intgraE=[ ...  
   1.494233e+01  -1.573068e+01  -2.006702e-01;
  -1.573068e+01   1.588555e+01   2.068326e-01;
  -2.006702e-01   2.068326e-01  -4.973760e-01]
E=[ ...        
   3.378618e+05   1.168854e+05   6.555205e+02;
   1.168854e+05   1.935723e+05   3.661480e+01;
   6.555205e+02   3.661480e+01   1.009879e+00]
e=[ ...        
  -6.594429e+01   6.455646e+01   1.497898e+01;
   6.455646e+01  -6.222226e+01  -1.455339e+01;
   1.497898e+01  -1.455339e+01  -2.876813e+00]
intgraF=[ ...  
   4.292903e+00  -4.911077e+00  -5.941636e-02;
   1.160983e+00  -9.037712e-01  -1.381787e-02;
   3.332829e+00  -2.799218e+00  -3.907472e-02]
F=[ ...        
  -4.836294e+02   4.884071e+01  -1.250250e+00;
  -3.695802e+02   1.874643e+02  -1.066381e+00;
  -5.524833e+02  -5.912844e+02  -5.652121e-01]
R=[ ...        
  -6.535565e-01   2.624877e-01  -7.099043e-01;
  -5.572779e-01   4.677925e-01   6.860113e-01;
  -5.121574e-01  -8.439611e-01   1.594502e-01]
U=[ ...        
   8.049964e+02   1.664408e+02   1.700857e+00;
   1.664408e+02   5.995355e+02  -3.500032e-01;
   1.700857e+00  -3.500032e-01   6.588482e-02]
l=[ ...        
  -1.214355e-03   5.949689e-04   7.355688e-03;
   6.110133e-03  -3.051215e-04  -1.160127e-03;
   6.353114e-05   9.658765e-06   1.585452e-04]
d=[ ...        
  -1.214355e-03   3.352551e-03   3.709610e-03;
   3.352551e-03  -3.051215e-04  -5.752343e-04;
   3.709610e-03  -5.752343e-04   1.585452e-04]
     iteration=        1750000       process=              3       (i,j,k)=              0              1              1       (x,y,z)=   5.000000e-03   1.500000e-02   1.575983e-02     particles=             39
fabric=[ ...   
   3.401578e-01   1.692044e-02   1.973595e-02;
   1.692044e-02   3.265345e-01   1.279379e-03;
   1.973595e-02   1.279379e-03   3.333077e-01]
sigma=[ ...    
  -1.009378e+02  -1.025758e+01  -9.288224e+00;
  -1.026000e+01  -8.770084e+01  -1.422584e+00;
  -9.284308e+00  -1.422956e+00  -1.334316e+02]
sigmaDot=[ ... 
  -7.126522e-02   1.297560e+00   1.255323e+00;
   1.718921e+00  -5.601089e-01  -1.119770e+00;
   1.684143e+00  -1.254940e+00  -1.027920e+00]
intgraE=[ ...  
  -4.111339e-02   7.395219e-02  -3.250967e-02;
   7.395219e-02   7.158015e-02  -4.380868e-02;
  -3.250967e-02  -4.380868e-02  -1.447513e-01]
E=[ ...        
   5.583699e+05  -5.803941e+05   7.726797e+00;
  -5.803941e+05   9.178299e+05  -3.930198e-01;
   7.726797e+00  -3.930198e-01  -4.995271e-01]
e=[ ...        
   4.216651e-01   4.874599e+00   9.203965e+00;
   4.874599e+00  -3.028422e+02  -5.727550e+02;
   9.203965e+00  -5.727550e+02  -1.080946e+03]
intgraF=[ ...  
   9.471465e-01  -1.347491e-04  -9.096779e-02;
   1.362075e-01   1.067701e+00  -1.257955e-01;
   4.619818e-02   5.634629e-02   8.284913e-01]
F=[ ...        
  -5.269717e+02  -1.397147e+02  -2.413012e-02;
  -8.113207e+02   1.190436e+03   6.095249e-03;
   4.252063e+02  -6.316671e+02   1.806866e-02]
R=[ ...        
  -8.713075e-01  -4.906791e-01  -7.566845e-03;
  -4.367168e-01   7.682683e-01   4.680194e-01;
   2.238340e-01  -4.110934e-01   8.836858e-01]
U=[ ...        
   9.086474e+02  -5.395374e+02   2.240723e-02;
  -5.395374e+02   1.242803e+03   9.095026e-03;
   2.240723e-02   9.095026e-03   1.900230e-02]
l=[ ...        
   8.267987e-09  -1.006259e-08   5.333566e-08;
  -2.999770e-08  -2.053275e-08   2.205048e-08;
   2.132116e-08  -3.082966e-08   4.927380e-09]
d=[ ...        
   8.267987e-09  -2.003015e-08   3.732841e-08;
  -2.003015e-08  -2.053275e-08  -4.389591e-09;
   3.732841e-08  -4.389591e-09   4.927380e-09]
     iteration=        1750000       process=              4       (i,j,k)=              1              0              0       (x,y,z)=   1.500000e-02   5.000000e-03   5.253276e-03     particles=             77
fabric=[ ...   
   3.322094e-01   4.588377e-03  -1.145427e-02;
   4.588377e-03   3.198931e-01   2.025183e-02;
  -1.145427e-02   2.025183e-02   3.478975e-01]
sigma=[ ...    
  -2.891697e+02   1.824850e+01  -3.727889e+00;
   1.827967e+01  -2.588591e+02  -4.826086e+01;
  -3.731121e+00  -4.822351e+01  -3.696544e+02]
sigmaDot=[ ... 
   1.054397e+02  -1.193998e+04   2.521904e+04;
   3.319407e+04   5.178854e+03   4.234947e+03;
   2.277875e+04   6.749938e+04   4.095819e+03]
intgraE=[ ...  
   1.997170e+01  -1.507022e+00   1.549123e-02;
  -1.507022e+00   2.807023e+00   2.983773e-02;
   1.549123e-02   2.983773e-02  -4.996866e-01]
E=[ ...        
   1.458503e+06  -7.914904e+05   8.648104e+00;
  -7.914904e+05   4.650802e+05  -4.766159e+00;
   8.648104e+00  -4.766159e+00  -4.996759e-01]
e=[ ...        
  -7.131585e+02   2.837080e+02   2.542014e+02;
   2.837080e+02  -1.122854e+02  -1.010553e+02;
   2.542014e+02  -1.010553e+02  -9.004518e+01]
intgraF=[ ...  
   4.235405e+00   9.829227e-01   1.482409e-02;
   8.721478e-01   1.543406e+00   1.753234e-02;
   4.716365e+00  -1.807154e+00  -9.985309e-03]
F=[ ...        
  -7.283111e+00  -1.216216e+02  -2.038511e-02;
  -1.149841e+03   4.503850e+02   1.728114e-03;
   1.262862e+03  -8.441108e+02   1.515193e-02]
R=[ ...        
  -2.039299e-01  -4.244403e-01  -8.821922e-01;
  -8.860397e-01  -3.032175e-01   3.507033e-01;
   4.163487e-01  -8.531762e-01   3.142359e-01]
U=[ ...        
   1.546081e+03  -7.257011e+02   8.934438e-03;
  -7.257011e+02   6.352317e+02  -4.798996e-03;
   8.934438e-03  -4.798996e-03   2.335091e-02]
l=[ ...        
   1.135278e-06  -4.820272e-04  -3.820879e-04;
   6.235552e-07  -7.543461e-05  -5.851239e-05;
  -5.416758e-07   3.621775e-05  -5.334456e-06]
d=[ ...        
   1.135278e-06  -2.407018e-04  -1.913148e-04;
  -2.407018e-04  -7.543461e-05  -1.114732e-05;
  -1.913148e-04  -1.114732e-05  -5.334456e-06]
     iteration=        1750000       process=              5       (i,j,k)=              1              0              1       (x,y,z)=   1.500000e-02   5.000000e-03   1.575983e-02     particles=             35
fabric=[ ...   
   3.330019e-01   1.096332e-02   3.956540e-03;
   1.096332e-02   3.613500e-01   2.199389e-03;
   3.956540e-03   2.199389e-03   3.056481e-01]
sigma=[ ...    
  -1.124680e+02  -1.990545e+00   1.134828e+00;
  -1.990474e+00  -1.196879e+02   1.554526e+01;
   1.134739e+00   1.554538e+01  -1.336928e+02]
sigmaDot=[ ... 
   3.265127e+01   1.630586e+01   8.905125e+00;
   1.265649e+01  -1.457335e+01  -1.666274e+01;
   1.124338e+01  -1.243287e+01  -1.852665e+01]
intgraE=[ ...  
  -9.614588e-03   1.044755e-02  -6.499425e-02;
   1.044755e-02   4.347370e-02   1.493198e-01;
  -6.499425e-02   1.493198e-01  -4.027498e-01]
E=[ ...        
   1.446285e+06  -4.948988e+05  -6.632021e+03;
  -4.948988e+05   9.678349e+05   9.123865e+03;
  -6.632021e+03   9.123865e+03   1.197083e+02]
e=[ ...        
   4.994273e-01  -2.034181e-03   3.976825e-04;
  -2.034181e-03   4.927722e-01   1.413318e-03;
   3.976825e-04   1.413318e-03   4.997233e-01]
intgraF=[ ...  
   9.892159e-01   2.952769e-02  -1.144071e-01;
   2.639679e-03   1.015634e+00   2.124687e-01;
  -4.707101e-02   2.335858e-01   3.691455e-01]
F=[ ...        
  -1.124083e+03   1.271325e+03   1.067151e+01;
   5.422837e+02  -2.595663e+02  -1.056540e+01;
   1.155394e+03   5.020247e+02   3.861076e+00]
R=[ ...        
  -5.138166e-01   8.180652e-01  -2.583831e-01;
   3.000325e-01  -1.108089e-01  -9.474713e-01;
   8.037244e-01   5.643498e-01   1.885107e-01]
U=[ ...        
   1.668894e+03  -3.276168e+02  -5.549919e+00;
  -3.276168e+02   1.352107e+03   1.207973e+01;
  -5.549919e+00   1.207973e+01   7.980928e+00]
l=[ ...        
   2.506594e-07   9.462759e-07   1.842063e-06;
  -3.388212e-07  -2.810363e-07  -1.084699e-06;
  -6.700995e-07  -7.552371e-07  -1.632933e-06]
d=[ ...        
   2.506594e-07   3.037273e-07   5.859815e-07;
   3.037273e-07  -2.810363e-07  -9.199680e-07;
   5.859815e-07  -9.199680e-07  -1.632933e-06]
     iteration=        1750000       process=              6       (i,j,k)=              1              1              0       (x,y,z)=   1.500000e-02   1.500000e-02   5.253276e-03     particles=             70
fabric=[ ...   
   3.123971e-01  -2.850914e-03   1.010572e-02;
  -2.850914e-03   3.304683e-01   2.187695e-02;
   1.010572e-02   2.187695e-02   3.571346e-01]
sigma=[ ...    
  -3.142305e+02  -4.054968e+01   1.807534e+01;
  -4.055584e+01  -3.488243e+02   2.115690e+01;
   1.807339e+01   2.114737e+01  -3.555564e+02]
sigmaDot=[ ... 
  -4.454001e+00  -4.327492e-01   4.040360e+00;
  -1.546911e-02  -1.154178e+01   1.542140e+00;
   3.885468e+00   1.658583e+00  -4.353467e+00]
intgraE=[ ...  
   3.597130e-01  -8.533856e-01  -3.534506e-02;
  -8.533856e-01   3.568707e-01   3.702114e-02;
  -3.534506e-02   3.702114e-02  -4.981628e-01]
E=[ ...        
   1.121185e+06  -8.933715e+05  -2.277656e-03;
  -8.933715e+05   7.395636e+05   9.384177e-01;
  -2.277656e-03   9.384177e-01  -4.999358e-01]
e=[ ...        
  -5.748830e+02  -1.349637e+03   1.506544e+03;
  -1.349637e+03  -3.165251e+03   3.533798e+03;
   1.506544e+03   3.533798e+03  -3.944135e+03]
intgraF=[ ...  
   4.850613e-01  -6.113327e-01  -4.568286e-02;
  -1.114682e+00   1.058981e+00   3.613418e-02;
  -4.915545e-01   4.675184e-01   1.678963e-02]
F=[ ...        
   6.085077e+02  -2.796089e+02   4.727901e-03;
  -1.126421e+03   9.326724e+02  -3.987062e-03;
  -7.767010e+02   7.287450e+02   9.492238e-03]
R=[ ...        
   8.291044e-01   4.875897e-01  -2.735730e-01;
  -5.349277e-01   5.495088e-01  -6.417884e-01;
  -1.625987e-01   6.784514e-01   7.164254e-01]
U=[ ...        
   1.233361e+03  -8.492302e+02   4.509288e-03;
  -8.492302e+02   8.705954e+02   6.554372e-03;
   4.509288e-03   6.554372e-03   8.065905e-03]
l=[ ...        
   1.662583e-02  -9.740518e-03   1.665777e-02;
   8.205358e-03  -3.161975e-02   1.705386e-01;
  -2.163874e-02   4.007879e-03  -5.760911e-03]
d=[ ...        
   1.662583e-02  -7.675801e-04  -2.490488e-03;
  -7.675801e-04  -3.161975e-02   8.727326e-02;
  -2.490488e-03   8.727326e-02  -5.760911e-03]
     iteration=        1750000       process=              7       (i,j,k)=              1              1              1       (x,y,z)=   1.500000e-02   1.500000e-02   1.575983e-02     particles=             48
fabric=[ ...   
   3.295687e-01  -1.015338e-02  -9.363665e-03;
  -1.015338e-02   3.120910e-01  -6.333301e-03;
  -9.363665e-03  -6.333301e-03   3.583403e-01]
sigma=[ ...    
  -7.718778e+01   4.756905e-01   1.208641e+01;
   4.756905e-01  -7.532495e+01   4.116098e+00;
   1.208641e+01   4.116104e+00  -1.001824e+02]
sigmaDot=[ ... 
   1.370337e+00  -1.315316e+00  -5.181746e-01;
  -2.022756e+00  -1.585674e-01  -3.316554e+00;
  -1.492282e+00  -3.476933e+00   3.885977e+00]
intgraE=[ ...  
   1.740594e-02   7.398290e-02  -9.779643e-02;
   7.398290e-02   1.064828e-02  -3.851894e-02;
  -9.779643e-02  -3.851894e-02  -4.664300e-01]
E=[ ...        
   6.940563e+05  -5.277906e+05   1.521941e+01;
  -5.277906e+05   4.208986e+05  -1.237949e+01;
   1.521941e+01  -1.237949e+01  -4.996319e-01]
e=[ ...        
  -2.903372e+04  -1.319727e+04  -7.426216e+04;
  -1.319727e+04  -5.998216e+03  -3.375528e+04;
  -7.426216e+04  -3.375528e+04  -1.899433e+05]
intgraF=[ ...  
   1.008011e+00   2.683118e-02  -1.737981e-01;
   1.045809e-01   9.911030e-01  -3.574203e-02;
  -8.825154e-02  -1.956822e-01   1.888298e-01]
F=[ ...        
  -6.868624e+02   6.663999e+02  -2.046772e-02;
  -8.595599e+02   5.223412e+02  -1.319020e-02;
   4.212961e+02  -3.533681e+02   1.196912e-02]
R=[ ...        
  -9.087297e-02   9.288244e-01   3.592039e-01;
  -9.737723e-01  -1.584258e-01   1.633060e-01;
   2.085898e-01  -3.349427e-01   9.188600e-01]
U=[ ...        
   9.873109e+02  -6.429081e+02   1.720085e-02;
  -6.429081e+02   6.545742e+02  -2.093021e-02;
   1.720085e-02  -2.093021e-02   1.491819e-03]
l=[ ...        
   5.585296e-08   4.291621e-08  -1.094424e-08;
   1.099571e-09  -1.042764e-07  -1.425971e-07;
  -3.563235e-08  -9.111575e-08   3.491591e-08]
d=[ ...        
   5.585296e-08   2.200789e-08  -2.328830e-08;
   2.200789e-08  -1.042764e-07  -1.168564e-07;
  -2.328830e-08  -1.168564e-07   3.491591e-08]
