     iteration=        2300000       process=              0       (i,j,k)=              0              0              0       (x,y,z)=   5.000000e-03   5.000000e-03   5.253276e-03     particles=             80
fabric=[ ...   
   3.407002e-01   6.664007e-03  -4.634561e-04;
   6.664007e-03   3.072212e-01   5.769556e-04;
  -4.634561e-04   5.769556e-04   3.520785e-01]
sigma=[ ...    
  -3.170145e+02  -2.421281e+01   2.396102e+01;
  -2.421278e+01  -2.446403e+02  -2.607950e+01;
   2.396086e+01  -2.607975e+01  -3.734242e+02]
sigmaDot=[ ... 
   8.266255e+00   3.906735e+00  -4.675255e+00;
   2.883380e-01   1.019431e+01  -3.919228e+00;
  -1.092466e-01  -3.114764e+00   7.901157e+00]
intgraE=[ ...  
   4.534437e+01  -1.806519e+01  -6.087336e-02;
  -1.806519e+01   1.188977e+01   8.608601e-03;
  -6.087336e-02   8.608601e-03  -4.998743e-01]
E=[ ...        
   1.860028e+05  -5.383495e+04  -1.990586e+00;
  -5.383495e+04   8.833008e+05   1.413923e+00;
  -1.990586e+00   1.413923e+00  -4.997947e-01]
e=[ ...        
  -4.168827e+01  -3.774676e+00  -2.361835e+02;
  -3.774676e+00   1.622707e-01  -2.113185e+01;
  -2.361835e+02  -2.113185e+01  -1.321731e+03]
intgraF=[ ...  
   6.094012e+00  -3.971666e+00  -3.535653e-03;
  -5.123845e-01   2.635308e+00  -6.447057e-03;
  -7.368122e+00   1.435468e+00   1.404751e-02]
F=[ ...        
   5.030871e+02  -8.534764e+02  -2.702119e-03;
  -3.343144e+02  -1.004880e+03   2.815257e-03;
  -8.452091e+01   1.685121e+02   1.988372e-02]
R=[ ...        
   7.723875e-01  -6.103343e-01   1.758113e-01;
  -6.221172e-01  -7.827659e-01   1.573672e-02;
  -1.280144e-01   1.215301e-01   9.842981e-01]
U=[ ...        
   6.073809e+02  -5.563324e+01  -6.383905e-03;
  -5.563324e+01   1.327971e+03   1.861978e-03;
  -6.383905e-03   1.861978e-03   1.914074e-02]
l=[ ...        
   1.546848e-02   2.144918e-03  -6.657011e-04;
   1.452875e-02   2.014782e-03  -6.250929e-04;
  -1.393489e-04  -1.910834e-05   5.687013e-06]
d=[ ...        
   1.546848e-02   8.336833e-03  -4.025250e-04;
   8.336833e-03   2.014782e-03  -3.221006e-04;
  -4.025250e-04  -3.221006e-04   5.687013e-06]
     iteration=        2300000       process=              1       (i,j,k)=              0              0              1       (x,y,z)=   5.000000e-03   5.000000e-03   1.575983e-02     particles=             46
fabric=[ ...   
   3.564787e-01  -1.130126e-02   2.350286e-02;
  -1.130126e-02   3.196542e-01   3.392457e-04;
   2.350286e-02   3.392457e-04   3.238671e-01]
sigma=[ ...    
  -6.730165e+01   8.046239e+00   7.186584e-01;
   8.046209e+00  -7.683405e+01   1.483709e+00;
   7.187090e-01   1.483743e+00  -1.060196e+02]
sigmaDot=[ ... 
   4.271986e+00  -5.410737e+00  -1.530988e+01;
  -1.499282e+01   5.912732e+00  -3.683922e-01;
  -1.338332e+01   2.480735e+00   1.098027e+01]
intgraE=[ ...  
   9.541105e-02  -6.456875e-02  -6.784939e-01;
  -6.456875e-02   1.150403e-02   3.409814e-01;
  -6.784939e-01   3.409814e-01   3.604720e+00]
E=[ ...        
   6.649840e+05  -8.275409e+05   3.175634e+00;
  -8.275409e+05   1.803571e+06  -2.435672e+01;
   3.175634e+00  -2.435672e+01  -4.994458e-01]
e=[ ...        
  -1.548447e+05  -7.116523e+04   1.213614e+05;
  -7.116523e+04  -3.270628e+04   5.577641e+04;
   1.213614e+05   5.577641e+04  -9.511762e+04]
intgraF=[ ...  
   9.981292e-01   3.867036e-04  -9.610480e-02;
  -3.448873e-02   9.878713e-01   6.129172e-02;
  -4.397393e-01   2.170674e-01   2.862944e+00]
F=[ ...        
   4.045324e+02  -1.217120e+03   1.976895e-02;
  -1.073970e+03   1.174091e+03  -1.298038e-03;
  -1.136228e+02  -8.644495e+02   2.675489e-02]
R=[ ...        
   6.245661e-03  -6.724524e-01  -7.401141e-01;
  -8.660895e-01   3.663227e-01  -3.401420e-01;
  -4.998499e-01  -6.431294e-01   5.801160e-01]
U=[ ...        
   9.894754e+02  -5.923744e+02  -1.212574e-02;
  -5.923744e+02   1.804504e+03  -3.097603e-02;
  -1.212574e-02  -3.097603e-02   1.331180e-03]
l=[ ...        
  -3.206253e-08   1.651670e-07  -1.392772e-07;
   1.064549e-07   9.440120e-08  -2.300702e-07;
  -2.204682e-07  -2.801865e-08   7.835965e-09]
d=[ ...        
  -3.206253e-08   1.358109e-07  -1.798727e-07;
   1.358109e-07   9.440120e-08  -1.290444e-07;
  -1.798727e-07  -1.290444e-07   7.835965e-09]
     iteration=        2300000       process=              2       (i,j,k)=              0              1              0       (x,y,z)=   5.000000e-03   1.500000e-02   5.253276e-03     particles=             81
fabric=[ ...   
   3.310442e-01  -4.610087e-04   1.558625e-03;
  -4.610087e-04   3.223694e-01   1.545333e-02;
   1.558625e-03   1.545333e-02   3.465864e-01]
sigma=[ ...    
  -2.982891e+02  -7.156271e+00   2.962519e+01;
  -7.156273e+00  -2.536265e+02  -3.486943e+01;
   2.962524e+01  -3.486940e+01  -2.909953e+02]
sigmaDot=[ ... 
  -2.827540e+00   1.908838e+00   7.524966e-01;
   2.127623e+00   5.768302e-01   3.522378e-01;
  -3.499589e-02   5.759156e-01   2.465575e+00]
intgraE=[ ...  
   1.494017e+01  -1.572845e+01  -2.006421e-01;
  -1.572845e+01   1.588329e+01   2.068038e-01;
  -2.006421e-01   2.068038e-01  -4.973763e-01]
E=[ ...        
   3.428340e+05   1.217662e+05   6.582780e+02;
   1.217662e+05   1.984151e+05   3.941065e+01;
   6.582780e+02   3.941065e+01   1.009493e+00]
e=[ ...        
  -6.231087e+01   6.103137e+01   1.410453e+01;
   6.103137e+01  -5.880229e+01  -1.370494e+01;
   1.410453e+01  -1.370494e+01  -2.667252e+00]
intgraF=[ ...  
   4.292333e+00  -4.910570e+00  -5.940947e-02;
   1.161250e+00  -9.040374e-01  -1.382129e-02;
   3.332824e+00  -2.799213e+00  -3.907465e-02]
F=[ ...        
  -4.847231e+02   4.784506e+01  -1.251075e+00;
  -3.692861e+02   1.877645e+02  -1.065152e+00;
  -5.606606e+02  -5.994052e+02  -5.650214e-01]
R=[ ...        
  -6.529624e-01   2.638478e-01  -7.099468e-01;
  -5.567766e-01   4.682473e-01   6.861081e-01;
  -5.134588e-01  -8.432845e-01   1.588436e-01]
U=[ ...        
   8.099920e+02   1.719860e+02   1.700072e+00;
   1.719860e+02   6.060131e+02  -3.523741e-01;
   1.700072e+00  -3.523741e-01   6.763697e-02]
l=[ ...        
   3.294083e-03  -7.199111e-04  -8.034026e-03;
  -1.244706e-02   4.986298e-04   7.214211e-04;
   4.876751e-05  -1.760520e-06   3.937034e-07]
d=[ ...        
   3.294083e-03  -6.583486e-03  -3.992629e-03;
  -6.583486e-03   4.986298e-04   3.598303e-04;
  -3.992629e-03   3.598303e-04   3.937034e-07]
     iteration=        2300000       process=              3       (i,j,k)=              0              1              1       (x,y,z)=   5.000000e-03   1.500000e-02   1.575983e-02     particles=             39
fabric=[ ...   
   3.400375e-01   1.736443e-02   2.024798e-02;
   1.736443e-02   3.267031e-01   1.370320e-03;
   2.024798e-02   1.370320e-03   3.332595e-01]
sigma=[ ...    
  -1.010036e+02  -1.025400e+01  -9.302872e+00;
  -1.025283e+01  -8.772186e+01  -1.431412e+00;
  -9.306626e+00  -1.431268e+00  -1.334600e+02]
sigmaDot=[ ... 
  -5.435442e-01  -8.180812e-02  -1.623556e+00;
  -5.693391e-01  -2.238671e+00   9.997114e-01;
  -2.022985e+00   1.638290e+00   2.996668e+00]
intgraE=[ ...  
  -4.111339e-02   7.395219e-02  -3.250967e-02;
   7.395219e-02   7.158015e-02  -4.380867e-02;
  -3.250967e-02  -4.380867e-02  -1.447513e-01]
E=[ ...        
   5.287847e+05  -4.728573e+05   9.329915e+00;
  -4.728573e+05   7.023514e+05  -2.212118e+00;
   9.329915e+00  -2.212118e+00  -4.995776e-01]
e=[ ...        
   1.816654e-01   1.143571e+01   2.268108e+01;
   1.143571e+01  -4.103132e+02  -8.147891e+02;
   2.268108e+01  -8.147891e+02  -1.615517e+03]
intgraF=[ ...  
   9.471465e-01  -1.347503e-04  -9.096780e-02;
   1.362075e-01   1.067701e+00  -1.257955e-01;
   4.619818e-02   5.634629e-02   8.284913e-01]
F=[ ...        
  -6.096448e+02  -5.688983e+01  -2.415951e-02;
  -7.429213e+02   1.056754e+03   2.569398e-03;
   3.660214e+02  -5.336093e+02   1.595528e-02]
R=[ ...        
  -8.966864e-01  -4.424877e-01  -1.257447e-02;
  -4.002150e-01   7.982293e-01   4.501756e-01;
   1.891598e-01  -4.086988e-01   8.928515e-01]
U=[ ...        
   9.132249e+02  -4.728537e+02   2.365329e-02;
  -4.728537e+02   1.086790e+03   6.220347e-03;
   2.365329e-02   6.220347e-03   1.570617e-02]
l=[ ...        
  -2.554310e-08   1.298282e-08  -7.010801e-08;
   7.501768e-08  -4.438889e-08   5.198202e-08;
   4.420744e-08  -4.191955e-08   3.566639e-09]
d=[ ...        
  -2.554310e-08   4.400025e-08  -1.295028e-08;
   4.400025e-08  -4.438889e-08   5.031234e-09;
  -1.295028e-08   5.031234e-09   3.566639e-09]
     iteration=        2300000       process=              4       (i,j,k)=              1              0              0       (x,y,z)=   1.500000e-02   5.000000e-03   5.253276e-03     particles=             77
fabric=[ ...   
   3.322112e-01   4.587967e-03  -1.145365e-02;
   4.587967e-03   3.198919e-01   2.025371e-02;
  -1.145365e-02   2.025371e-02   3.478968e-01]
sigma=[ ...    
  -2.893379e+02   1.823277e+01  -3.853420e+00;
   1.823676e+01  -2.590410e+02  -4.828365e+01;
  -3.843518e+00  -4.826205e+01  -3.699276e+02]
sigmaDot=[ ... 
   6.433939e+01  -4.204646e+01  -2.538727e+02;
  -3.240963e+02  -4.098982e+01  -6.574141e+01;
  -1.201442e+02  -3.871290e+02  -1.798629e+01]
intgraE=[ ...  
   1.997187e+01  -1.506963e+00   1.549208e-02;
  -1.506963e+00   2.807008e+00   2.983767e-02;
   1.549208e-02   2.983767e-02  -4.996866e-01]
E=[ ...        
   1.458553e+06  -7.915326e+05   8.648143e+00;
  -7.915326e+05   4.651139e+05  -4.766172e+00;
   8.648143e+00  -4.766172e+00  -4.996759e-01]
e=[ ...        
  -7.131246e+02   2.837057e+02   2.542080e+02;
   2.837057e+02  -1.122889e+02  -1.010619e+02;
   2.542080e+02  -1.010619e+02  -9.005420e+01]
intgraF=[ ...  
   4.235444e+00   9.829291e-01   1.482423e-02;
   8.721529e-01   1.543404e+00   1.753233e-02;
   4.716365e+00  -1.807144e+00  -9.985212e-03]
F=[ ...        
  -7.261514e+00  -1.216429e+02  -2.038532e-02;
  -1.149851e+03   4.503967e+02   1.728076e-03;
   1.262892e+03  -8.441414e+02   1.515196e-02]
R=[ ...        
  -2.039297e-01  -4.244626e-01  -8.821815e-01;
  -8.860370e-01  -3.032142e-01   3.507128e-01;
   4.163545e-01  -8.531662e-01   3.142552e-01]
U=[ ...        
   1.546102e+03  -7.257236e+02   8.934617e-03;
  -7.257236e+02   6.352591e+02  -4.798310e-03;
   8.934617e-03  -4.798310e-03   2.335119e-02]
l=[ ...        
  -9.851809e-07  -1.161943e-06  -3.681938e-06;
   1.867491e-06  -3.230073e-05   2.297120e-06;
   1.811292e-06  -2.501529e-05  -6.204893e-07]
d=[ ...        
  -9.851809e-07   3.527739e-07  -9.353232e-07;
   3.527739e-07  -3.230073e-05  -1.135909e-05;
  -9.353232e-07  -1.135909e-05  -6.204893e-07]
     iteration=        2300000       process=              5       (i,j,k)=              1              0              1       (x,y,z)=   1.500000e-02   5.000000e-03   1.575983e-02     particles=             35
fabric=[ ...   
   3.330019e-01   1.096332e-02   3.956542e-03;
   1.096332e-02   3.613500e-01   2.199391e-03;
   3.956542e-03   2.199391e-03   3.056481e-01]
sigma=[ ...    
  -1.122745e+02  -1.799441e+00   1.038573e+00;
  -1.799425e+00  -1.197026e+02   1.541059e+01;
   1.038562e+00   1.541062e+01  -1.337201e+02]
sigmaDot=[ ... 
  -1.572564e+01   7.693868e+00  -3.443191e+01;
  -1.127171e+01   5.566702e+01   5.682136e+01;
  -1.956310e+01   4.755000e+00   5.226069e+01]
intgraE=[ ...  
  -9.614579e-03   1.044748e-02  -6.499428e-02;
   1.044748e-02   4.347373e-02   1.493198e-01;
  -6.499428e-02   1.493198e-01  -4.027498e-01]
E=[ ...        
   1.446285e+06  -4.948988e+05  -6.632021e+03;
  -4.948988e+05   9.678349e+05   9.123866e+03;
  -6.632021e+03   9.123866e+03   1.197083e+02]
e=[ ...        
   4.994273e-01  -2.034181e-03   3.976825e-04;
  -2.034181e-03   4.927722e-01   1.413318e-03;
   3.976825e-04   1.413318e-03   4.997233e-01]
intgraF=[ ...  
   9.892160e-01   2.952754e-02  -1.144071e-01;
   2.639690e-03   1.015634e+00   2.124688e-01;
  -4.707096e-02   2.335857e-01   3.691455e-01]
F=[ ...        
  -1.124083e+03   1.271325e+03   1.067151e+01;
   5.422837e+02  -2.595663e+02  -1.056540e+01;
   1.155394e+03   5.020247e+02   3.861076e+00]
R=[ ...        
  -5.138166e-01   8.180652e-01  -2.583831e-01;
   3.000325e-01  -1.108089e-01  -9.474713e-01;
   8.037244e-01   5.643498e-01   1.885107e-01]
U=[ ...        
   1.668894e+03  -3.276168e+02  -5.549919e+00;
  -3.276168e+02   1.352107e+03   1.207973e+01;
  -5.549919e+00   1.207973e+01   7.980928e+00]
l=[ ...        
  -3.193204e-07  -6.755135e-07  -1.424734e-06;
  -2.360573e-08   1.057119e-06   1.854662e-06;
  -6.697828e-07   1.091984e-06   2.077115e-06]
d=[ ...        
  -3.193204e-07  -3.495596e-07  -1.047258e-06;
  -3.495596e-07   1.057119e-06   1.473323e-06;
  -1.047258e-06   1.473323e-06   2.077115e-06]
     iteration=        2300000       process=              6       (i,j,k)=              1              1              0       (x,y,z)=   1.500000e-02   1.500000e-02   5.253276e-03     particles=             70
fabric=[ ...   
   3.125611e-01  -1.569580e-03   1.039214e-02;
  -1.569580e-03   3.303071e-01   2.001332e-02;
   1.039214e-02   2.001332e-02   3.571318e-01]
sigma=[ ...    
  -3.141329e+02  -4.053897e+01   1.806354e+01;
  -4.053552e+01  -3.488180e+02   2.117177e+01;
   1.806429e+01   2.118202e+01  -3.553945e+02]
sigmaDot=[ ... 
  -2.372644e+01  -1.739841e-01   3.295148e+00;
   6.443284e-02  -3.577979e+01   3.220711e+00;
   2.764782e+00   3.882318e+00  -2.651010e+01]
intgraE=[ ...  
   3.538662e-01  -8.475328e-01  -3.509340e-02;
  -8.475328e-01   3.510121e-01   3.676940e-02;
  -3.509340e-02   3.676940e-02  -4.981735e-01]
E=[ ...        
   1.251321e+06  -1.016807e+06   5.753021e-01;
  -1.016807e+06   8.562345e+05   4.252892e-01;
   5.753021e-01   4.252892e-01  -4.999362e-01]
e=[ ...        
  -4.489611e+02  -1.082305e+03   1.289970e+03;
  -1.082305e+03  -2.605695e+03   3.106254e+03;
   1.289970e+03   3.106254e+03  -3.701762e+03]
intgraF=[ ...  
   4.848744e-01  -6.110561e-01  -4.565745e-02;
  -1.109702e+00   1.053843e+00   3.588690e-02;
  -4.911114e-01   4.669569e-01   1.674751e-02]
F=[ ...        
   5.891935e+02  -2.604305e+02   4.552142e-03;
  -1.219335e+03   1.025681e+03  -4.864368e-03;
  -8.177498e+02   7.698209e+02   9.126000e-03]
R=[ ...        
   8.176280e-01   5.147756e-01  -2.578575e-01;
  -5.484173e-01   5.599927e-01  -6.210045e-01;
  -1.752796e-01   6.491642e-01   7.401776e-01]
U=[ ...        
   1.293781e+03  -9.103704e+02   4.790060e-03;
  -9.103704e+02   9.400508e+02   5.543594e-03;
   4.790060e-03   5.543594e-03   8.601851e-03]
l=[ ...        
  -3.123066e-02  -2.062054e-03   1.188335e-02;
   6.325463e-02  -5.062974e-02   1.399083e-01;
   3.673809e-02  -2.531190e-03   2.662311e-03]
d=[ ...        
  -3.123066e-02   3.059629e-02   2.431072e-02;
   3.059629e-02  -5.062974e-02   6.868858e-02;
   2.431072e-02   6.868858e-02   2.662311e-03]
     iteration=        2300000       process=              7       (i,j,k)=              1              1              1       (x,y,z)=   1.500000e-02   1.500000e-02   1.575983e-02     particles=             48
fabric=[ ...   
   3.295687e-01  -1.015338e-02  -9.363665e-03;
  -1.015338e-02   3.120910e-01  -6.333301e-03;
  -9.363665e-03  -6.333301e-03   3.583403e-01]
sigma=[ ...    
  -7.719245e+01   4.751895e-01   1.206256e+01;
   4.751818e-01  -7.535322e+01   4.097081e+00;
   1.206255e+01   4.097049e+00  -1.001833e+02]
sigmaDot=[ ... 
   1.245161e+00  -4.065844e-02  -1.306828e+00;
  -3.128697e-01  -7.516362e+00  -2.611087e+00;
  -1.528694e+00  -3.317593e+00  -1.797732e+00]
intgraE=[ ...  
   1.740593e-02   7.398291e-02  -9.779643e-02;
   7.398291e-02   1.064827e-02  -3.851895e-02;
  -9.779643e-02  -3.851895e-02  -4.664300e-01]
E=[ ...        
   6.940563e+05  -5.277906e+05   1.521941e+01;
  -5.277906e+05   4.208986e+05  -1.237949e+01;
   1.521941e+01  -1.237949e+01  -4.996319e-01]
e=[ ...        
  -2.903372e+04  -1.319727e+04  -7.426217e+04;
  -1.319727e+04  -5.998215e+03  -3.375527e+04;
  -7.426217e+04  -3.375527e+04  -1.899433e+05]
intgraF=[ ...  
   1.008011e+00   2.683120e-02  -1.737981e-01;
   1.045809e-01   9.911030e-01  -3.574203e-02;
  -8.825154e-02  -1.956823e-01   1.888298e-01]
F=[ ...        
  -6.868624e+02   6.663999e+02  -2.046772e-02;
  -8.595599e+02   5.223412e+02  -1.319020e-02;
   4.212961e+02  -3.533681e+02   1.196912e-02]
R=[ ...        
  -9.087298e-02   9.288243e-01   3.592039e-01;
  -9.737723e-01  -1.584258e-01   1.633060e-01;
   2.085898e-01  -3.349427e-01   9.188600e-01]
U=[ ...        
   9.873109e+02  -6.429081e+02   1.720085e-02;
  -6.429081e+02   6.545742e+02  -2.093021e-02;
   1.720085e-02  -2.093021e-02   1.491818e-03]
l=[ ...        
  -1.677016e-08   8.792659e-08   8.370343e-08;
  -1.010343e-07  -3.014418e-07  -1.636473e-07;
  -1.070878e-07  -2.864661e-08   3.377546e-08]
d=[ ...        
  -1.677016e-08  -6.553881e-09  -1.169219e-08;
  -6.553881e-09  -3.014418e-07  -9.614696e-08;
  -1.169219e-08  -9.614696e-08   3.377546e-08]
