     iteration=        1100000       process=              0       (i,j,k)=              0              0              0       (x,y,z)=   5.000000e-03   5.000000e-03   5.291279e-03     particles=             80
fabric=[ ...   
   3.383273e-01  -8.002474e-04   2.270654e-03;
  -8.002474e-04   3.057090e-01   1.201075e-03;
   2.270654e-03   1.201075e-03   3.559637e-01]
sigma=[ ...    
  -3.224591e+02  -2.400715e+01   2.425990e+01;
  -2.400637e+01  -2.385848e+02  -2.896977e+01;
   2.426070e+01  -2.897055e+01  -3.640254e+02]
sigmaDot=[ ... 
  -7.573591e+02  -2.439196e+02  -3.279344e+02;
  -5.705670e+01  -1.623462e+02  -6.562305e+02;
  -5.578014e+02  -1.012071e+03  -1.451827e+03]
intgraE=[ ...  
   4.533640e+01  -1.805984e+01  -6.086920e-02;
  -1.805984e+01   1.188736e+01   8.602389e-03;
  -6.086920e-02   8.602389e-03  -4.998743e-01]
E=[ ...        
   1.860870e+05  -5.340675e+04  -2.024376e+00;
  -5.340675e+04   8.821478e+05   1.489586e+00;
  -2.024376e+00   1.489586e+00  -4.997940e-01]
e=[ ...        
  -4.188227e+01  -3.745643e+00  -2.367940e+02;
  -3.745643e+00   1.689682e-01  -2.092729e+01;
  -2.367940e+02  -2.092729e+01  -1.322492e+03]
intgraF=[ ...  
   6.092546e+00  -3.970771e+00  -3.534633e-03;
  -5.123964e-01   2.635729e+00  -6.448252e-03;
  -7.368252e+00   1.435488e+00   1.404778e-02]
F=[ ...        
   5.027505e+02  -8.531322e+02  -2.841539e-03;
  -3.350304e+02  -1.004014e+03   2.789381e-03;
  -8.468459e+01   1.685784e+02   1.990492e-02]
R=[ ...        
   7.719975e-01  -6.107288e-01   1.761538e-01;
  -6.225389e-01  -7.824339e-01   1.557459e-02;
  -1.283168e-01   1.216861e-01   9.842394e-01]
U=[ ...        
   6.075580e+02  -5.520996e+01  -6.484296e-03;
  -5.520996e+01   1.327120e+03   1.975056e-03;
  -6.484296e-03   1.975056e-03   1.913411e-02]
l=[ ...        
   1.376518e-02   1.992837e-03  -1.298848e-03;
   1.300286e-02   1.646705e-03   8.103794e-04;
  -9.157974e-05  -2.828619e-05   3.674344e-05]
d=[ ...        
   1.376518e-02   7.497848e-03  -6.952136e-04;
   7.497848e-03   1.646705e-03   3.910466e-04;
  -6.952136e-04   3.910466e-04   3.674344e-05]
     iteration=        1100000       process=              1       (i,j,k)=              0              0              1       (x,y,z)=   5.000000e-03   5.000000e-03   1.587384e-02     particles=             46
fabric=[ ...   
   3.422718e-01  -2.440087e-02   2.374303e-02;
  -2.440087e-02   3.248972e-01   2.897809e-04;
   2.374303e-02   2.897809e-04   3.328310e-01]
sigma=[ ...    
  -7.319667e+01   2.346678e+01   4.819064e+00;
   2.351293e+01  -9.779783e+01   1.648674e+00;
   4.978016e+00   1.663806e+00  -1.087932e+02]
sigmaDot=[ ... 
   3.144205e+03  -1.716760e+02   6.000563e+02;
  -1.930027e+03  -1.557869e+03  -2.653088e+03;
  -7.217437e+03  -2.443019e+03   1.434496e+03]
intgraE=[ ...  
   9.991535e-02  -6.403660e-02  -6.964019e-01;
  -6.403660e-02   1.150009e-02   3.397751e-01;
  -6.964019e-01   3.397751e-01   3.647008e+00]
E=[ ...        
   6.691815e+05  -8.217580e+05   3.177200e+00;
  -8.217580e+05   1.781968e+06  -2.428278e+01;
   3.177200e+00  -2.428278e+01  -4.994467e-01]
e=[ ...        
  -1.823653e+05  -8.429740e+04   1.428431e+05;
  -8.429740e+04  -3.896541e+04   6.602825e+04;
   1.428431e+05   6.602825e+04  -1.118853e+05]
intgraF=[ ...  
   9.985822e-01  -5.018506e-04  -9.872725e-02;
  -3.033497e-02   9.878139e-01   5.481164e-02;
  -4.491592e-01   2.173099e-01   2.877719e+00]
F=[ ...        
   4.069489e+02  -1.212821e+03   1.983111e-02;
  -1.076722e+03   1.160921e+03  -1.277379e-03;
  -1.158705e+02  -8.632869e+02   2.667832e-02]
R=[ ...        
   1.053984e-02  -6.727756e-01  -7.397715e-01;
  -8.670211e-01   3.624168e-01  -3.419481e-01;
  -4.981600e-01  -6.450016e-01   5.794908e-01]
U=[ ...        
   9.955520e+02  -5.892709e+02  -1.197354e-02;
  -5.892709e+02   1.793515e+03  -3.101239e-02;
  -1.197354e-02  -3.101239e-02   1.226146e-03]
l=[ ...        
  -7.085506e-04   4.765928e-04   1.548451e-03;
   4.114775e-04  -5.752529e-04  -6.520188e-04;
   1.496685e-03  -1.737138e-03  -3.507013e-03]
d=[ ...        
  -7.085506e-04   4.440352e-04   1.522568e-03;
   4.440352e-04  -5.752529e-04  -1.194578e-03;
   1.522568e-03  -1.194578e-03  -3.507013e-03]
     iteration=        1100000       process=              2       (i,j,k)=              0              1              0       (x,y,z)=   5.000000e-03   1.500000e-02   5.291279e-03     particles=             81
fabric=[ ...   
   3.268153e-01  -9.658609e-05  -5.072984e-03;
  -9.658609e-05   3.191820e-01   1.842930e-02;
  -5.072984e-03   1.842930e-02   3.540027e-01]
sigma=[ ...    
  -2.894933e+02  -8.327477e+00   2.551555e+01;
  -8.293871e+00  -2.346667e+02  -2.028603e+01;
   2.556346e+01  -2.027816e+01  -2.814891e+02]
sigmaDot=[ ... 
  -2.645365e+03   9.318316e+02  -4.634248e+04;
  -3.438441e+03  -1.310568e+03  -7.424946e+01;
   8.310421e+03   5.696481e+04  -5.168249e+03]
intgraE=[ ...  
   1.493992e+01  -1.572836e+01  -2.006398e-01;
  -1.572836e+01   1.588341e+01   2.068039e-01;
  -2.006398e-01   2.068039e-01  -4.973763e-01]
E=[ ...        
   3.379460e+05   1.168968e+05   6.554359e+02;
   1.168968e+05   1.934861e+05   3.658573e+01;
   6.554359e+02   3.658573e+01   1.009282e+00]
e=[ ...        
  -6.581717e+01   6.440902e+01   1.495614e+01;
   6.440902e+01  -6.205577e+01  -1.452581e+01;
   1.495614e+01  -1.452581e+01  -2.872977e+00]
intgraF=[ ...  
   4.292474e+00  -4.910756e+00  -5.941163e-02;
   1.160528e+00  -9.032697e-01  -1.381171e-02;
   3.332820e+00  -2.799178e+00  -3.907438e-02]
F=[ ...        
  -4.836278e+02   4.875215e+01  -1.249904e+00;
  -3.696395e+02   1.874641e+02  -1.066331e+00;
  -5.525973e+02  -5.911461e+02  -5.650140e-01]
R=[ ...        
  -6.534633e-01   2.624037e-01  -7.100211e-01;
  -5.573258e-01   4.679431e-01   6.858697e-01;
  -5.122242e-01  -8.439038e-01   1.595393e-01]
U=[ ...        
   8.050963e+02   1.664630e+02   1.700475e+00;
   1.664630e+02   5.993857e+02  -3.501444e-01;
   1.700475e+00  -3.501444e-01   6.595219e-02]
l=[ ...        
   7.626311e-04   1.901541e-04   5.461786e-03;
  -8.368519e-04  -4.809760e-05  -1.492164e-03;
   8.998435e-07   4.360995e-05   9.499784e-05]
d=[ ...        
   7.626311e-04  -3.233489e-04   2.731343e-03;
  -3.233489e-04  -4.809760e-05  -7.242768e-04;
   2.731343e-03  -7.242768e-04   9.499784e-05]
     iteration=        1100000       process=              3       (i,j,k)=              0              1              1       (x,y,z)=   5.000000e-03   1.500000e-02   1.587384e-02     particles=             39
fabric=[ ...   
   3.299815e-01   1.141887e-02  -8.939748e-03;
   1.141887e-02   3.244758e-01   6.321478e-03;
  -8.939748e-03   6.321478e-03   3.455427e-01]
sigma=[ ...    
  -9.930929e+01   5.190880e-01  -1.710185e+00;
   5.047070e-01  -9.836477e+01  -9.954711e+00;
  -1.971217e+00  -1.002275e+01  -1.242833e+02]
sigmaDot=[ ... 
   2.334763e+02  -3.245792e+02  -1.247348e+03;
  -6.989905e+02  -1.096850e+03   1.482364e+03;
  -2.976810e+03   9.258146e+01  -4.782779e+02]
intgraE=[ ...  
  -5.199598e-02   7.947235e-02  -5.215739e-02;
   7.947235e-02   7.908640e-02  -6.692282e-02;
  -5.215739e-02  -6.692282e-02  -1.171058e-01]
E=[ ...        
   2.968130e+05  -1.704484e+05   6.782820e+00;
  -1.704484e+05   4.332197e+05   3.485510e+00;
   6.782820e+00   3.485510e+00  -4.996818e-01]
e=[ ...        
  -6.478724e+04  -1.057566e+05  -8.593294e+04;
  -1.057566e+05  -1.726319e+05  -1.402731e+05;
  -8.593294e+04  -1.402731e+05  -1.139790e+05]
intgraF=[ ...  
   9.355745e-01   9.698106e-03  -1.263485e-01;
   1.376207e-01   1.075189e+00  -1.591691e-01;
   4.205813e-02   4.525137e-02   8.511695e-01]
F=[ ...        
  -3.989268e+02  -3.769031e+02  -2.296604e-02;
  -2.508949e+02   6.637657e+02   4.868482e-03;
   6.095376e+02  -5.327285e+02   9.228875e-03]
R=[ ...        
  -6.972285e-01  -5.739945e-01  -4.294213e-01;
  -1.435062e-01   6.986769e-01  -7.008969e-01;
   7.023378e-01  -4.270607e-01  -5.695093e-01]
U=[ ...        
   7.422494e+02  -2.066222e+02   2.179571e-02;
  -2.066222e+02   9.076055e+02   1.264259e-02;
   2.179571e-02   1.264259e-02   1.193874e-03]
l=[ ...        
  -2.396696e-01   4.136135e-01  -1.259092e+00;
  -5.738495e-01   7.654185e-01  -2.559740e+00;
  -2.573345e-01   3.816636e-01  -1.262975e+00]
d=[ ...        
  -2.396696e-01  -8.011801e-02  -7.582134e-01;
  -8.011801e-02   7.654185e-01  -1.089038e+00;
  -7.582134e-01  -1.089038e+00  -1.262975e+00]
     iteration=        1100000       process=              4       (i,j,k)=              1              0              0       (x,y,z)=   1.500000e-02   5.000000e-03   5.291279e-03     particles=             78
fabric=[ ...   
   3.194831e-01   1.354233e-03  -5.268859e-03;
   1.354233e-03   3.258991e-01   1.572183e-02;
  -5.268859e-03   1.572183e-02   3.546179e-01]
sigma=[ ...    
  -2.854605e+02   1.605786e+01  -1.857872e+01;
   1.605033e+01  -2.721156e+02  -3.880852e+01;
  -1.857131e+01  -3.879626e+01  -3.798665e+02]
sigmaDot=[ ... 
   7.608303e+03   7.719291e+03  -7.726473e+04;
  -3.445264e+03   2.659373e+03  -5.796766e+02;
   1.734656e+03   2.833175e+03  -4.463024e+03]
intgraE=[ ...  
   1.997100e+01  -1.507117e+00   1.548885e-02;
  -1.507117e+00   2.807297e+00   2.984039e-02;
   1.548885e-02   2.984039e-02  -4.996866e-01]
E=[ ...        
   1.493074e+06  -7.681090e+05   1.291360e+01;
  -7.681090e+05   4.490340e+05  -4.663772e+00;
   1.291360e+01  -4.663772e+00  -4.996806e-01]
e=[ ...        
  -2.608840e+02   5.526148e+02   3.322812e+02;
   5.526148e+02  -1.167832e+03  -7.025050e+02;
   3.322812e+02  -7.025050e+02  -4.219085e+02]
intgraF=[ ...  
   4.235471e+00   9.829144e-01   1.482412e-02;
   8.717089e-01   1.543603e+00   1.753357e-02;
   4.716238e+00  -1.807142e+00  -9.985417e-03]
F=[ ...        
  -3.396616e+02  -1.225718e+02  -2.003305e-02;
  -9.882145e+02   4.409791e+02   2.026132e-03;
   1.376304e+03  -8.298088e+02   1.527643e-02]
R=[ ...        
  -5.398011e-01  -7.532969e-01  -3.757108e-01;
  -6.064167e-01   3.842867e-02   7.942179e-01;
   5.838438e-01  -6.565569e-01   4.775557e-01]
U=[ ...        
   1.586166e+03  -6.857314e+02   1.850423e-02;
  -6.857314e+02   6.540959e+02   5.138850e-03;
   1.850423e-02   5.138850e-03   1.643117e-02]
l=[ ...        
  -5.852701e-05   4.563626e-04   5.912535e-04;
  -1.514448e-05   9.171808e-05   3.663902e-05;
   1.918922e-06   6.644443e-06   2.694511e-05]
d=[ ...        
  -5.852701e-05   2.206090e-04   2.965862e-04;
   2.206090e-04   9.171808e-05   2.164173e-05;
   2.965862e-04   2.164173e-05   2.694511e-05]
     iteration=        1100000       process=              5       (i,j,k)=              1              0              1       (x,y,z)=   1.500000e-02   5.000000e-03   1.587384e-02     particles=             34
fabric=[ ...   
   3.331154e-01   7.315355e-03   1.572993e-02;
   7.315355e-03   3.603972e-01  -3.000616e-03;
   1.572993e-02  -3.000616e-03   3.064874e-01]
sigma=[ ...    
  -1.278887e+02  -1.226467e+01   4.854820e-01;
  -1.227546e+01  -1.190041e+02   1.179298e+01;
   5.152622e-01   1.179659e+01  -1.273842e+02]
sigmaDot=[ ... 
   6.868503e+02  -1.202598e+03   1.466748e+03;
   4.394160e+03   1.212345e+03   8.325887e+02;
  -1.757056e+03   3.666032e+03  -6.433412e+01]
intgraE=[ ...  
  -9.526733e-03   1.001605e-02  -6.491477e-02;
   1.001605e-02   4.272700e-02   1.489333e-01;
  -6.491477e-02   1.489333e-01  -4.026994e-01]
E=[ ...        
   1.074427e+06  -1.107546e+06  -8.890950e+03;
  -1.107546e+06   1.292037e+06   1.076771e+04;
  -8.890950e+03   1.076771e+04   1.289063e+02]
e=[ ...        
   4.999455e-01  -5.758686e-04  -1.246766e-04;
  -5.758686e-04   4.938913e-01  -1.329801e-03;
  -1.246766e-04  -1.329801e-03   4.997070e-01]
intgraF=[ ...  
   9.893175e-01   2.843226e-02  -1.143365e-01;
   2.683845e-03   1.015469e+00   2.124313e-01;
  -4.680047e-02   2.312325e-01   3.693255e-01]
F=[ ...        
  -1.459089e+03   1.488035e+03   1.109569e+01;
   1.404792e+02  -2.598991e+02  -1.095506e+01;
  -1.346971e+01   5.497978e+02   3.960421e+00]
R=[ ...        
  -8.135092e-01   5.748875e-01  -8.778986e-02;
  -4.678543e-02  -2.151648e-01  -9.754564e-01;
   5.796670e-01   7.894355e-01  -2.019349e-01]
U=[ ...        
   1.172602e+03  -8.796715e+02  -6.218184e+00;
  -8.796715e+02   1.345404e+03   1.186241e+01;
  -6.218184e+00   1.186241e+01   8.912350e+00]
l=[ ...        
   1.230941e-04   9.640473e-05  -1.302198e-04;
   1.123197e-04   1.287384e-04  -9.524326e-05;
   8.585452e-05  -2.087072e-05   5.427902e-06]
d=[ ...        
   1.230941e-04   1.043622e-04  -2.218264e-05;
   1.043622e-04   1.287384e-04  -5.805699e-05;
  -2.218264e-05  -5.805699e-05   5.427902e-06]
     iteration=        1100000       process=              6       (i,j,k)=              1              1              0       (x,y,z)=   1.500000e-02   1.500000e-02   5.291279e-03     particles=             70
fabric=[ ...   
   3.135832e-01  -4.798808e-03   7.965189e-03;
  -4.798808e-03   3.262834e-01   1.916962e-02;
   7.965189e-03   1.916962e-02   3.601334e-01]
sigma=[ ...    
  -3.285144e+02  -3.925210e+01   1.405613e+01;
  -3.925792e+01  -3.526872e+02   2.504038e+01;
   1.405681e+01   2.503043e+01  -3.481614e+02]
sigmaDot=[ ... 
  -1.122434e+02   5.944878e+00  -2.962406e+02;
  -1.482857e+02  -4.458176e+02   8.423713e+01;
   2.892572e+01   5.675865e+02  -6.121087e+02]
intgraE=[ ...  
   3.633146e-01  -8.568095e-01  -3.546286e-02;
  -8.568095e-01   3.601019e-01   3.712837e-02;
  -3.546286e-02   3.712837e-02  -4.981599e-01]
E=[ ...        
   1.120270e+06  -8.929074e+05  -8.651362e-02;
  -8.929074e+05   7.393905e+05   1.006543e+00;
  -8.651362e-02   1.006543e+00  -4.999362e-01]
e=[ ...        
  -5.833100e+02  -1.369953e+03   1.529776e+03;
  -1.369953e+03  -3.214193e+03   3.589731e+03;
   1.529776e+03   3.589731e+03  -4.008021e+03]
intgraF=[ ...  
   4.846232e-01  -6.107597e-01  -4.563776e-02;
  -1.118344e+00   1.062678e+00   3.629758e-02;
  -4.909963e-01   4.667890e-01   1.673218e-02]
F=[ ...        
   6.072093e+02  -2.786822e+02   4.712676e-03;
  -1.126221e+03   9.326654e+02  -3.863312e-03;
  -7.768294e+02   7.288714e+02   9.507304e-03]
R=[ ...        
   8.288018e-01   4.881893e-01  -2.734207e-01;
  -5.352522e-01   5.493097e-01  -6.416884e-01;
  -1.630728e-01   6.781815e-01   7.165732e-01]
U=[ ...        
   1.232748e+03  -8.490425e+02   4.423339e-03;
  -8.490425e+02   8.705796e+02   6.626200e-03;
   4.423339e-03   6.626200e-03   8.003179e-03]
l=[ ...        
  -3.730770e-02   2.744552e-03  -1.541319e-02;
  -9.309931e-02   6.411386e-02  -1.206513e-01;
   4.503135e-02  -1.632727e-03  -4.613577e-03]
d=[ ...        
  -3.730770e-02  -4.517738e-02   1.480908e-02;
  -4.517738e-02   6.411386e-02  -6.114202e-02;
   1.480908e-02  -6.114202e-02  -4.613577e-03]
     iteration=        1100000       process=              7       (i,j,k)=              1              1              1       (x,y,z)=   1.500000e-02   1.500000e-02   1.587384e-02     particles=             48
fabric=[ ...   
   3.139590e-01  -1.242035e-02  -2.188594e-02;
  -1.242035e-02   3.193894e-01   2.723077e-03;
  -2.188594e-02   2.723077e-03   3.666516e-01]
sigma=[ ...    
  -7.664439e+01  -1.520769e+00   7.253057e+00;
  -1.515855e+00  -7.858172e+01   4.756961e+00;
   7.218193e+00   4.771101e+00  -1.030219e+02]
sigmaDot=[ ... 
   1.210726e+03   5.398409e+01  -2.960204e+02;
   1.142278e+02   5.147981e+02  -6.340712e+01;
  -2.774123e+02  -1.799908e+01   3.490112e+02]
intgraE=[ ...  
   1.743384e-02   7.434867e-02  -9.785233e-02;
   7.434867e-02   1.073137e-02  -3.886596e-02;
  -9.785233e-02  -3.886596e-02  -4.663098e-01]
E=[ ...        
   6.916764e+05  -5.259668e+05   1.520907e+01;
  -5.259668e+05   4.193807e+05  -1.238268e+01;
   1.520907e+01  -1.238268e+01  -4.996302e-01]
e=[ ...        
  -3.336036e+04  -1.492479e+04  -8.514455e+04;
  -1.492479e+04  -6.676466e+03  -3.809148e+04;
  -8.514455e+04  -3.809148e+04  -2.173079e+05]
intgraF=[ ...  
   1.007910e+00   2.673340e-02  -1.736661e-01;
   1.052806e-01   9.911707e-01  -3.631447e-02;
  -8.888405e-02  -1.957771e-01   1.894777e-01]
F=[ ...        
  -6.867573e+02   6.656395e+02  -2.063363e-02;
  -8.577812e+02   5.212133e+02  -1.312188e-02;
   4.194398e+02  -3.521694e+02   1.190196e-02]
R=[ ...        
  -9.218183e-02   9.283834e-01   3.600093e-01;
  -9.740177e-01  -1.591815e-01   1.610924e-01;
   2.068623e-01  -3.358056e-01   9.189356e-01]
U=[ ...        
   9.855669e+02  -6.418814e+02   1.714505e-02;
  -6.418814e+02   6.532616e+02  -2.106390e-02;
   1.714505e-02  -2.106390e-02   1.394997e-03]
l=[ ...        
   3.729844e-04  -2.923287e-04  -1.787703e-03;
  -4.684535e-02   4.901010e-02   2.807254e-01;
   1.196486e-02  -1.240424e-02  -7.135342e-02]
d=[ ...        
   3.729844e-04  -2.356884e-02   5.088577e-03;
  -2.356884e-02   4.901010e-02   1.341606e-01;
   5.088577e-03   1.341606e-01  -7.135342e-02]
