     iteration=         650000       process=              0       (i,j,k)=              0              0              0       (x,y,z)=   5.000000e-03   5.000000e-03   1.123997e-02     particles=            127
fabric=[ ...   
   3.515383e-01  -6.529325e-03  -6.012368e-03;
  -6.529325e-03   3.006061e-01  -6.441454e-03;
  -6.012368e-03  -6.441454e-03   3.399816e-01]
sigma=[ ...    
  -1.605186e+02  -1.751615e+01   1.255881e+01;
  -1.320042e+01  -9.953623e+01  -3.873729e-01;
   1.544909e+01  -5.486555e+00  -1.667472e+02]
sigmaDot=[ ... 
  -6.313679e+05  -2.222825e+05  -6.135512e+05;
   1.750517e+05   1.955022e+05   1.821329e+05;
  -2.913134e+05   1.211781e+05   5.554615e+04]
intgraE=[ ...  
   4.618200e+01  -1.772818e+01  -6.392796e-02;
  -1.772818e+01   1.156722e+01   8.714825e-03;
  -6.392796e-02   8.714825e-03  -4.998671e-01]
E=[ ...        
   6.234552e+05  -2.986401e+05  -3.487518e+02;
  -2.986401e+05   8.240097e+05  -6.263124e+01;
  -3.487518e+02  -6.263124e+01  -1.719389e-01]
e=[ ...        
   6.777622e-02  -3.621396e-01   1.276292e+00;
  -3.621396e-01   1.965801e-01   1.069345e+00;
   1.276292e+00   1.069345e+00  -3.268705e+00]
intgraF=[ ...  
   5.734879e+00  -3.865140e+00  -2.957860e-03;
  -3.263141e-01   2.574384e+00  -6.730123e-03;
  -7.769728e+00   1.602397e+00   1.455509e-02]
F=[ ...        
   2.883619e+02  -1.206028e+03   3.021016e-01;
  -1.059510e+03   2.975627e+02   7.499616e-01;
  -2.029737e+02  -3.239966e+02  -4.913599e-02]
R=[ ...        
   4.297427e-02  -9.497457e-01   3.100586e-01;
  -9.646648e-01   4.130417e-02   2.602225e-01;
  -2.599519e-01  -3.102855e-01  -9.144112e-01]
U=[ ...        
   1.087227e+03  -2.546529e+02  -6.977060e-01;
  -2.546529e+02   1.258242e+03  -2.406970e-01;
  -6.977060e-01  -2.406970e-01   3.337566e-01]
l=[ ...        
  -1.107537e+00  -4.352120e-01  -1.134238e+00;
  -2.010390e+00   1.430433e+00  -4.129362e-01;
  -1.013795e-01  -6.760494e-01  -1.752547e+00]
d=[ ...        
  -1.107537e+00  -1.222801e+00  -6.178086e-01;
  -1.222801e+00   1.430433e+00  -5.444928e-01;
  -6.178086e-01  -5.444928e-01  -1.752547e+00]
     iteration=         650000       process=              1       (i,j,k)=              0              0              1       (x,y,z)=   5.000000e-03   5.000000e-03   3.371991e-02     particles=              1
fabric=[ ...   
   0.000000e+00   0.000000e+00   0.000000e+00;
   0.000000e+00   0.000000e+00   0.000000e+00;
   0.000000e+00   0.000000e+00   0.000000e+00]
sigma=[ ...    
   0.000000e+00   0.000000e+00   0.000000e+00;
   0.000000e+00   0.000000e+00   0.000000e+00;
   0.000000e+00   0.000000e+00   0.000000e+00]
sigmaDot=[ ... 
   0.000000e+00   0.000000e+00   0.000000e+00;
   0.000000e+00   0.000000e+00   0.000000e+00;
   0.000000e+00   0.000000e+00   0.000000e+00]
intgraE=[ ...  
   0.000000e+00   0.000000e+00   0.000000e+00;
   0.000000e+00   0.000000e+00   0.000000e+00;
   0.000000e+00   0.000000e+00   0.000000e+00]
E=[ ...        
   0.000000e+00   0.000000e+00   0.000000e+00;
   0.000000e+00   0.000000e+00   0.000000e+00;
   0.000000e+00   0.000000e+00   0.000000e+00]
e=[ ...        
   0.000000e+00   0.000000e+00   0.000000e+00;
   0.000000e+00   0.000000e+00   0.000000e+00;
   0.000000e+00   0.000000e+00   0.000000e+00]
intgraF=[ ...  
   0.000000e+00   0.000000e+00   0.000000e+00;
   0.000000e+00   0.000000e+00   0.000000e+00;
   0.000000e+00   0.000000e+00   0.000000e+00]
F=[ ...        
   0.000000e+00   0.000000e+00   0.000000e+00;
   0.000000e+00   0.000000e+00   0.000000e+00;
   0.000000e+00   0.000000e+00   0.000000e+00]
R=[ ...        
   0.000000e+00   0.000000e+00   0.000000e+00;
   0.000000e+00   0.000000e+00   0.000000e+00;
   0.000000e+00   0.000000e+00   0.000000e+00]
U=[ ...        
   0.000000e+00   0.000000e+00   0.000000e+00;
   0.000000e+00   0.000000e+00   0.000000e+00;
   0.000000e+00   0.000000e+00   0.000000e+00]
l=[ ...        
   0.000000e+00   0.000000e+00   0.000000e+00;
   0.000000e+00   0.000000e+00   0.000000e+00;
   0.000000e+00   0.000000e+00   0.000000e+00]
d=[ ...        
   0.000000e+00   0.000000e+00   0.000000e+00;
   0.000000e+00   0.000000e+00   0.000000e+00;
   0.000000e+00   0.000000e+00   0.000000e+00]
     iteration=         650000       process=              2       (i,j,k)=              0              1              0       (x,y,z)=   5.000000e-03   1.500000e-02   1.123997e-02     particles=            116
fabric=[ ...   
   3.316269e-01   1.017249e-02   6.563571e-03;
   1.017249e-02   3.084072e-01   2.081154e-02;
   6.563571e-03   2.081154e-02   3.515977e-01]
sigma=[ ...    
  -1.313360e+02   3.506350e+00   7.999857e+00;
  -1.029737e+00  -1.011520e+02  -2.405725e+01;
  -1.253383e-01  -2.690356e+01  -1.393808e+02]
sigmaDot=[ ... 
   8.319058e+04  -8.893644e+05   1.077987e+05;
  -1.155399e+06   6.451662e+04   5.224900e+05;
  -1.042544e+06  -6.620169e+06   1.956342e+05]
intgraE=[ ...  
   1.471438e+01  -1.531799e+01  -1.964897e-01;
  -1.531799e+01   1.531511e+01   2.004712e-01;
  -1.964897e-01   2.004712e-01  -4.974444e-01]
E=[ ...        
   5.978712e+04  -6.057026e+04   1.306318e+02;
  -6.057026e+04   1.975414e+05  -3.469641e+00;
   1.306318e+02  -3.469641e+00  -7.897346e-02]
e=[ ...        
  -4.959002e+00   6.169786e+00   5.668671e+00;
   6.169786e+00  -6.473129e+00  -6.406765e+00;
   5.668671e+00  -6.406765e+00  -5.386404e+00]
intgraF=[ ...  
   3.997412e+00  -4.633828e+00  -5.575843e-02;
   1.227424e+00  -9.686020e-01  -1.467472e-02;
   3.597623e+00  -3.036389e+00  -4.227177e-02]
F=[ ...        
  -2.081776e+02  -9.320779e+01  -6.524586e-01;
  -2.625945e+02   3.738295e+02  -5.736690e-01;
   8.533151e+01  -4.966362e+02  -2.953891e-01]
R=[ ...        
  -7.781138e-01  -3.154690e-01   5.431558e-01;
  -6.248894e-01   4.764234e-01  -6.184933e-01;
  -6.365671e-02  -8.206705e-01  -5.678449e-01]
U=[ ...        
   3.206465e+02  -1.294616e+02   8.849702e-01;
  -1.294616e+02   6.150800e+02   1.749382e-01;
   8.849702e-01   1.749382e-01   1.681589e-01]
l=[ ...        
  -3.285258e-01   7.561585e-01  -1.139028e+00;
   5.767354e-01  -1.843451e+00  -4.158937e-01;
   2.678326e+00  -4.016560e+00  -1.849682e+00]
d=[ ...        
  -3.285258e-01   6.664470e-01   7.696491e-01;
   6.664470e-01  -1.843451e+00  -2.216227e+00;
   7.696491e-01  -2.216227e+00  -1.849682e+00]
     iteration=         650000       process=              3       (i,j,k)=              0              1              1       (x,y,z)=   5.000000e-03   1.500000e-02   3.371991e-02     particles=              2
fabric=[ ...   
   0.000000e+00   0.000000e+00   0.000000e+00;
   0.000000e+00   0.000000e+00   0.000000e+00;
   0.000000e+00   0.000000e+00   0.000000e+00]
sigma=[ ...    
   0.000000e+00   0.000000e+00   0.000000e+00;
   0.000000e+00   0.000000e+00   0.000000e+00;
   0.000000e+00   0.000000e+00   0.000000e+00]
sigmaDot=[ ... 
   0.000000e+00   0.000000e+00   0.000000e+00;
   0.000000e+00   0.000000e+00   0.000000e+00;
   0.000000e+00   0.000000e+00   0.000000e+00]
intgraE=[ ...  
   0.000000e+00   0.000000e+00   0.000000e+00;
   0.000000e+00   0.000000e+00   0.000000e+00;
   0.000000e+00   0.000000e+00   0.000000e+00]
E=[ ...        
   0.000000e+00   0.000000e+00   0.000000e+00;
   0.000000e+00   0.000000e+00   0.000000e+00;
   0.000000e+00   0.000000e+00   0.000000e+00]
e=[ ...        
   0.000000e+00   0.000000e+00   0.000000e+00;
   0.000000e+00   0.000000e+00   0.000000e+00;
   0.000000e+00   0.000000e+00   0.000000e+00]
intgraF=[ ...  
   0.000000e+00   0.000000e+00   0.000000e+00;
   0.000000e+00   0.000000e+00   0.000000e+00;
   0.000000e+00   0.000000e+00   0.000000e+00]
F=[ ...        
   0.000000e+00   0.000000e+00   0.000000e+00;
   0.000000e+00   0.000000e+00   0.000000e+00;
   0.000000e+00   0.000000e+00   0.000000e+00]
R=[ ...        
   0.000000e+00   0.000000e+00   0.000000e+00;
   0.000000e+00   0.000000e+00   0.000000e+00;
   0.000000e+00   0.000000e+00   0.000000e+00]
U=[ ...        
   0.000000e+00   0.000000e+00   0.000000e+00;
   0.000000e+00   0.000000e+00   0.000000e+00;
   0.000000e+00   0.000000e+00   0.000000e+00]
l=[ ...        
   0.000000e+00   0.000000e+00   0.000000e+00;
   0.000000e+00   0.000000e+00   0.000000e+00;
   0.000000e+00   0.000000e+00   0.000000e+00]
d=[ ...        
   0.000000e+00   0.000000e+00   0.000000e+00;
   0.000000e+00   0.000000e+00   0.000000e+00;
   0.000000e+00   0.000000e+00   0.000000e+00]
     iteration=         650000       process=              4       (i,j,k)=              1              0              0       (x,y,z)=   1.500000e-02   5.000000e-03   1.123997e-02     particles=            111
fabric=[ ...   
   2.968729e-01   9.002143e-03  -3.818577e-03;
   9.002143e-03   3.273579e-01   7.804209e-03;
  -3.818577e-03   7.804209e-03   3.757691e-01]
sigma=[ ...    
  -1.700399e+02  -3.813372e+01  -2.620574e+00;
  -2.004176e+01  -1.980304e+02  -1.041855e-01;
  -1.503133e+00   3.239079e+00  -2.625691e+02]
sigmaDot=[ ... 
  -3.352795e+05   6.535806e+05  -1.001767e+07;
   5.298121e+06  -3.419345e+05   1.234166e+06;
   7.107741e+05  -2.653088e+06   9.375228e+05]
intgraE=[ ...  
   2.002950e+01  -1.574249e+00   1.495895e-02;
  -1.574249e+00   2.907922e+00   3.073455e-02;
   1.495895e-02   3.073455e-02  -4.996785e-01]
E=[ ...        
   9.840895e+05  -3.885132e+05   1.694087e+01;
  -3.885132e+05   8.899937e+05  -6.346036e+00;
   1.694087e+01  -6.346036e+00  -4.996843e-01]
e=[ ...        
  -4.639197e+01   6.984589e+02  -1.988141e+01;
   6.984589e+02  -1.040309e+04   2.961349e+02;
  -1.988141e+01   2.961349e+02  -7.929388e+00]
intgraF=[ ...  
   4.232044e+00   9.766886e-01   1.476876e-02;
   8.497200e-01   1.592780e+00   1.796823e-02;
   4.735693e+00  -1.823451e+00  -1.010457e-02]
F=[ ...        
  -1.015893e+03   1.234205e+03  -1.663843e-02;
  -4.068685e+01   9.701570e+01  -7.558702e-03;
   9.666882e+02   4.973071e+02   1.724583e-02]
R=[ ...        
  -5.662932e-01   8.214802e-01   6.694908e-02;
  -1.454436e-02   7.125603e-02  -9.973520e-01;
   8.240755e-01   5.657674e-01   2.840391e-02]
U=[ ...        
   1.372509e+03  -2.905144e+02   2.374403e-02;
  -2.905144e+02   1.302148e+03  -4.449615e-03;
   2.374403e-02  -4.449615e-03   6.914609e-03]
l=[ ...        
   2.054198e-01   4.265726e-01   4.742320e-02;
  -2.124352e-01  -1.124614e-01   3.095888e-01;
   6.844055e-01   6.789231e-01  -1.038689e+00]
d=[ ...        
   2.054198e-01   1.070687e-01   3.659144e-01;
   1.070687e-01  -1.124614e-01   4.942559e-01;
   3.659144e-01   4.942559e-01  -1.038689e+00]
     iteration=         650000       process=              5       (i,j,k)=              1              0              1       (x,y,z)=   1.500000e-02   5.000000e-03   3.371991e-02     particles=              1
fabric=[ ...   
   0.000000e+00   0.000000e+00   0.000000e+00;
   0.000000e+00   0.000000e+00   0.000000e+00;
   0.000000e+00   0.000000e+00   0.000000e+00]
sigma=[ ...    
   0.000000e+00   0.000000e+00   0.000000e+00;
   0.000000e+00   0.000000e+00   0.000000e+00;
   0.000000e+00   0.000000e+00   0.000000e+00]
sigmaDot=[ ... 
   0.000000e+00   0.000000e+00   0.000000e+00;
   0.000000e+00   0.000000e+00   0.000000e+00;
   0.000000e+00   0.000000e+00   0.000000e+00]
intgraE=[ ...  
   0.000000e+00   0.000000e+00   0.000000e+00;
   0.000000e+00   0.000000e+00   0.000000e+00;
   0.000000e+00   0.000000e+00   0.000000e+00]
E=[ ...        
   0.000000e+00   0.000000e+00   0.000000e+00;
   0.000000e+00   0.000000e+00   0.000000e+00;
   0.000000e+00   0.000000e+00   0.000000e+00]
e=[ ...        
   0.000000e+00   0.000000e+00   0.000000e+00;
   0.000000e+00   0.000000e+00   0.000000e+00;
   0.000000e+00   0.000000e+00   0.000000e+00]
intgraF=[ ...  
   0.000000e+00   0.000000e+00   0.000000e+00;
   0.000000e+00   0.000000e+00   0.000000e+00;
   0.000000e+00   0.000000e+00   0.000000e+00]
F=[ ...        
   0.000000e+00   0.000000e+00   0.000000e+00;
   0.000000e+00   0.000000e+00   0.000000e+00;
   0.000000e+00   0.000000e+00   0.000000e+00]
R=[ ...        
   0.000000e+00   0.000000e+00   0.000000e+00;
   0.000000e+00   0.000000e+00   0.000000e+00;
   0.000000e+00   0.000000e+00   0.000000e+00]
U=[ ...        
   0.000000e+00   0.000000e+00   0.000000e+00;
   0.000000e+00   0.000000e+00   0.000000e+00;
   0.000000e+00   0.000000e+00   0.000000e+00]
l=[ ...        
   0.000000e+00   0.000000e+00   0.000000e+00;
   0.000000e+00   0.000000e+00   0.000000e+00;
   0.000000e+00   0.000000e+00   0.000000e+00]
d=[ ...        
   0.000000e+00   0.000000e+00   0.000000e+00;
   0.000000e+00   0.000000e+00   0.000000e+00;
   0.000000e+00   0.000000e+00   0.000000e+00]
     iteration=         650000       process=              6       (i,j,k)=              1              1              0       (x,y,z)=   1.500000e-02   1.500000e-02   1.123997e-02     particles=            117
fabric=[ ...   
   3.073474e-01  -5.643435e-03   8.632341e-03;
  -5.643435e-03   3.188653e-01   4.673304e-03;
   8.632341e-03   4.673304e-03   3.660354e-01]
sigma=[ ...    
  -1.589132e+02  -1.726375e+01  -2.378610e+00;
  -1.675718e+01  -1.596244e+02   6.225843e+00;
   3.570503e+00   1.245930e+01  -1.650514e+02]
sigmaDot=[ ... 
   3.461182e+05   4.204100e+03  -1.905725e+06;
   1.178761e+06  -1.154324e+05   6.302930e+03;
  -1.561128e+05  -1.911514e+05  -3.938865e+05]
intgraE=[ ...  
   3.377393e-01  -8.309402e-01  -3.432252e-02;
  -8.309402e-01   3.340613e-01   3.599915e-02;
  -3.432252e-02   3.599915e-02  -4.982060e-01]
E=[ ...        
   3.491156e+05  -2.005368e+05   1.572681e+01;
  -2.005368e+05   1.174719e+05  -7.758270e+00;
   1.572681e+01  -7.758270e+00  -4.981096e-01]
e=[ ...        
  -4.365021e+02  -2.046218e+02  -1.163104e+01;
  -2.046218e+02  -9.531207e+01  -5.446091e+00;
  -1.163104e+01  -5.446091e+00   1.902916e-01]
intgraF=[ ...  
   4.613338e-01  -5.888159e-01  -4.490015e-02;
  -1.091369e+00   1.036490e+00   3.528760e-02;
  -5.211177e-01   4.970979e-01   1.807516e-02]
F=[ ...        
   3.541454e+02  -2.016703e+02   4.466142e-02;
  -7.509954e+02   4.238184e+02  -2.507573e-02;
  -9.390975e+01   1.210447e+02   3.401968e-02]
R=[ ...        
   3.861151e-01  -1.764549e-01   9.054164e-01;
  -8.463304e-01   3.226705e-01   4.238025e-01;
   3.669331e-01   9.299180e-01   2.475119e-02]
U=[ ...        
   7.378726e+02  -3.921431e+02   5.094975e-02;
  -3.921431e+02   2.849010e+02   1.566359e-02;
   5.094975e-02   1.566359e-02   3.065205e-02]
l=[ ...        
  -1.035726e+01  -1.649355e+00   6.524009e+00;
  -2.635859e+00  -5.647023e-01   2.187134e+00;
  -8.116485e+00  -1.834418e+00   5.158457e+00]
d=[ ...        
  -1.035726e+01  -2.142607e+00  -7.962379e-01;
  -2.142607e+00  -5.647023e-01   1.763579e-01;
  -7.962379e-01   1.763579e-01   5.158457e+00]
     iteration=         650000       process=              7       (i,j,k)=              1              1              1       (x,y,z)=   1.500000e-02   1.500000e-02   3.371991e-02     particles=              1
fabric=[ ...   
   0.000000e+00   0.000000e+00   0.000000e+00;
   0.000000e+00   0.000000e+00   0.000000e+00;
   0.000000e+00   0.000000e+00   0.000000e+00]
sigma=[ ...    
   0.000000e+00   0.000000e+00   0.000000e+00;
   0.000000e+00   0.000000e+00   0.000000e+00;
   0.000000e+00   0.000000e+00   0.000000e+00]
sigmaDot=[ ... 
   0.000000e+00   0.000000e+00   0.000000e+00;
   0.000000e+00   0.000000e+00   0.000000e+00;
   0.000000e+00   0.000000e+00   0.000000e+00]
intgraE=[ ...  
   0.000000e+00   0.000000e+00   0.000000e+00;
   0.000000e+00   0.000000e+00   0.000000e+00;
   0.000000e+00   0.000000e+00   0.000000e+00]
E=[ ...        
   0.000000e+00   0.000000e+00   0.000000e+00;
   0.000000e+00   0.000000e+00   0.000000e+00;
   0.000000e+00   0.000000e+00   0.000000e+00]
e=[ ...        
   0.000000e+00   0.000000e+00   0.000000e+00;
   0.000000e+00   0.000000e+00   0.000000e+00;
   0.000000e+00   0.000000e+00   0.000000e+00]
intgraF=[ ...  
   0.000000e+00   0.000000e+00   0.000000e+00;
   0.000000e+00   0.000000e+00   0.000000e+00;
   0.000000e+00   0.000000e+00   0.000000e+00]
F=[ ...        
   0.000000e+00   0.000000e+00   0.000000e+00;
   0.000000e+00   0.000000e+00   0.000000e+00;
   0.000000e+00   0.000000e+00   0.000000e+00]
R=[ ...        
   0.000000e+00   0.000000e+00   0.000000e+00;
   0.000000e+00   0.000000e+00   0.000000e+00;
   0.000000e+00   0.000000e+00   0.000000e+00]
U=[ ...        
   0.000000e+00   0.000000e+00   0.000000e+00;
   0.000000e+00   0.000000e+00   0.000000e+00;
   0.000000e+00   0.000000e+00   0.000000e+00]
l=[ ...        
   0.000000e+00   0.000000e+00   0.000000e+00;
   0.000000e+00   0.000000e+00   0.000000e+00;
   0.000000e+00   0.000000e+00   0.000000e+00]
d=[ ...        
   0.000000e+00   0.000000e+00   0.000000e+00;
   0.000000e+00   0.000000e+00   0.000000e+00;
   0.000000e+00   0.000000e+00   0.000000e+00]
