     iteration=         150000       process=              0       (i,j,k)=              0              0              0       (x,y,z)=   5.000000e-03   5.000000e-03   1.366150e-01     particles=            151
fabric=[ ...   
   2.129707e-01  -5.220628e-02   3.114617e-02;
  -5.220628e-02   2.635192e-01  -5.030802e-02;
   3.114617e-02  -5.030802e-02   5.235101e-01]
sigma=[ ...    
  -2.523842e-01   8.057867e-01   6.915171e-01;
   9.019237e-01  -3.485841e+00   4.591681e-01;
   4.185943e-01   1.702548e+00  -5.027310e+00]
sigmaDot=[ ... 
  -5.696374e+04   2.442668e+04   8.206736e+05;
  -2.737592e+05  -3.177508e+05  -1.122733e+05;
  -1.918075e+05  -2.672364e+06  -1.609801e+05]
intgraE=[ ...  
   6.960645e+00  -3.422283e+00  -5.357929e-01;
  -3.422283e+00   2.587882e+00   4.520631e-02;
  -5.357929e-01   4.520631e-02  -3.908525e-01]
E=[ ...        
   5.092730e+04   2.126615e+05  -1.645679e+02;
   2.126615e+05   8.978512e+05  -6.885567e+02;
  -1.645679e+02  -6.885567e+02   3.205146e-02]
e=[ ...        
  -1.153105e+03  -1.531493e+03  -3.517609e+01;
  -1.531493e+03  -2.032669e+03  -4.669886e+01;
  -3.517609e+01  -4.669886e+01  -5.726055e-01]
intgraF=[ ...  
   2.827660e+00  -1.272059e+00  -3.932258e-03;
  -1.317901e+00   2.125866e+00  -2.846424e-03;
  -2.277887e+00   1.957675e-01   4.671954e-01]
F=[ ...        
   9.170354e+00  -7.365222e+01  -6.576460e-03;
   4.197541e-01   8.614727e+01  -3.057077e-03;
  -3.190162e+02  -1.335237e+03   1.031528e+00]
R=[ ...        
   7.656866e-01  -2.329081e-01   5.995648e-01;
  -5.664360e-01   1.974841e-01   8.000939e-01;
  -3.047529e-01  -9.522362e-01   1.928344e-02]
U=[ ...        
   1.040049e+02   3.017258e+02  -3.176650e-01;
   3.017258e+02   1.305628e+03  -9.813305e-01;
  -3.176650e-01  -9.813305e-01   1.350245e-02]
l=[ ...        
   8.811791e+00   7.744696e+00  -6.391591e-02;
   1.756862e+01   7.390981e+00   1.312607e-02;
  -2.078660e+01  -2.882566e+00  -9.581033e+00]
d=[ ...        
   8.811791e+00   1.265666e+01  -1.042526e+01;
   1.265666e+01   7.390981e+00  -1.434720e+00;
  -1.042526e+01  -1.434720e+00  -9.581033e+00]
     iteration=         150000       process=              1       (i,j,k)=              0              0              1       (x,y,z)=   5.000000e-03   5.000000e-03   4.098450e-01     particles=             80
fabric=[ ...   
   0.000000e+00   0.000000e+00   0.000000e+00;
   0.000000e+00   0.000000e+00   0.000000e+00;
   0.000000e+00   0.000000e+00   0.000000e+00]
sigma=[ ...    
   0.000000e+00   0.000000e+00   0.000000e+00;
   0.000000e+00   0.000000e+00   0.000000e+00;
   0.000000e+00   0.000000e+00   0.000000e+00]
sigmaDot=[ ... 
   0.000000e+00   0.000000e+00   0.000000e+00;
   0.000000e+00   0.000000e+00   0.000000e+00;
   0.000000e+00   0.000000e+00   0.000000e+00]
intgraE=[ ...  
   3.735645e-02  -8.205217e-03  -2.061353e-01;
  -8.205217e-03   1.802248e-03   4.527691e-02;
  -2.061353e-01   4.527691e-02   6.374677e-01]
E=[ ...        
   9.448491e-02  -2.461999e-02  -3.756617e-01;
  -2.461999e-02   6.415246e-03   9.788639e-02;
  -3.756617e-01   9.788639e-02   9.935899e-01]
e=[ ...        
  -3.163014e-02   8.241885e-03  -7.276204e-02;
   8.241885e-03  -2.147593e-03   1.895965e-02;
  -7.276204e-02   1.895965e-02   3.326180e-01]
intgraF=[ ...  
   1.000000e+00   0.000000e+00   0.000000e+00;
   0.000000e+00   1.000000e+00   0.000000e+00;
  -2.733366e-01   6.003746e-02   1.508289e+00]
F=[ ...        
   1.000000e+00   1.263357e-17  -1.366112e-18;
  -1.482367e-17   1.000000e+00  -3.918895e-18;
  -4.347066e-01   1.132718e-01   1.728346e+00]
R=[ ...        
   9.875594e-01   3.241654e-03   1.572130e-01;
   3.241654e-03   9.991553e-01  -4.096508e-02;
  -1.572130e-01   4.096508e-02   9.867147e-01]
U=[ ...        
   1.055901e+00  -1.456614e-02  -2.717184e-01;
  -1.456614e-02   1.003796e+00   7.080183e-02;
  -2.717184e-01   7.080183e-02   1.705384e+00]
l=[ ...        
   0.000000e+00   0.000000e+00   0.000000e+00;
   0.000000e+00   0.000000e+00   0.000000e+00;
  -3.539255e+00   8.646137e-01   5.388072e+00]
d=[ ...        
   0.000000e+00   0.000000e+00  -1.769627e+00;
   0.000000e+00   0.000000e+00   4.323068e-01;
  -1.769627e+00   4.323068e-01   5.388072e+00]
     iteration=         150000       process=              2       (i,j,k)=              0              1              0       (x,y,z)=   5.000000e-03   1.500000e-02   1.366150e-01     particles=             76
fabric=[ ...   
   1.814387e-01   4.008561e-02  -2.942841e-02;
   4.008561e-02   3.210476e-01  -1.796339e-02;
  -2.942841e-02  -1.796339e-02   4.975137e-01]
sigma=[ ...    
  -1.458098e+01  -1.257078e+01   1.371938e+01;
  -6.499085e+00  -4.680644e+01   1.791712e+01;
   2.846226e+01   1.775981e+01  -4.809281e+01]
sigmaDot=[ ... 
  -1.232314e+06  -5.348152e+06   9.294047e+06;
  -5.464947e+06  -1.336229e+07   1.102263e+07;
   9.815231e+06   1.342930e+07  -2.353911e+07]
intgraE=[ ...  
   6.663132e+00  -8.107671e+00  -2.730681e-01;
  -8.107671e+00   8.910483e+00   4.031047e-01;
  -2.730681e-01   4.031047e-01  -3.793438e-01]
E=[ ...        
   5.718896e+06  -4.912059e+06   5.782896e+02;
  -4.912059e+06   4.562041e+06  -4.870490e+02;
   5.782896e+02  -4.870490e+02  -4.388432e-01]
e=[ ...        
  -2.702514e+01   4.581347e+01   2.748992e-01;
   4.581347e+01  -7.575300e+01  -4.575482e-01;
   2.748992e-01  -4.575482e-01   4.972545e-01]
intgraF=[ ...  
   3.504080e+00  -4.073422e+00  -4.584267e-02;
   1.224551e+00  -8.393615e-01  -1.932797e-02;
  -7.403818e-01   1.234372e+00   4.887098e-01]
F=[ ...        
   2.668039e+01  -7.328433e+02   1.846210e-02;
  -4.262755e+00  -4.228995e+02  -7.193453e-02;
   3.381873e+03  -2.899686e+03   3.417574e-01]
R=[ ...        
  -4.803473e-01  -7.100179e-01   5.149185e-01;
  -2.934103e-01  -4.231749e-01  -8.572242e-01;
   8.265451e-01  -5.628477e-01  -5.055674e-03]
U=[ ...        
   2.783705e+03  -1.920619e+03   2.947160e-01;
  -1.920619e+03   2.331374e+03  -1.750249e-01;
   2.947160e-01  -1.750249e-01   6.944268e-02]
l=[ ...        
  -3.189037e-01   2.670234e+01  -2.433773e-01;
   2.284369e+00   1.009660e+01  -2.648861e-01;
  -1.461136e+00  -7.755720e+00  -9.125917e+00]
d=[ ...        
  -3.189037e-01   1.449335e+01  -8.522565e-01;
   1.449335e+01   1.009660e+01  -4.010303e+00;
  -8.522565e-01  -4.010303e+00  -9.125917e+00]
     iteration=         150000       process=              3       (i,j,k)=              0              1              1       (x,y,z)=   5.000000e-03   1.500000e-02   4.098450e-01     particles=             16
fabric=[ ...   
   0.000000e+00   0.000000e+00   0.000000e+00;
   0.000000e+00   0.000000e+00   0.000000e+00;
   0.000000e+00   0.000000e+00   0.000000e+00]
sigma=[ ...    
   0.000000e+00   0.000000e+00   0.000000e+00;
   0.000000e+00   0.000000e+00   0.000000e+00;
   0.000000e+00   0.000000e+00   0.000000e+00]
sigmaDot=[ ... 
   0.000000e+00   0.000000e+00   0.000000e+00;
   0.000000e+00   0.000000e+00   0.000000e+00;
   0.000000e+00   0.000000e+00   0.000000e+00]
intgraE=[ ...  
   0.000000e+00   0.000000e+00   0.000000e+00;
   0.000000e+00   0.000000e+00   0.000000e+00;
   0.000000e+00   0.000000e+00   0.000000e+00]
E=[ ...        
  -5.000000e-01   0.000000e+00   0.000000e+00;
   0.000000e+00  -5.000000e-01   0.000000e+00;
   0.000000e+00   0.000000e+00  -5.000000e-01]
e=[ ...        
   0.000000e+00   0.000000e+00   0.000000e+00;
   0.000000e+00   0.000000e+00   0.000000e+00;
   0.000000e+00   0.000000e+00   0.000000e+00]
intgraF=[ ...  
   1.000000e+00   0.000000e+00   0.000000e+00;
   0.000000e+00   1.000000e+00   0.000000e+00;
   0.000000e+00   0.000000e+00   1.000000e+00]
F=[ ...        
   0.000000e+00   0.000000e+00   0.000000e+00;
   0.000000e+00   0.000000e+00   0.000000e+00;
   0.000000e+00   0.000000e+00   0.000000e+00]
R=[ ...        
   0.000000e+00   0.000000e+00   0.000000e+00;
   0.000000e+00   0.000000e+00   0.000000e+00;
   0.000000e+00   0.000000e+00   0.000000e+00]
U=[ ...        
   0.000000e+00   0.000000e+00   0.000000e+00;
   0.000000e+00   0.000000e+00   0.000000e+00;
   0.000000e+00   0.000000e+00   0.000000e+00]
l=[ ...        
   0.000000e+00   0.000000e+00   0.000000e+00;
   0.000000e+00   0.000000e+00   0.000000e+00;
   0.000000e+00   0.000000e+00   0.000000e+00]
d=[ ...        
   0.000000e+00   0.000000e+00   0.000000e+00;
   0.000000e+00   0.000000e+00   0.000000e+00;
   0.000000e+00   0.000000e+00   0.000000e+00]
     iteration=         150000       process=              4       (i,j,k)=              1              0              0       (x,y,z)=   1.500000e-02   5.000000e-03   1.366150e-01     particles=             59
fabric=[ ...   
   3.392654e-01  -7.839547e-02   3.208225e-05;
  -7.839547e-02   2.705054e-01  -2.961413e-02;
   3.208225e-05  -2.961413e-02   3.902292e-01]
sigma=[ ...    
  -1.532570e+01  -1.090982e+00   1.150514e+00;
   9.033574e-01   3.572458e+00  -1.659582e+00;
   4.058968e+00  -1.969198e-01   2.648701e+00]
sigmaDot=[ ... 
   2.191354e+05   2.081591e+05  -9.458059e+05;
   7.637539e+05   1.673467e+04   7.847417e+05;
   1.376539e+05   5.861338e+06  -1.580314e+05]
intgraE=[ ...  
   2.455016e+00  -1.102532e+00  -4.163294e-02;
  -1.102532e+00   1.547645e+00   7.430498e-02;
  -4.163294e-02   7.430498e-02  -3.857499e-01]
E=[ ...        
   3.014131e+07  -2.735838e+07  -2.407179e+03;
  -2.735838e+07   2.498762e+07   2.202890e+03;
  -2.407179e+03   2.202890e+03  -3.054745e-01]
e=[ ...        
  -5.587148e+02  -6.171391e+02   1.337863e+01;
  -6.171391e+02  -6.805633e+02   1.476441e+01;
   1.337863e+01   1.476441e+01   1.799302e-01]
intgraF=[ ...  
   2.327707e+00  -1.372368e+00  -1.544919e-02;
   6.923453e-01   1.467763e+00   8.719020e-03;
  -1.116655e-01   2.399277e-01   4.776877e-01]
F=[ ...        
   6.551923e+02  -1.844643e+02  -1.832515e-02;
  -7.605992e+02   3.201931e+02   3.025768e-03;
  -7.699015e+03   7.059652e+03   6.234629e-01]
R=[ ...        
   5.402539e-01   5.074057e-01  -6.713160e-01;
  -5.041187e-01  -4.436098e-01  -7.409957e-01;
  -6.737878e-01   7.387488e-01   1.613079e-02]
U=[ ...        
   5.924905e+03  -5.017780e+03  -4.315073e-01;
  -5.017780e+03   4.979671e+03   4.499420e-01;
  -4.315073e-01   4.499420e-01   2.011684e-02]
l=[ ...        
   6.112378e-02   2.431314e-01   3.125403e-02;
  -2.821167e+00   7.963059e-01  -2.455228e-01;
   1.748717e+00  -5.853168e-01  -9.159798e+00]
d=[ ...        
   6.112378e-02  -1.289018e+00   8.899855e-01;
  -1.289018e+00   7.963059e-01  -4.154198e-01;
   8.899855e-01  -4.154198e-01  -9.159798e+00]
     iteration=         150000       process=              5       (i,j,k)=              1              0              1       (x,y,z)=   1.500000e-02   5.000000e-03   4.098450e-01     particles=             16
fabric=[ ...   
   0.000000e+00   0.000000e+00   0.000000e+00;
   0.000000e+00   0.000000e+00   0.000000e+00;
   0.000000e+00   0.000000e+00   0.000000e+00]
sigma=[ ...    
   0.000000e+00   0.000000e+00   0.000000e+00;
   0.000000e+00   0.000000e+00   0.000000e+00;
   0.000000e+00   0.000000e+00   0.000000e+00]
sigmaDot=[ ... 
   0.000000e+00   0.000000e+00   0.000000e+00;
   0.000000e+00   0.000000e+00   0.000000e+00;
   0.000000e+00   0.000000e+00   0.000000e+00]
intgraE=[ ...  
   0.000000e+00   0.000000e+00   0.000000e+00;
   0.000000e+00   0.000000e+00   0.000000e+00;
   0.000000e+00   0.000000e+00   0.000000e+00]
E=[ ...        
  -5.000000e-01   0.000000e+00   0.000000e+00;
   0.000000e+00  -5.000000e-01   0.000000e+00;
   0.000000e+00   0.000000e+00  -5.000000e-01]
e=[ ...        
   0.000000e+00   0.000000e+00   0.000000e+00;
   0.000000e+00   0.000000e+00   0.000000e+00;
   0.000000e+00   0.000000e+00   0.000000e+00]
intgraF=[ ...  
   1.000000e+00   0.000000e+00   0.000000e+00;
   0.000000e+00   1.000000e+00   0.000000e+00;
   0.000000e+00   0.000000e+00   1.000000e+00]
F=[ ...        
   0.000000e+00   0.000000e+00   0.000000e+00;
   0.000000e+00   0.000000e+00   0.000000e+00;
   0.000000e+00   0.000000e+00   0.000000e+00]
R=[ ...        
   0.000000e+00   0.000000e+00   0.000000e+00;
   0.000000e+00   0.000000e+00   0.000000e+00;
   0.000000e+00   0.000000e+00   0.000000e+00]
U=[ ...        
   0.000000e+00   0.000000e+00   0.000000e+00;
   0.000000e+00   0.000000e+00   0.000000e+00;
   0.000000e+00   0.000000e+00   0.000000e+00]
l=[ ...        
   0.000000e+00   0.000000e+00   0.000000e+00;
   0.000000e+00   0.000000e+00   0.000000e+00;
   0.000000e+00   0.000000e+00   0.000000e+00]
d=[ ...        
   0.000000e+00   0.000000e+00   0.000000e+00;
   0.000000e+00   0.000000e+00   0.000000e+00;
   0.000000e+00   0.000000e+00   0.000000e+00]
     iteration=         150000       process=              6       (i,j,k)=              1              1              0       (x,y,z)=   1.500000e-02   1.500000e-02   1.366150e-01     particles=             62
fabric=[ ...   
   2.344222e-01  -3.355986e-02  -2.510520e-02;
  -3.355986e-02   2.098510e-01   1.469569e-02;
  -2.510520e-02   1.469569e-02   5.557268e-01]
sigma=[ ...    
   1.387269e+00  -8.744062e-01   3.333441e+00;
  -1.814030e+00  -2.601033e-01   1.241993e-01;
   2.023932e+00   1.029658e+00  -1.831421e+00]
sigmaDot=[ ... 
   3.011016e+04   4.690324e+04   4.505424e+05;
   1.902317e+05  -3.073172e+04  -3.526630e+04;
   2.071993e+04   1.784960e+05   1.939972e+05]
intgraE=[ ...  
   9.607784e-01  -1.496131e+00  -7.060615e-04;
  -1.496131e+00   1.149682e+00   6.401346e-02;
  -7.060615e-04   6.401346e-02  -4.265297e-01]
E=[ ...        
   6.003905e+06  -6.338439e+06   1.219845e+03;
  -6.338439e+06   6.757412e+06  -1.308023e+03;
   1.219845e+03  -1.308023e+03  -2.459108e-01]
e=[ ...        
  -3.568748e+03   3.083379e+03  -4.552160e+01;
   3.083379e+03  -2.663150e+03   3.932490e+01;
  -4.552160e+01   3.932490e+01  -8.057508e-02]
intgraF=[ ...  
   1.195730e+00  -1.557724e+00  -1.255722e-01;
  -1.146779e+00   9.138442e-01   3.045827e-03;
   4.203376e-01  -1.942858e-01   3.621643e-01]
F=[ ...        
  -4.404968e+02   2.324016e+02  -1.127143e-02;
  -4.596205e+02   2.149498e+02  -1.622798e-02;
   3.406248e+03  -3.662596e+03   7.125924e-01]
R=[ ...        
  -5.348743e-01  -3.755576e-01   7.568791e-01;
  -6.107230e-01  -4.471913e-01  -6.534810e-01;
   5.838895e-01  -8.117736e-01   9.829443e-03]
U=[ ...        
   2.505183e+03  -2.394132e+03   4.320148e-01;
  -2.394132e+03   2.789795e+03  -5.669737e-01;
   4.320148e-01  -5.669737e-01   9.077951e-03]
l=[ ...        
   5.295285e+00   1.451277e+01  -5.136823e-01;
  -1.452792e+01  -1.589310e+01  -5.199425e-01;
   4.918226e+01   5.199716e+01  -8.688789e+00]
d=[ ...        
   5.295285e+00  -7.576935e-03   2.433429e+01;
  -7.576935e-03  -1.589310e+01   2.573861e+01;
   2.433429e+01   2.573861e+01  -8.688789e+00]
     iteration=         150000       process=              7       (i,j,k)=              1              1              1       (x,y,z)=   1.500000e-02   1.500000e-02   4.098450e-01     particles=             16
fabric=[ ...   
   0.000000e+00   0.000000e+00   0.000000e+00;
   0.000000e+00   0.000000e+00   0.000000e+00;
   0.000000e+00   0.000000e+00   0.000000e+00]
sigma=[ ...    
   0.000000e+00   0.000000e+00   0.000000e+00;
   0.000000e+00   0.000000e+00   0.000000e+00;
   0.000000e+00   0.000000e+00   0.000000e+00]
sigmaDot=[ ... 
   0.000000e+00   0.000000e+00   0.000000e+00;
   0.000000e+00   0.000000e+00   0.000000e+00;
   0.000000e+00   0.000000e+00   0.000000e+00]
intgraE=[ ...  
   0.000000e+00   0.000000e+00   0.000000e+00;
   0.000000e+00   0.000000e+00   0.000000e+00;
   0.000000e+00   0.000000e+00   0.000000e+00]
E=[ ...        
  -5.000000e-01   0.000000e+00   0.000000e+00;
   0.000000e+00  -5.000000e-01   0.000000e+00;
   0.000000e+00   0.000000e+00  -5.000000e-01]
e=[ ...        
   0.000000e+00   0.000000e+00   0.000000e+00;
   0.000000e+00   0.000000e+00   0.000000e+00;
   0.000000e+00   0.000000e+00   0.000000e+00]
intgraF=[ ...  
   1.000000e+00   0.000000e+00   0.000000e+00;
   0.000000e+00   1.000000e+00   0.000000e+00;
   0.000000e+00   0.000000e+00   1.000000e+00]
F=[ ...        
   0.000000e+00   0.000000e+00   0.000000e+00;
   0.000000e+00   0.000000e+00   0.000000e+00;
   0.000000e+00   0.000000e+00   0.000000e+00]
R=[ ...        
   0.000000e+00   0.000000e+00   0.000000e+00;
   0.000000e+00   0.000000e+00   0.000000e+00;
   0.000000e+00   0.000000e+00   0.000000e+00]
U=[ ...        
   0.000000e+00   0.000000e+00   0.000000e+00;
   0.000000e+00   0.000000e+00   0.000000e+00;
   0.000000e+00   0.000000e+00   0.000000e+00]
l=[ ...        
   0.000000e+00   0.000000e+00   0.000000e+00;
   0.000000e+00   0.000000e+00   0.000000e+00;
   0.000000e+00   0.000000e+00   0.000000e+00]
d=[ ...        
   0.000000e+00   0.000000e+00   0.000000e+00;
   0.000000e+00   0.000000e+00   0.000000e+00;
   0.000000e+00   0.000000e+00   0.000000e+00]
