     iteration=        3800000       process=              0       (i,j,k)=              0              0              0       (x,y,z)=   5.000000e-03   5.000000e-03   5.253276e-03     particles=             80
fabric=[ ...   
   3.406651e-01   6.655986e-03  -4.441606e-04;
   6.655986e-03   3.072880e-01   6.088298e-04;
  -4.441606e-04   6.088298e-04   3.520469e-01]
sigma=[ ...    
  -3.165164e+02  -2.426120e+01   2.415101e+01;
  -2.426131e+01  -2.444486e+02  -2.611919e+01;
   2.415095e+01  -2.611913e+01  -3.727094e+02]
sigmaDot=[ ... 
  -1.520499e+01   1.820420e+01  -1.237350e+01;
   1.550222e+01  -7.946812e+00  -3.068422e-02;
  -1.030329e+01   5.750084e-01   8.723261e+00]
intgraE=[ ...  
   4.535876e+01  -1.807140e+01  -6.089099e-02;
  -1.807140e+01   1.189214e+01   8.617120e-03;
  -6.089099e-02   8.617120e-03  -4.998743e-01]
E=[ ...        
   1.874102e+05  -5.089311e+04  -1.983659e+00;
  -5.089311e+04   8.859960e+05   1.445565e+00;
  -1.983659e+00   1.445565e+00  -4.997944e-01]
e=[ ...        
  -4.096813e+01  -4.387064e+00  -2.339283e+02;
  -4.387064e+00   3.587572e-02  -2.474812e+01;
  -2.339283e+02  -2.474812e+01  -1.319126e+03]
intgraF=[ ...  
   6.096600e+00  -3.973163e+00  -3.537707e-03;
  -5.100518e-01   2.633959e+00  -6.448910e-03;
  -7.368096e+00   1.435453e+00   1.404749e-02]
F=[ ...        
   5.034267e+02  -8.520898e+02  -2.728092e-03;
  -3.383951e+02  -1.008488e+03   2.791398e-03;
  -8.289551e+01   1.699618e+02   1.989648e-02]
R=[ ...        
   7.728488e-01  -6.101241e-01   1.745089e-01;
  -6.220920e-01  -7.827263e-01   1.846844e-02;
  -1.253247e-01   1.228339e-01   9.844824e-01]
U=[ ...        
   6.099745e+02  -5.246435e+01  -6.338430e-03;
  -5.246435e+01   1.330128e+03   1.923537e-03;
  -6.338430e-03   1.923537e-03   1.916321e-02]
l=[ ...        
   1.062600e-02   1.475282e-03  -4.580446e-04;
   9.507608e-03   1.318908e-03  -4.086694e-04;
   1.393328e-04   1.897561e-05  -5.705987e-06]
d=[ ...        
   1.062600e-02   5.491445e-03  -1.593559e-04;
   5.491445e-03   1.318908e-03  -1.948469e-04;
  -1.593559e-04  -1.948469e-04  -5.705987e-06]
     iteration=        3800000       process=              1       (i,j,k)=              0              0              1       (x,y,z)=   5.000000e-03   5.000000e-03   1.575983e-02     particles=             46
fabric=[ ...   
   3.546013e-01  -9.976435e-03   2.483709e-02;
  -9.976435e-03   3.200316e-01   3.457356e-03;
   2.483709e-02   3.457356e-03   3.253672e-01]
sigma=[ ...    
  -6.660991e+01   8.021825e+00   9.627621e-01;
   8.022009e+00  -7.674478e+01   1.477047e+00;
   9.626946e-01   1.477083e+00  -1.060730e+02]
sigmaDot=[ ... 
  -4.918153e+01   1.320432e+01   3.831482e+01;
   1.464557e+01  -1.864164e+01  -1.710187e+01;
   4.257675e+01  -1.673902e+01  -3.590764e+01]
intgraE=[ ...  
   9.541125e-02  -6.456884e-02  -6.784941e-01;
  -6.456884e-02   1.150405e-02   3.409816e-01;
  -6.784941e-01   3.409816e-01   3.604721e+00]
E=[ ...        
   6.649840e+05  -8.275410e+05   3.175635e+00;
  -8.275410e+05   1.803571e+06  -2.435672e+01;
   3.175635e+00  -2.435672e+01  -4.994458e-01]
e=[ ...        
  -1.548393e+05  -7.116272e+04   1.213571e+05;
  -7.116272e+04  -3.270513e+04   5.577444e+04;
   1.213571e+05   5.577444e+04  -9.511426e+04]
intgraF=[ ...  
   9.981294e-01   3.866225e-04  -9.610508e-02;
  -3.448881e-02   9.878713e-01   6.129192e-02;
  -4.397393e-01   2.170674e-01   2.862944e+00]
F=[ ...        
   4.045324e+02  -1.217120e+03   1.976895e-02;
  -1.073970e+03   1.174091e+03  -1.298039e-03;
  -1.136228e+02  -8.644495e+02   2.675489e-02]
R=[ ...        
   6.245659e-03  -6.724523e-01  -7.401141e-01;
  -8.660895e-01   3.663228e-01  -3.401420e-01;
  -4.998499e-01  -6.431294e-01   5.801160e-01]
U=[ ...        
   9.894754e+02  -5.923744e+02  -1.212574e-02;
  -5.923744e+02   1.804504e+03  -3.097603e-02;
  -1.212574e-02  -3.097603e-02   1.331180e-03]
l=[ ...        
  -1.763240e-06   6.943345e-07   5.967136e-07;
   4.250241e-07  -2.572674e-07  -7.179412e-07;
   3.329116e-08  -5.135186e-08  -3.110149e-07]
d=[ ...        
  -1.763240e-06   5.596793e-07   3.150024e-07;
   5.596793e-07  -2.572674e-07  -3.846465e-07;
   3.150024e-07  -3.846465e-07  -3.110149e-07]
     iteration=        3800000       process=              2       (i,j,k)=              0              1              0       (x,y,z)=   5.000000e-03   1.500000e-02   5.253276e-03     particles=             81
fabric=[ ...   
   3.310523e-01  -4.643492e-04   1.483725e-03;
  -4.643492e-04   3.223596e-01   1.546684e-02;
   1.483725e-03   1.546684e-02   3.465881e-01]
sigma=[ ...    
  -2.983385e+02  -7.119334e+00   2.964357e+01;
  -7.119287e+00  -2.536589e+02  -3.485323e+01;
   2.964360e+01  -3.485332e+01  -2.909939e+02]
sigmaDot=[ ... 
   1.982124e+00   1.642498e+00   5.997086e-01;
   1.901692e+00   9.592432e-01  -7.071456e-01;
  -1.363166e-01  -4.251007e-01   3.516766e+00]
intgraE=[ ...  
   1.493988e+01  -1.572831e+01  -2.006392e-01;
  -1.572831e+01   1.588334e+01   2.068031e-01;
  -2.006392e-01   2.068031e-01  -4.973764e-01]
E=[ ...        
   3.427911e+05   1.217255e+05   6.582484e+02;
   1.217255e+05   1.983632e+05   3.937833e+01;
   6.582484e+02   3.937833e+01   1.009481e+00]
e=[ ...        
  -6.340924e+01   6.209483e+01   1.434900e+01;
   6.209483e+01  -5.983193e+01  -1.394162e+01;
   1.434900e+01  -1.394162e+01  -2.721660e+00]
intgraF=[ ...  
   4.292444e+00  -4.910716e+00  -5.941115e-02;
   1.160609e+00  -9.033192e-01  -1.381253e-02;
   3.332818e+00  -2.799207e+00  -3.907457e-02]
F=[ ...        
  -4.846946e+02   4.784599e+01  -1.250667e+00;
  -3.693154e+02   1.877378e+02  -1.065603e+00;
  -5.605893e+02  -5.993269e+02  -5.650508e-01]
R=[ ...        
  -6.529445e-01   2.638297e-01  -7.099700e-01;
  -5.568144e-01   4.682311e-01   6.860884e-01;
  -5.134405e-01  -8.432992e-01   1.588248e-01]
U=[ ...        
   8.099481e+02   1.719428e+02   1.700080e+00;
   1.719428e+02   6.059397e+02  -3.524048e-01;
   1.700080e+00  -3.524048e-01   6.709401e-02]
l=[ ...        
   3.772150e-03  -6.016798e-04  -6.228046e-03;
  -1.374379e-02   4.919237e-04   1.762419e-05;
  -2.713215e-05  -6.709298e-06  -1.023174e-04]
d=[ ...        
   3.772150e-03  -7.172733e-03  -3.127589e-03;
  -7.172733e-03   4.919237e-04   5.457446e-06;
  -3.127589e-03   5.457446e-06  -1.023174e-04]
     iteration=        3800000       process=              3       (i,j,k)=              0              1              1       (x,y,z)=   5.000000e-03   1.500000e-02   1.575983e-02     particles=             39
fabric=[ ...   
   3.401380e-01   1.697226e-02   1.977810e-02;
   1.697226e-02   3.265616e-01   1.307989e-03;
   1.977810e-02   1.307989e-03   3.333004e-01]
sigma=[ ...    
  -1.011656e+02  -1.031177e+01  -9.122328e+00;
  -1.031366e+01  -8.802520e+01  -1.376256e+00;
  -9.118903e+00  -1.376599e+00  -1.335805e+02]
sigmaDot=[ ... 
   3.798232e+00  -6.239609e+00  -2.902622e+00;
  -6.156345e+00   8.924949e+00  -1.424743e+00;
  -2.651860e+00  -1.779599e+00   7.822554e-01]
intgraE=[ ...  
  -4.111339e-02   7.395220e-02  -3.250967e-02;
   7.395220e-02   7.158015e-02  -4.380867e-02;
  -3.250967e-02  -4.380867e-02  -1.447513e-01]
E=[ ...        
   5.583976e+05  -5.787643e+05   7.758805e+00;
  -5.787643e+05   9.136602e+05  -4.387512e-01;
   7.758805e+00  -4.387512e-01  -4.995273e-01]
e=[ ...        
   3.851546e-01   5.909294e+00   1.113299e+01;
   5.909294e+00  -3.035639e+02  -5.728500e+02;
   1.113299e+01  -5.728500e+02  -1.078737e+03]
intgraF=[ ...  
   9.471465e-01  -1.347467e-04  -9.096779e-02;
   1.362075e-01   1.067701e+00  -1.257955e-01;
   4.619818e-02   5.634630e-02   8.284913e-01]
F=[ ...        
  -5.269855e+02  -1.404260e+02  -2.413258e-02;
  -8.113405e+02   1.186949e+03   6.023372e-03;
   4.252164e+02  -6.314707e+02   1.807808e-02]
R=[ ...        
  -8.707969e-01  -4.915576e-01  -9.157103e-03;
  -4.379412e-01   7.670815e-01   4.688213e-01;
   2.234285e-01  -4.122584e-01   8.832455e-01]
U=[ ...        
   9.092222e+02  -5.386197e+02   2.241585e-02;
  -5.386197e+02   1.239843e+03   9.030131e-03;
   2.241585e-02   9.030131e-03   1.901225e-02]
l=[ ...        
   6.306247e-09  -6.364842e-08  -1.274124e-07;
  -1.171999e-07   1.115021e-07   1.410996e-07;
   1.152622e-07  -7.197837e-08   2.364130e-08]
d=[ ...        
   6.306247e-09  -9.042414e-08  -6.075087e-09;
  -9.042414e-08   1.115021e-07   3.456060e-08;
  -6.075087e-09   3.456060e-08   2.364130e-08]
     iteration=        3800000       process=              4       (i,j,k)=              1              0              0       (x,y,z)=   1.500000e-02   5.000000e-03   5.253276e-03     particles=             77
fabric=[ ...   
   3.321830e-01   4.593851e-03  -1.141884e-02;
   4.593851e-03   3.199323e-01   2.029068e-02;
  -1.141884e-02   2.029068e-02   3.478847e-01]
sigma=[ ...    
  -2.896164e+02   1.833169e+01  -3.958366e+00;
   1.833100e+01  -2.595154e+02  -4.832244e+01;
  -3.953627e+00  -4.831720e+01  -3.708473e+02]
sigmaDot=[ ... 
   6.263218e+01   9.213851e+01  -1.670362e+01;
   1.022235e+02   9.457606e+01  -8.899294e+01;
  -1.284609e+02  -1.789064e+02   6.037084e+01]
intgraE=[ ...  
   1.997166e+01  -1.506893e+00   1.549250e-02;
  -1.506893e+00   2.806966e+00   2.983735e-02;
   1.549250e-02   2.983735e-02  -4.996866e-01]
E=[ ...        
   1.458678e+06  -7.916406e+05   8.648072e+00;
  -7.916406e+05   4.652029e+05  -4.765990e+00;
   8.648072e+00  -4.765990e+00  -4.996759e-01]
e=[ ...        
  -7.130009e+02   2.837019e+02   2.542397e+02;
   2.837019e+02  -1.123054e+02  -1.010907e+02;
   2.542397e+02  -1.010907e+02  -9.009251e+01]
intgraF=[ ...  
   4.235400e+00   9.829446e-01   1.482431e-02;
   8.721451e-01   1.543399e+00   1.753226e-02;
   4.716362e+00  -1.807117e+00  -9.984931e-03]
F=[ ...        
  -7.180264e+00  -1.217237e+02  -2.038593e-02;
  -1.149872e+03   4.504200e+02   1.727893e-03;
   1.262972e+03  -8.442227e+02   1.515205e-02]
R=[ ...        
  -2.039277e-01  -4.245535e-01  -8.821382e-01;
  -8.860252e-01  -3.032040e-01   3.507516e-01;
   4.163806e-01  -8.531246e-01   3.143335e-01]
U=[ ...        
   1.546157e+03  -7.257786e+02   8.935321e-03;
  -7.257786e+02   6.353363e+02  -4.795576e-03;
   8.935321e-03  -4.795576e-03   2.335206e-02]
l=[ ...        
   2.048786e-06  -4.070465e-04  -3.235960e-04;
  -1.738724e-06  -6.447784e-05  -4.867241e-05;
  -8.738049e-07   3.524859e-05  -3.919189e-06]
d=[ ...        
   2.048786e-06  -2.043926e-04  -1.622349e-04;
  -2.043926e-04  -6.447784e-05  -6.711912e-06;
  -1.622349e-04  -6.711912e-06  -3.919189e-06]
     iteration=        3800000       process=              5       (i,j,k)=              1              0              1       (x,y,z)=   1.500000e-02   5.000000e-03   1.575983e-02     particles=             35
fabric=[ ...   
   3.330019e-01   1.096332e-02   3.956542e-03;
   1.096332e-02   3.613500e-01   2.199407e-03;
   3.956542e-03   2.199407e-03   3.056481e-01]
sigma=[ ...    
  -1.115573e+02  -2.165274e+00   1.315280e+00;
  -2.164928e+00  -1.195437e+02   1.535526e+01;
   1.315507e+00   1.535546e+01  -1.341478e+02]
sigmaDot=[ ... 
   2.684146e+01   1.071616e+01  -4.484078e+00;
   2.071394e+00  -8.642415e-01  -3.578755e+01;
   7.481835e+00  -4.105277e+01  -5.836593e+01]
intgraE=[ ...  
  -9.614607e-03   1.044754e-02  -6.499424e-02;
   1.044754e-02   4.347373e-02   1.493198e-01;
  -6.499424e-02   1.493198e-01  -4.027498e-01]
E=[ ...        
   1.446285e+06  -4.948990e+05  -6.632022e+03;
  -4.948990e+05   9.678354e+05   9.123866e+03;
  -6.632022e+03   9.123866e+03   1.197082e+02]
e=[ ...        
   4.994273e-01  -2.034182e-03   3.976826e-04;
  -2.034182e-03   4.927722e-01   1.413319e-03;
   3.976826e-04   1.413319e-03   4.997233e-01]
intgraF=[ ...  
   9.892159e-01   2.952768e-02  -1.144071e-01;
   2.639679e-03   1.015634e+00   2.124687e-01;
  -4.707102e-02   2.335859e-01   3.691455e-01]
F=[ ...        
  -1.124084e+03   1.271325e+03   1.067151e+01;
   5.422836e+02  -2.595662e+02  -1.056539e+01;
   1.155394e+03   5.020250e+02   3.861074e+00]
R=[ ...        
  -5.138168e-01   8.180651e-01  -2.583830e-01;
   3.000325e-01  -1.108088e-01  -9.474713e-01;
   8.037243e-01   5.643500e-01   1.885107e-01]
U=[ ...        
   1.668894e+03  -3.276169e+02  -5.549921e+00;
  -3.276169e+02   1.352107e+03   1.207972e+01;
  -5.549921e+00   1.207972e+01   7.980925e+00]
l=[ ...        
   7.067318e-07   9.814839e-07   1.780693e-06;
  -3.162113e-07  -9.525443e-07  -2.992792e-06;
   8.129019e-07  -1.316667e-06  -2.252171e-06]
d=[ ...        
   7.067318e-07   3.326363e-07   1.296797e-06;
   3.326363e-07  -9.525443e-07  -2.154729e-06;
   1.296797e-06  -2.154729e-06  -2.252171e-06]
     iteration=        3800000       process=              6       (i,j,k)=              1              1              0       (x,y,z)=   1.500000e-02   1.500000e-02   5.253276e-03     particles=             70
fabric=[ ...   
   3.125863e-01  -1.662020e-03   1.052845e-02;
  -1.662020e-03   3.302461e-01   2.060492e-02;
   1.052845e-02   2.060492e-02   3.571675e-01]
sigma=[ ...    
  -3.140969e+02  -4.054556e+01   1.806533e+01;
  -4.054226e+01  -3.490478e+02   2.115712e+01;
   1.806697e+01   2.116723e+01  -3.552838e+02]
sigmaDot=[ ... 
  -4.033801e+01  -6.067100e+00   9.632507e+00;
  -7.226576e+00  -5.499939e+01   6.228494e+00;
   1.111126e+01   6.982611e+00  -4.257619e+01]
intgraE=[ ...  
   3.546139e-01  -8.481860e-01  -3.510618e-02;
  -8.481860e-01   3.515709e-01   3.677818e-02;
  -3.510618e-02   3.677818e-02  -4.981738e-01]
E=[ ...        
   1.251066e+06  -1.016537e+06   5.385446e-01;
  -1.016537e+06   8.558914e+05   4.550543e-01;
   5.385446e-01   4.550543e-01  -4.999364e-01]
e=[ ...        
  -4.544914e+02  -1.094485e+03   1.301237e+03;
  -1.094485e+03  -2.632294e+03   3.130137e+03;
   1.301237e+03   3.130137e+03  -3.720931e+03]
intgraF=[ ...  
   4.846753e-01  -6.108175e-01  -4.564109e-02;
  -1.110510e+00   1.054582e+00   3.590734e-02;
  -4.910044e-01   4.667982e-01   1.673261e-02]
F=[ ...        
   5.904328e+02  -2.617982e+02   4.541722e-03;
  -1.218220e+03   1.024641e+03  -4.814779e-03;
  -8.182072e+02   7.702965e+02   9.129657e-03]
R=[ ...        
   8.180224e-01   5.138460e-01  -2.584600e-01;
  -5.479526e-01   5.595538e-01  -6.218099e-01;
  -1.748923e-01   6.502783e-01   7.392908e-01]
U=[ ...        
   1.293612e+03  -9.103303e+02   4.756795e-03;
  -9.103303e+02   9.397248e+02   5.576436e-03;
   4.756795e-03   5.576436e-03   8.569495e-03]
l=[ ...        
  -4.147578e-02  -2.194811e-03   3.327355e-02;
   1.099763e-01  -7.643993e-02   9.494103e-02;
   4.734726e-02   3.073589e-03  -1.299327e-02]
d=[ ...        
  -4.147578e-02   5.389072e-02   4.031041e-02;
   5.389072e-02  -7.643993e-02   4.900731e-02;
   4.031041e-02   4.900731e-02  -1.299327e-02]
     iteration=        3800000       process=              7       (i,j,k)=              1              1              1       (x,y,z)=   1.500000e-02   1.500000e-02   1.575983e-02     particles=             48
fabric=[ ...   
   3.295687e-01  -1.015339e-02  -9.363664e-03;
  -1.015339e-02   3.120910e-01  -6.333302e-03;
  -9.363664e-03  -6.333302e-03   3.583403e-01]
sigma=[ ...    
  -7.723045e+01   5.042554e-01   1.204989e+01;
   5.042543e-01  -7.538191e+01   4.094476e+00;
   1.204986e+01   4.094468e+00  -1.002333e+02]
sigmaDot=[ ... 
  -5.574814e+00  -2.368405e+00  -7.447225e-01;
  -2.368748e+00  -5.505461e+00  -8.235860e+00;
  -1.562223e+00  -8.007715e+00  -5.327984e+00]
intgraE=[ ...  
   1.740593e-02   7.398292e-02  -9.779643e-02;
   7.398292e-02   1.064830e-02  -3.851894e-02;
  -9.779643e-02  -3.851894e-02  -4.664300e-01]
E=[ ...        
   6.940563e+05  -5.277906e+05   1.521941e+01;
  -5.277906e+05   4.208986e+05  -1.237949e+01;
   1.521941e+01  -1.237949e+01  -4.996319e-01]
e=[ ...        
  -2.901111e+04  -1.318700e+04  -7.420434e+04;
  -1.318700e+04  -5.993546e+03  -3.372899e+04;
  -7.420434e+04  -3.372899e+04  -1.897954e+05]
intgraF=[ ...  
   1.008011e+00   2.683121e-02  -1.737981e-01;
   1.045809e-01   9.911030e-01  -3.574202e-02;
  -8.825153e-02  -1.956823e-01   1.888298e-01]
F=[ ...        
  -6.868624e+02   6.663999e+02  -2.046772e-02;
  -8.595599e+02   5.223412e+02  -1.319020e-02;
   4.212961e+02  -3.533681e+02   1.196912e-02]
R=[ ...        
  -9.087298e-02   9.288243e-01   3.592039e-01;
  -9.737723e-01  -1.584258e-01   1.633060e-01;
   2.085898e-01  -3.349427e-01   9.188600e-01]
U=[ ...        
   9.873109e+02  -6.429081e+02   1.720085e-02;
  -6.429081e+02   6.545742e+02  -2.093021e-02;
   1.720085e-02  -2.093021e-02   1.491818e-03]
l=[ ...        
  -2.169357e-08  -4.266080e-08  -1.687852e-07;
   3.992182e-07  -1.532863e-07  -5.232128e-07;
   4.338921e-08  -7.843454e-08  -1.588723e-07]
d=[ ...        
  -2.169357e-08   1.782787e-07  -6.269799e-08;
   1.782787e-07  -1.532863e-07  -3.008237e-07;
  -6.269799e-08  -3.008237e-07  -1.588723e-07]
