     iteration=        2350000       process=              0       (i,j,k)=              0              0              0       (x,y,z)=   5.000000e-03   5.000000e-03   5.253276e-03     particles=             80
fabric=[ ...   
   3.406715e-01   6.657169e-03  -4.479689e-04;
   6.657169e-03   3.072759e-01   6.031284e-04;
  -4.479689e-04   6.031284e-04   3.520526e-01]
sigma=[ ...    
  -3.168429e+02  -2.419880e+01   2.395881e+01;
  -2.419927e+01  -2.444982e+02  -2.607771e+01;
   2.395872e+01  -2.607768e+01  -3.732430e+02]
sigmaDot=[ ... 
  -6.826384e+00  -1.057274e+01   7.135738e+00;
  -7.389777e+00   6.551552e+00  -1.367524e+00;
   3.426191e+00   3.799402e-01   1.204033e+01]
intgraE=[ ...  
   4.535773e+01  -1.807095e+01  -6.088973e-02;
  -1.807095e+01   1.189197e+01   8.616511e-03;
  -6.088973e-02   8.616511e-03  -4.998743e-01]
E=[ ...        
   1.871477e+05  -5.144110e+04  -1.984938e+00;
  -5.144110e+04   8.854937e+05   1.439691e+00;
  -1.984938e+00   1.439691e+00  -4.997945e-01]
e=[ ...        
  -4.110006e+01  -4.275193e+00  -2.343423e+02;
  -4.275193e+00   6.064221e-02  -2.408310e+01;
  -2.343423e+02  -2.408310e+01  -1.319601e+03]
intgraF=[ ...  
   6.096412e+00  -3.973054e+00  -3.537558e-03;
  -5.102187e-01   2.634055e+00  -6.448777e-03;
  -7.368100e+00   1.435455e+00   1.404749e-02]
F=[ ...        
   5.033646e+02  -8.523467e+02  -2.723234e-03;
  -3.376371e+02  -1.007818e+03   2.795801e-03;
  -8.319683e+01   1.696932e+02   1.989415e-02]
R=[ ...        
   7.727644e-01  -6.101623e-01   1.747490e-01;
  -6.220968e-01  -7.827342e-01   1.796527e-02;
  -1.258203e-01   1.225937e-01   9.844491e-01]
U=[ ...        
   6.094930e+02  -5.305340e+01  -6.346764e-03;
  -5.305340e+01   1.329727e+03   1.912143e-03;
  -6.346764e-03   1.912143e-03   1.915912e-02]
l=[ ...        
   1.513931e-02   2.099294e-03  -6.515555e-04;
   1.366415e-02   1.894684e-03  -5.881458e-04;
   1.413176e-04   1.914184e-05  -5.680575e-06]
d=[ ...        
   1.513931e-02   7.881724e-03  -2.551190e-04;
   7.881724e-03   1.894684e-03  -2.845020e-04;
  -2.551190e-04  -2.845020e-04  -5.680575e-06]
     iteration=        2350000       process=              1       (i,j,k)=              0              0              1       (x,y,z)=   5.000000e-03   5.000000e-03   1.575983e-02     particles=             46
fabric=[ ...   
   3.564787e-01  -1.130125e-02   2.350287e-02;
  -1.130125e-02   3.196542e-01   3.392488e-04;
   2.350287e-02   3.392488e-04   3.238671e-01]
sigma=[ ...    
  -6.729556e+01   7.981598e+00   7.154491e-01;
   7.981476e+00  -7.670695e+01   1.513443e+00;
   7.154785e-01   1.513448e+00  -1.060253e+02]
sigmaDot=[ ... 
   3.140120e+01  -1.025206e+01  -2.713731e+01;
  -8.191562e+00   6.322419e+00   3.687701e+00;
  -2.839728e+01  -1.736344e+00   1.438757e+00]
intgraE=[ ...  
   9.541108e-02  -6.456876e-02  -6.784939e-01;
  -6.456876e-02   1.150403e-02   3.409815e-01;
  -6.784939e-01   3.409815e-01   3.604720e+00]
E=[ ...        
   6.649840e+05  -8.275410e+05   3.175638e+00;
  -8.275410e+05   1.803571e+06  -2.435673e+01;
   3.175638e+00  -2.435673e+01  -4.994458e-01]
e=[ ...        
  -1.548447e+05  -7.116523e+04   1.213614e+05;
  -7.116523e+04  -3.270628e+04   5.577641e+04;
   1.213614e+05   5.577641e+04  -9.511761e+04]
intgraF=[ ...  
   9.981293e-01   3.866897e-04  -9.610485e-02;
  -3.448874e-02   9.878713e-01   6.129174e-02;
  -4.397393e-01   2.170674e-01   2.862944e+00]
F=[ ...        
   4.045325e+02  -1.217120e+03   1.976895e-02;
  -1.073970e+03   1.174091e+03  -1.298042e-03;
  -1.136228e+02  -8.644495e+02   2.675489e-02]
R=[ ...        
   6.245675e-03  -6.724523e-01  -7.401141e-01;
  -8.660895e-01   3.663227e-01  -3.401420e-01;
  -4.998499e-01  -6.431295e-01   5.801160e-01]
U=[ ...        
   9.894754e+02  -5.923744e+02  -1.212574e-02;
  -5.923744e+02   1.804504e+03  -3.097603e-02;
  -1.212574e-02  -3.097603e-02   1.331182e-03]
l=[ ...        
   1.220082e-06  -4.431274e-07  -5.575336e-07;
  -2.472740e-07  -4.273003e-08   2.841272e-07;
   4.633476e-07   1.600581e-09   2.197469e-07]
d=[ ...        
   1.220082e-06  -3.452007e-07  -4.709299e-08;
  -3.452007e-07  -4.273003e-08   1.428639e-07;
  -4.709299e-08   1.428639e-07   2.197469e-07]
     iteration=        2350000       process=              2       (i,j,k)=              0              1              0       (x,y,z)=   5.000000e-03   1.500000e-02   5.253276e-03     particles=             81
fabric=[ ...   
   3.310651e-01  -4.668185e-04   1.382717e-03;
  -4.668185e-04   3.223474e-01   1.549578e-02;
   1.382717e-03   1.549578e-02   3.465874e-01]
sigma=[ ...    
  -2.982593e+02  -7.155515e+00   2.963869e+01;
  -7.155270e+00  -2.536254e+02  -3.485247e+01;
   2.963872e+01  -3.485272e+01  -2.910304e+02]
sigmaDot=[ ... 
   1.161749e+00   2.320793e+00  -3.526476e-01;
   1.943735e+00  -1.290388e+00  -5.193903e-01;
   4.509725e-02  -3.151585e-01  -6.409190e-01]
intgraE=[ ...  
   1.494006e+01  -1.572855e+01  -2.006419e-01;
  -1.572855e+01   1.588365e+01   2.068066e-01;
  -2.006419e-01   2.068066e-01  -4.973763e-01]
E=[ ...        
   3.378721e+05   1.168920e+05   6.554152e+02;
   1.168920e+05   1.935830e+05   3.660975e+01;
   6.554152e+02   3.660975e+01   1.009368e+00]
e=[ ...        
  -6.554091e+01   6.416664e+01   1.488892e+01;
   6.416664e+01  -6.184555e+01  -1.446636e+01;
   1.488892e+01  -1.446636e+01  -2.856706e+00]
intgraF=[ ...  
   4.292556e+00  -4.910833e+00  -5.941261e-02;
   1.160359e+00  -9.030388e-01  -1.380911e-02;
   3.332816e+00  -2.799205e+00  -3.907454e-02]
F=[ ...        
  -4.836427e+02   4.884286e+01  -1.250192e+00;
  -3.695714e+02   1.874720e+02  -1.066037e+00;
  -5.524960e+02  -5.912999e+02  -5.650849e-01]
R=[ ...        
  -6.535673e-01   2.624940e-01  -7.098920e-01;
  -5.572628e-01   4.677942e-01   6.860225e-01;
  -5.121601e-01  -8.439582e-01   1.594569e-01]
U=[ ...        
   8.050079e+02   1.664469e+02   1.700562e+00;
   1.664469e+02   5.995517e+02  -3.499459e-01;
   1.700562e+00  -3.499459e-01   6.606947e-02]
l=[ ...        
   2.326012e-03  -1.003195e-04  -2.930653e-04;
  -7.676102e-03   1.891383e-04  -8.645606e-04;
  -5.325218e-05   7.023841e-06  -2.742816e-05]
d=[ ...        
   2.326012e-03  -3.888211e-03  -1.731587e-04;
  -3.888211e-03   1.891383e-04  -4.287684e-04;
  -1.731587e-04  -4.287684e-04  -2.742816e-05]
     iteration=        2350000       process=              3       (i,j,k)=              0              1              1       (x,y,z)=   5.000000e-03   1.500000e-02   1.575983e-02     particles=             39
fabric=[ ...   
   3.400286e-01   1.744536e-02   2.036342e-02;
   1.744536e-02   3.267185e-01   1.345174e-03;
   2.036342e-02   1.345174e-03   3.332528e-01]
sigma=[ ...    
  -1.011420e+02  -1.039371e+01  -9.167935e+00;
  -1.039237e+01  -8.792788e+01  -1.333531e+00;
  -9.173500e+00  -1.333211e+00  -1.335779e+02]
sigmaDot=[ ... 
  -5.363762e-02   5.525605e+00   4.538105e+00;
   4.746069e+00   9.857819e-01  -2.348475e+00;
   4.429218e+00  -2.636064e+00   2.507637e+00]
intgraE=[ ...  
  -4.111339e-02   7.395219e-02  -3.250967e-02;
   7.395219e-02   7.158015e-02  -4.380867e-02;
  -3.250967e-02  -4.380867e-02  -1.447513e-01]
E=[ ...        
   5.288367e+05  -4.711868e+05   9.355595e+00;
  -4.711868e+05   6.991612e+05  -2.254673e+00;
   9.355595e+00  -2.254673e+00  -4.995786e-01]
e=[ ...        
   8.323205e-02   1.311028e+01   2.591605e+01;
   1.311028e+01  -4.119120e+02  -8.152450e+02;
   2.591605e+01  -8.152450e+02  -1.611054e+03]
intgraF=[ ...  
   9.471465e-01  -1.347467e-04  -9.096779e-02;
   1.362075e-01   1.067701e+00  -1.257955e-01;
   4.619818e-02   5.634629e-02   8.284913e-01]
F=[ ...        
  -6.096757e+02  -5.863900e+01  -2.411306e-02;
  -7.429572e+02   1.053497e+03   2.473256e-03;
   3.660390e+02  -5.338808e+02   1.597525e-02]
R=[ ...        
  -8.960419e-01  -4.437361e-01  -1.439117e-02;
  -4.018167e-01   7.967552e-01   4.513585e-01;
   1.888178e-01  -4.102188e-01   8.922267e-01]
U=[ ...        
   9.139423e+02  -4.715759e+02   2.362893e-02;
  -4.715759e+02   1.084407e+03   6.117068e-03;
   2.362893e-02   6.117068e-03   1.571689e-02]
l=[ ...        
  -1.052119e-08   1.267299e-07   1.386089e-07;
  -1.511006e-08  -1.521106e-08  -1.325230e-08;
   5.915848e-08  -7.951506e-09   1.346597e-07]
d=[ ...        
  -1.052119e-08   5.580994e-08   9.888369e-08;
   5.580994e-08  -1.521106e-08  -1.060190e-08;
   9.888369e-08  -1.060190e-08   1.346597e-07]
     iteration=        2350000       process=              4       (i,j,k)=              1              0              0       (x,y,z)=   1.500000e-02   5.000000e-03   5.253276e-03     particles=             77
fabric=[ ...   
   3.321854e-01   4.592927e-03  -1.142610e-02;
   4.592927e-03   3.199261e-01   2.027891e-02;
  -1.142610e-02   2.027891e-02   3.478885e-01]
sigma=[ ...    
  -2.893503e+02   1.823501e+01  -3.866330e+00;
   1.823583e+01  -2.590580e+02  -4.829060e+01;
  -3.857278e+00  -4.827463e+01  -3.699501e+02]
sigmaDot=[ ... 
   3.232615e+01   1.108208e+02   8.632924e+00;
   1.114070e+02   2.190107e+01   1.296264e+02;
  -1.332269e+02  -2.012180e+02  -1.750012e+01]
intgraE=[ ...  
   1.997166e+01  -1.506992e+00   1.549149e-02;
  -1.506992e+00   2.807004e+00   2.983758e-02;
   1.549149e-02   2.983758e-02  -4.996866e-01]
E=[ ...        
   1.458555e+06  -7.915351e+05   8.648067e+00;
  -7.915351e+05   4.651171e+05  -4.766073e+00;
   8.648067e+00  -4.766073e+00  -4.996759e-01]
e=[ ...        
  -7.131056e+02   2.837066e+02   2.542153e+02;
   2.837066e+02  -1.122926e+02  -1.010678e+02;
   2.542153e+02  -1.010678e+02  -9.006181e+01]
intgraF=[ ...  
   4.235397e+00   9.829279e-01   1.482413e-02;
   8.721456e-01   1.543404e+00   1.753231e-02;
   4.716365e+00  -1.807143e+00  -9.985197e-03]
F=[ ...        
  -7.248249e+00  -1.216563e+02  -2.038536e-02;
  -1.149849e+03   4.503943e+02   1.728034e-03;
   1.262896e+03  -8.441445e+02   1.515197e-02]
R=[ ...        
  -2.039290e-01  -4.244796e-01  -8.821734e-01;
  -8.860346e-01  -3.032131e-01   3.507201e-01;
   4.163600e-01  -8.531582e-01   3.142697e-01]
U=[ ...        
   1.546103e+03  -7.257237e+02   8.934743e-03;
  -7.257237e+02   6.352640e+02  -4.797816e-03;
   8.934743e-03  -4.797816e-03   2.335129e-02]
l=[ ...        
   8.427845e-07  -4.116339e-04  -3.237166e-04;
   1.117988e-06  -6.207541e-05  -5.097133e-05;
   4.365116e-07   3.125666e-05  -5.303766e-06]
d=[ ...        
   8.427845e-07  -2.052579e-04  -1.616400e-04;
  -2.052579e-04  -6.207541e-05  -9.857334e-06;
  -1.616400e-04  -9.857334e-06  -5.303766e-06]
     iteration=        2350000       process=              5       (i,j,k)=              1              0              1       (x,y,z)=   1.500000e-02   5.000000e-03   1.575983e-02     particles=             35
fabric=[ ...   
   3.330019e-01   1.096332e-02   3.956542e-03;
   1.096332e-02   3.613500e-01   2.199391e-03;
   3.956542e-03   2.199391e-03   3.056481e-01]
sigma=[ ...    
  -1.122542e+02  -1.782989e+00   1.024669e+00;
  -1.783330e+00  -1.196977e+02   1.538900e+01;
   1.024888e+00   1.538856e+01  -1.337216e+02]
sigmaDot=[ ... 
  -3.020779e+01  -2.005289e+01  -1.750544e+00;
  -1.698960e+01  -2.018597e+01  -3.699502e+00;
  -2.355811e+01   3.078915e-01  -6.836202e+00]
intgraE=[ ...  
  -9.614581e-03   1.044746e-02  -6.499429e-02;
   1.044746e-02   4.347374e-02   1.493198e-01;
  -6.499429e-02   1.493198e-01  -4.027498e-01]
E=[ ...        
   1.446285e+06  -4.948988e+05  -6.632021e+03;
  -4.948988e+05   9.678349e+05   9.123866e+03;
  -6.632021e+03   9.123866e+03   1.197083e+02]
e=[ ...        
   4.994273e-01  -2.034181e-03   3.976825e-04;
  -2.034181e-03   4.927722e-01   1.413318e-03;
   3.976825e-04   1.413318e-03   4.997233e-01]
intgraF=[ ...  
   9.892160e-01   2.952747e-02  -1.144072e-01;
   2.639702e-03   1.015634e+00   2.124688e-01;
  -4.707094e-02   2.335858e-01   3.691455e-01]
F=[ ...        
  -1.124083e+03   1.271325e+03   1.067151e+01;
   5.422837e+02  -2.595663e+02  -1.056540e+01;
   1.155394e+03   5.020247e+02   3.861076e+00]
R=[ ...        
  -5.138166e-01   8.180652e-01  -2.583831e-01;
   3.000325e-01  -1.108089e-01  -9.474713e-01;
   8.037244e-01   5.643498e-01   1.885107e-01]
U=[ ...        
   1.668894e+03  -3.276168e+02  -5.549919e+00;
  -3.276168e+02   1.352107e+03   1.207973e+01;
  -5.549919e+00   1.207973e+01   7.980928e+00]
l=[ ...        
  -1.561351e-07  -1.930708e-06  -3.057312e-06;
   4.806280e-07   6.274578e-08   2.258484e-07;
   1.141170e-06   1.120568e-06   6.462734e-07]
d=[ ...        
  -1.561351e-07  -7.250400e-07  -9.580713e-07;
  -7.250400e-07   6.274578e-08   6.732083e-07;
  -9.580713e-07   6.732083e-07   6.462734e-07]
     iteration=        2350000       process=              6       (i,j,k)=              1              1              0       (x,y,z)=   1.500000e-02   1.500000e-02   5.253276e-03     particles=             70
fabric=[ ...   
   3.125130e-01  -2.549621e-03   1.020266e-02;
  -2.549621e-03   3.302184e-01   2.209598e-02;
   1.020266e-02   2.209598e-02   3.572687e-01]
sigma=[ ...    
  -3.142850e+02  -4.056781e+01   1.809191e+01;
  -4.057149e+01  -3.489877e+02   2.116171e+01;
   1.809284e+01   2.115609e+01  -3.555705e+02]
sigmaDot=[ ... 
  -5.366350e+00  -4.212758e+00   4.851938e+00;
  -3.649538e+00  -1.053279e+01  -1.196243e+00;
   5.501714e+00  -2.126550e+00  -9.406646e+00]
intgraE=[ ...  
   3.591718e-01  -8.529534e-01  -3.534205e-02;
  -8.529534e-01   3.564980e-01   3.701291e-02;
  -3.534205e-02   3.701291e-02  -4.981640e-01]
E=[ ...        
   1.112680e+06  -8.851856e+05  -7.925066e-02;
  -8.851856e+05   7.317028e+05   1.007047e+00;
  -7.925066e-02   1.007047e+00  -4.999359e-01]
e=[ ...        
  -6.088808e+02  -1.419130e+03   1.554167e+03;
  -1.419130e+03  -3.304379e+03   3.619354e+03;
   1.554167e+03   3.619354e+03  -3.963252e+03]
intgraF=[ ...  
   4.842872e-01  -6.103327e-01  -4.560515e-02;
  -1.115071e+00   1.059849e+00   3.624367e-02;
  -4.903332e-01   4.660593e-01   1.669038e-02]
F=[ ...        
   6.127449e+02  -2.838329e+02   4.730788e-03;
  -1.115439e+03   9.216802e+02  -3.903130e-03;
  -7.782679e+02   7.303088e+02   9.522390e-03]
R=[ ...        
   8.303857e-01   4.828347e-01  -2.780833e-01;
  -5.332978e-01   5.441434e-01  -6.476893e-01;
  -1.614097e-01   6.861331e-01   7.093436e-01]
U=[ ...        
   1.229296e+03  -8.450997e+02   4.472903e-03;
  -8.450997e+02   8.655709e+02   6.693953e-03;
   4.472903e-03   6.693953e-03   7.967109e-03]
l=[ ...        
  -4.395107e-02  -5.556569e-03   1.699167e-02;
  -2.403164e-01   2.601884e-02   1.412065e-01;
   4.206086e-02  -4.222390e-04  -2.089589e-02]
d=[ ...        
  -4.395107e-02  -1.229365e-01   2.952626e-02;
  -1.229365e-01   2.601884e-02   7.039212e-02;
   2.952626e-02   7.039212e-02  -2.089589e-02]
     iteration=        2350000       process=              7       (i,j,k)=              1              1              1       (x,y,z)=   1.500000e-02   1.500000e-02   1.575983e-02     particles=             48
fabric=[ ...   
   3.295687e-01  -1.015338e-02  -9.363665e-03;
  -1.015338e-02   3.120910e-01  -6.333301e-03;
  -9.363665e-03  -6.333301e-03   3.583403e-01]
sigma=[ ...    
  -7.720885e+01   4.667861e-01   1.206591e+01;
   4.667920e-01  -7.536444e+01   4.098720e+00;
   1.206592e+01   4.098734e+00  -1.001861e+02]
sigmaDot=[ ... 
   1.138448e+00  -6.067240e-02   1.188274e+00;
   7.631224e-01   4.051421e+00   7.785764e-01;
   3.081932e+00   1.531583e+00   6.057693e+00]
intgraE=[ ...  
   1.740593e-02   7.398291e-02  -9.779643e-02;
   7.398291e-02   1.064827e-02  -3.851895e-02;
  -9.779643e-02  -3.851895e-02  -4.664300e-01]
E=[ ...        
   6.940563e+05  -5.277906e+05   1.521941e+01;
  -5.277906e+05   4.208986e+05  -1.237949e+01;
   1.521941e+01  -1.237949e+01  -4.996319e-01]
e=[ ...        
  -2.901303e+04  -1.318787e+04  -7.420924e+04;
  -1.318787e+04  -5.993941e+03  -3.373122e+04;
  -7.420924e+04  -3.373122e+04  -1.898079e+05]
intgraF=[ ...  
   1.008011e+00   2.683120e-02  -1.737981e-01;
   1.045809e-01   9.911030e-01  -3.574203e-02;
  -8.825153e-02  -1.956823e-01   1.888298e-01]
F=[ ...        
  -6.868624e+02   6.663999e+02  -2.046772e-02;
  -8.595599e+02   5.223412e+02  -1.319020e-02;
   4.212961e+02  -3.533681e+02   1.196912e-02]
R=[ ...        
  -9.087298e-02   9.288243e-01   3.592039e-01;
  -9.737723e-01  -1.584258e-01   1.633060e-01;
   2.085898e-01  -3.349427e-01   9.188600e-01]
U=[ ...        
   9.873109e+02  -6.429081e+02   1.720085e-02;
  -6.429081e+02   6.545742e+02  -2.093021e-02;
   1.720085e-02  -2.093021e-02   1.491818e-03]
l=[ ...        
   5.937658e-08   5.050871e-08   2.161212e-08;
   1.052917e-07   1.724361e-07  -1.220403e-07;
   1.083281e-07  -1.604014e-07   4.138388e-08]
d=[ ...        
   5.937658e-08   7.790020e-08   6.497009e-08;
   7.790020e-08   1.724361e-07  -1.412209e-07;
   6.497009e-08  -1.412209e-07   4.138388e-08]
