     iteration=        1950000       process=              0       (i,j,k)=              0              0              0       (x,y,z)=   5.000000e-03   5.000000e-03   5.253276e-03     particles=             80
fabric=[ ...   
   3.406769e-01   6.658274e-03  -4.510637e-04;
   6.658274e-03   3.072656e-01   5.982454e-04;
  -4.510637e-04   5.982454e-04   3.520575e-01]
sigma=[ ...    
  -3.169235e+02  -2.418458e+01   2.391504e+01;
  -2.418471e+01  -2.445343e+02  -2.606551e+01;
   2.391498e+01  -2.606554e+01  -3.733767e+02]
sigmaDot=[ ... 
  -2.677965e+01  -2.404273e+00   2.063707e+00;
  -2.114674e+00   7.034236e+00   5.904903e-02;
  -1.623124e+00   5.306868e-01  -4.899204e+00]
intgraE=[ ...  
   4.534071e+01  -1.806363e+01  -6.086881e-02;
  -1.806363e+01   1.188919e+01   8.606411e-03;
  -6.086881e-02   8.606411e-03  -4.998743e-01]
E=[ ...        
   1.869284e+05  -5.189916e+04  -1.986011e+00;
  -5.189916e+04   8.850739e+05   1.434774e+00;
  -1.986011e+00   1.434774e+00  -4.997945e-01]
e=[ ...        
  -4.121110e+01  -4.180922e+00  -2.346904e+02;
  -4.180922e+00   8.092347e-02  -2.352425e+01;
  -2.346904e+02  -2.352425e+01  -1.320002e+03]
intgraF=[ ...  
   6.093362e+00  -3.971290e+00  -3.535136e-03;
  -5.129862e-01   2.635656e+00  -6.446580e-03;
  -7.368121e+00   1.435467e+00   1.404751e-02]
F=[ ...        
   5.033123e+02  -8.525619e+02  -2.719181e-03;
  -3.370027e+02  -1.007257e+03   2.799496e-03;
  -8.344920e+01   1.694682e+02   1.989218e-02]
R=[ ...        
   7.726933e-01  -6.101946e-01   1.749505e-01;
  -6.221008e-01  -7.827406e-01   1.754271e-02;
  -1.262364e-01   1.223920e-01   9.844209e-01]
U=[ ...        
   6.090900e+02  -5.354620e+01  -6.353778e-03;
  -5.354620e+01   1.329391e+03   1.902593e-03;
  -6.353778e-03   1.902593e-03   1.915566e-02]
l=[ ...        
  -1.748833e-02  -2.425228e-03   7.526889e-04;
  -1.590209e-02  -2.205174e-03   6.849936e-04;
  -1.039509e-04  -1.482790e-05   4.874983e-06]
d=[ ...        
  -1.748833e-02  -9.163657e-03   3.243690e-04;
  -9.163657e-03  -2.205174e-03   3.350828e-04;
   3.243690e-04   3.350828e-04   4.874983e-06]
     iteration=        1950000       process=              1       (i,j,k)=              0              0              1       (x,y,z)=   5.000000e-03   5.000000e-03   1.575983e-02     particles=             46
fabric=[ ...   
   3.564787e-01  -1.130126e-02   2.350286e-02;
  -1.130126e-02   3.196542e-01   3.392459e-04;
   2.350286e-02   3.392459e-04   3.238671e-01]
sigma=[ ...    
  -6.728675e+01   8.016966e+00   7.034328e-01;
   8.017001e+00  -7.685580e+01   1.496898e+00;
   7.034879e-01   1.496895e+00  -1.060267e+02]
sigmaDot=[ ... 
  -9.121125e+00  -2.718267e+00   1.381038e+00;
  -1.503307e+01   3.229910e+00  -1.296799e+00;
   4.690089e+00  -1.154461e-01  -1.923029e+01]
intgraE=[ ...  
   9.541111e-02  -6.456878e-02  -6.784939e-01;
  -6.456878e-02   1.150405e-02   3.409815e-01;
  -6.784939e-01   3.409815e-01   3.604721e+00]
E=[ ...        
   6.649840e+05  -8.275409e+05   3.175634e+00;
  -8.275409e+05   1.803571e+06  -2.435672e+01;
   3.175634e+00  -2.435672e+01  -4.994458e-01]
e=[ ...        
  -1.548175e+05  -7.115272e+04   1.213401e+05;
  -7.115272e+04  -3.270054e+04   5.576661e+04;
   1.213401e+05   5.576661e+04  -9.510090e+04]
intgraF=[ ...  
   9.981293e-01   3.866685e-04  -9.610485e-02;
  -3.448876e-02   9.878713e-01   6.129179e-02;
  -4.397393e-01   2.170674e-01   2.862944e+00]
F=[ ...        
   4.045324e+02  -1.217120e+03   1.976895e-02;
  -1.073970e+03   1.174091e+03  -1.298038e-03;
  -1.136228e+02  -8.644495e+02   2.675489e-02]
R=[ ...        
   6.245659e-03  -6.724524e-01  -7.401141e-01;
  -8.660895e-01   3.663227e-01  -3.401420e-01;
  -4.998499e-01  -6.431294e-01   5.801160e-01]
U=[ ...        
   9.894754e+02  -5.923744e+02  -1.212574e-02;
  -5.923744e+02   1.804504e+03  -3.097603e-02;
  -1.212574e-02  -3.097603e-02   1.331180e-03]
l=[ ...        
  -4.602765e-07   1.912222e-07   2.003478e-07;
   2.723064e-07   1.190092e-07  -3.307228e-07;
   6.106679e-07  -4.019953e-08  -6.722071e-08]
d=[ ...        
  -4.602765e-07   2.317643e-07   4.055078e-07;
   2.317643e-07   1.190092e-07  -1.854612e-07;
   4.055078e-07  -1.854612e-07  -6.722071e-08]
     iteration=        1950000       process=              2       (i,j,k)=              0              1              0       (x,y,z)=   5.000000e-03   1.500000e-02   5.253276e-03     particles=             81
fabric=[ ...   
   3.310633e-01  -4.725352e-04   1.402561e-03;
  -4.725352e-04   3.223465e-01   1.548229e-02;
   1.402561e-03   1.548229e-02   3.465902e-01]
sigma=[ ...    
  -2.982316e+02  -7.169377e+00   2.962478e+01;
  -7.169278e+00  -2.535926e+02  -3.487132e+01;
   2.962478e+01  -3.487155e+01  -2.909626e+02]
sigmaDot=[ ... 
  -3.280100e+00   3.584307e+00  -6.784221e-01;
   3.528772e+00  -6.186185e+00   4.304225e-01;
  -9.584153e-01   8.609214e-01  -1.708738e+00]
intgraE=[ ...  
   1.494149e+01  -1.572990e+01  -2.006597e-01;
  -1.572990e+01   1.588488e+01   2.068232e-01;
  -2.006597e-01   2.068232e-01  -4.973761e-01]
E=[ ...        
   3.378555e+05   1.168781e+05   6.554690e+02;
   1.168781e+05   1.935635e+05   3.660663e+01;
   6.554690e+02   3.660663e+01   1.009660e+00]
e=[ ...        
  -6.598303e+01   6.459419e+01   1.498718e+01;
   6.459419e+01  -6.225902e+01  -1.456139e+01;
   1.498718e+01  -1.456139e+01  -2.878542e+00]
intgraF=[ ...  
   4.292789e+00  -4.911005e+00  -5.941519e-02;
   1.160688e+00  -9.034262e-01  -1.381374e-02;
   3.332827e+00  -2.799215e+00  -3.907469e-02]
F=[ ...        
  -4.836273e+02   4.884299e+01  -1.250150e+00;
  -3.695851e+02   1.874585e+02  -1.066319e+00;
  -5.524703e+02  -5.912713e+02  -5.651633e-01]
R=[ ...        
  -6.535564e-01   2.624879e-01  -7.099043e-01;
  -5.572820e-01   4.677857e-01   6.860126e-01;
  -5.121531e-01  -8.439648e-01   1.594446e-01]
U=[ ...        
   8.049902e+02   1.664326e+02   1.700734e+00;
   1.664326e+02   5.995233e+02  -3.499800e-01;
   1.700734e+00  -3.499800e-01   6.586629e-02]
l=[ ...        
   1.892126e-05   3.963177e-04   5.289528e-03;
   1.486970e-03  -1.401428e-04  -1.141779e-03;
   2.911219e-05   1.122230e-05   1.571429e-04]
d=[ ...        
   1.892126e-05   9.416438e-04   2.659320e-03;
   9.416438e-04  -1.401428e-04  -5.652785e-04;
   2.659320e-03  -5.652785e-04   1.571429e-04]
     iteration=        1950000       process=              3       (i,j,k)=              0              1              1       (x,y,z)=   5.000000e-03   1.500000e-02   1.575983e-02     particles=             39
fabric=[ ...   
   3.401010e-01   1.708068e-02   1.988487e-02;
   1.708068e-02   3.266121e-01   1.353986e-03;
   1.988487e-02   1.353986e-03   3.332869e-01]
sigma=[ ...    
  -1.009613e+02  -1.025893e+01  -9.293558e+00;
  -1.025988e+01  -8.770603e+01  -1.426239e+00;
  -9.291579e+00  -1.426573e+00  -1.334432e+02]
sigmaDot=[ ... 
   1.138816e+00   5.184643e+00   2.254957e+00;
   4.936231e+00  -1.953715e+00  -1.728026e+00;
   2.344677e+00  -1.973816e+00   1.984412e+00]
intgraE=[ ...  
  -4.111339e-02   7.395219e-02  -3.250967e-02;
   7.395219e-02   7.158015e-02  -4.380868e-02;
  -3.250967e-02  -4.380868e-02  -1.447513e-01]
E=[ ...        
   5.471783e+05  -5.421182e+05   9.092433e+00;
  -5.421182e+05   9.273666e+05  -1.659005e+00;
   9.092433e+00  -1.659005e+00  -4.995764e-01]
e=[ ...        
  -2.661856e+00   3.766953e+01   6.681159e+01;
   3.766953e+01  -4.482852e+02  -7.959762e+02;
   6.681159e+01  -7.959762e+02  -1.411263e+03]
intgraF=[ ...  
   9.471465e-01  -1.347463e-04  -9.096779e-02;
   1.362075e-01   1.067701e+00  -1.257955e-01;
   4.619818e-02   5.634629e-02   8.284913e-01]
F=[ ...        
  -5.672224e+02  -1.794591e+02  -2.406269e-02;
  -7.768846e+02   1.172323e+03   2.710257e-03;
   4.111772e+02  -6.694687e+02   1.615247e-02]
R=[ ...        
  -8.747853e-01  -4.827534e-01  -4.122900e-02;
  -4.386056e-01   7.528773e-01   4.907146e-01;
   2.058537e-01  -4.473532e-01   8.703444e-01]
U=[ ...        
   9.215861e+02  -4.950117e+02   2.318600e-02;
  -4.950117e+02   1.268739e+03   6.430974e-03;
   2.318600e-02   6.430974e-03   1.638026e-02]
l=[ ...        
   1.416772e-08  -3.950423e-08   9.875316e-08;
   1.719312e-09  -6.413678e-08  -5.161917e-08;
  -2.135427e-08   6.585696e-08   4.061193e-08]
d=[ ...        
   1.416772e-08  -1.889246e-08   3.869945e-08;
  -1.889246e-08  -6.413678e-08   7.118895e-09;
   3.869945e-08   7.118895e-09   4.061193e-08]
     iteration=        1950000       process=              4       (i,j,k)=              1              0              0       (x,y,z)=   1.500000e-02   5.000000e-03   5.253276e-03     particles=             77
fabric=[ ...   
   3.321893e-01   4.592167e-03  -1.143222e-02;
   4.592167e-03   3.199200e-01   2.027256e-02;
  -1.143222e-02   2.027256e-02   3.478907e-01]
sigma=[ ...    
  -2.892490e+02   1.823704e+01  -3.791144e+00;
   1.824188e+01  -2.589229e+02  -4.827234e+01;
  -3.780133e+00  -4.824358e+01  -3.697638e+02]
sigmaDot=[ ... 
  -1.092090e+01  -1.266537e+02  -2.417820e+02;
  -5.350288e+02  -3.844987e+01   5.389665e+01;
  -2.146028e+02  -6.856651e+02  -2.630383e+02]
intgraE=[ ...  
   1.997181e+01  -1.506989e+00   1.549174e-02;
  -1.506989e+00   2.807016e+00   2.983772e-02;
   1.549174e-02   2.983772e-02  -4.996866e-01]
E=[ ...        
   1.458520e+06  -7.915049e+05   8.648051e+00;
  -7.915049e+05   4.650928e+05  -4.766079e+00;
   8.648051e+00  -4.766079e+00  -4.996759e-01]
e=[ ...        
  -7.131323e+02   2.837080e+02   2.542095e+02;
   2.837080e+02  -1.122895e+02  -1.010622e+02;
   2.542095e+02  -1.010622e+02  -9.005429e+01]
intgraF=[ ...  
   4.235431e+00   9.829254e-01   1.482417e-02;
   8.721516e-01   1.543406e+00   1.753235e-02;
   4.716365e+00  -1.807149e+00  -9.985256e-03]
F=[ ...        
  -7.265489e+00  -1.216392e+02  -2.038521e-02;
  -1.149842e+03   4.503864e+02   1.728067e-03;
   1.262874e+03  -8.441224e+02   1.515194e-02]
R=[ ...        
  -2.039292e-01  -4.244614e-01  -8.821822e-01;
  -8.860369e-01  -3.032155e-01   3.507122e-01;
   4.163551e-01  -8.531664e-01   3.142539e-01]
U=[ ...        
   1.546088e+03  -7.257079e+02   8.934598e-03;
  -7.257079e+02   6.352439e+02  -4.798374e-03;
   8.934598e-03  -4.798374e-03   2.335108e-02]
l=[ ...        
  -4.261841e-07   2.745414e-04   2.035331e-04;
   4.049077e-07   3.977631e-05   3.100653e-05;
   4.917496e-07   3.803366e-05  -5.270718e-06]
d=[ ...        
  -4.261841e-07   1.374732e-04   1.020124e-04;
   1.374732e-04   3.977631e-05   3.452009e-05;
   1.020124e-04   3.452009e-05  -5.270718e-06]
     iteration=        1950000       process=              5       (i,j,k)=              1              0              1       (x,y,z)=   1.500000e-02   5.000000e-03   1.575983e-02     particles=             35
fabric=[ ...   
   3.330019e-01   1.096332e-02   3.956541e-03;
   1.096332e-02   3.613500e-01   2.199389e-03;
   3.956541e-03   2.199389e-03   3.056481e-01]
sigma=[ ...    
  -1.124017e+02  -1.931082e+00   1.097113e+00;
  -1.931069e+00  -1.196845e+02   1.550054e+01;
   1.097392e+00   1.550088e+01  -1.337107e+02]
sigmaDot=[ ... 
  -1.776226e+01   1.217580e+01  -3.106041e+01;
  -1.273760e+01   3.039331e+01   6.198780e+01;
  -3.057235e+01   1.873044e+01  -4.773354e+01]
intgraE=[ ...  
  -9.614591e-03   1.044750e-02  -6.499427e-02;
   1.044750e-02   4.347373e-02   1.493198e-01;
  -6.499427e-02   1.493198e-01  -4.027498e-01]
E=[ ...        
   1.446285e+06  -4.948988e+05  -6.632021e+03;
  -4.948988e+05   9.678349e+05   9.123865e+03;
  -6.632021e+03   9.123865e+03   1.197083e+02]
e=[ ...        
   4.994273e-01  -2.034181e-03   3.976825e-04;
  -2.034181e-03   4.927722e-01   1.413318e-03;
   3.976825e-04   1.413318e-03   4.997233e-01]
intgraF=[ ...  
   9.892159e-01   2.952758e-02  -1.144071e-01;
   2.639690e-03   1.015634e+00   2.124688e-01;
  -4.707100e-02   2.335858e-01   3.691455e-01]
F=[ ...        
  -1.124083e+03   1.271325e+03   1.067151e+01;
   5.422837e+02  -2.595663e+02  -1.056540e+01;
   1.155394e+03   5.020247e+02   3.861076e+00]
R=[ ...        
  -5.138166e-01   8.180652e-01  -2.583831e-01;
   3.000325e-01  -1.108089e-01  -9.474713e-01;
   8.037244e-01   5.643498e-01   1.885107e-01]
U=[ ...        
   1.668894e+03  -3.276168e+02  -5.549919e+00;
  -3.276168e+02   1.352107e+03   1.207973e+01;
  -5.549919e+00   1.207973e+01   7.980928e+00]
l=[ ...        
   7.778416e-08  -1.506655e-06  -2.492762e-06;
   1.606956e-07   4.747516e-07   4.982153e-07;
   6.526448e-07  -5.663841e-07  -5.523711e-07]
d=[ ...        
   7.778416e-08  -6.729795e-07  -9.200587e-07;
  -6.729795e-07   4.747516e-07  -3.408439e-08;
  -9.200587e-07  -3.408439e-08  -5.523711e-07]
     iteration=        1950000       process=              6       (i,j,k)=              1              1              0       (x,y,z)=   1.500000e-02   1.500000e-02   5.253276e-03     particles=             70
fabric=[ ...   
   3.125708e-01  -1.734876e-03   1.043388e-02;
  -1.734876e-03   3.302665e-01   2.099329e-02;
   1.043388e-02   2.099329e-02   3.571627e-01]
sigma=[ ...    
  -3.140250e+02  -4.052513e+01   1.805740e+01;
  -4.052190e+01  -3.486287e+02   2.115475e+01;
   1.806020e+01   2.116466e+01  -3.553018e+02]
sigmaDot=[ ... 
  -7.580084e+00  -3.299009e+00   4.539306e+00;
  -3.716262e+00  -5.690509e+00   6.741404e+00;
   7.038464e+00   3.973025e+00  -1.037879e+01]
intgraE=[ ...  
   3.575420e-01  -8.514237e-01  -3.529348e-02;
  -8.514237e-01   3.550923e-01   3.697337e-02;
  -3.529348e-02   3.697337e-02  -4.981642e-01]
E=[ ...        
   1.250296e+06  -1.015635e+06   5.267324e-01;
  -1.015635e+06   8.548695e+05   4.658370e-01;
   5.267324e-01   4.658370e-01  -4.999365e-01]
e=[ ...        
  -4.599322e+02  -1.105701e+03   1.309221e+03;
  -1.105701e+03  -2.654775e+03   3.144016e+03;
   1.309221e+03   3.144016e+03  -3.722218e+03]
intgraF=[ ...  
   4.847252e-01  -6.109465e-01  -4.565858e-02;
  -1.113172e+00   1.057833e+00   3.614056e-02;
  -4.908903e-01   4.668179e-01   1.675411e-02]
F=[ ...        
   5.921707e+02  -2.635096e+02   4.542399e-03;
  -1.216257e+03   1.022662e+03  -4.802451e-03;
  -8.189307e+02   7.710156e+02   9.130715e-03]
R=[ ...        
   8.185165e-01   5.125613e-01  -2.594450e-01;
  -5.473573e-01   5.586738e-01  -6.231240e-01;
  -1.744442e-01   6.520463e-01   7.378379e-01]
U=[ ...        
   1.293286e+03  -9.099477e+02   4.753885e-03;
  -9.099477e+02   9.390075e+02   5.598904e-03;
   4.753885e-03   5.598904e-03   8.551008e-03]
l=[ ...        
   2.360312e-02  -9.318469e-03   2.558848e-02;
  -2.350480e-01  -3.333851e-02   1.375767e-01;
  -4.306125e-02   6.498475e-03  -1.540064e-02]
d=[ ...        
   2.360312e-02  -1.221833e-01  -8.736381e-03;
  -1.221833e-01  -3.333851e-02   7.203759e-02;
  -8.736381e-03   7.203759e-02  -1.540064e-02]
     iteration=        1950000       process=              7       (i,j,k)=              1              1              1       (x,y,z)=   1.500000e-02   1.500000e-02   1.575983e-02     particles=             48
fabric=[ ...   
   3.295687e-01  -1.015338e-02  -9.363665e-03;
  -1.015338e-02   3.120910e-01  -6.333302e-03;
  -9.363665e-03  -6.333302e-03   3.583403e-01]
sigma=[ ...    
  -7.719059e+01   4.748200e-01   1.207818e+01;
   4.748353e-01  -7.533626e+01   4.108251e+00;
   1.207815e+01   4.108261e+00  -1.001826e+02]
sigmaDot=[ ... 
  -9.087956e-01  -1.725506e+00  -5.372070e-02;
  -1.851286e+00  -1.010863e+01  -6.351139e+00;
  -9.688070e-02  -6.783740e+00   2.454464e-01]
intgraE=[ ...  
   1.740593e-02   7.398290e-02  -9.779643e-02;
   7.398290e-02   1.064828e-02  -3.851894e-02;
  -9.779643e-02  -3.851894e-02  -4.664300e-01]
E=[ ...        
   6.940563e+05  -5.277906e+05   1.521941e+01;
  -5.277906e+05   4.208986e+05  -1.237949e+01;
   1.521941e+01  -1.237949e+01  -4.996319e-01]
e=[ ...        
  -2.900582e+04  -1.318459e+04  -7.419079e+04;
  -1.318459e+04  -5.992451e+03  -3.372284e+04;
  -7.419079e+04  -3.372284e+04  -1.897607e+05]
intgraF=[ ...  
   1.008011e+00   2.683120e-02  -1.737981e-01;
   1.045809e-01   9.911030e-01  -3.574203e-02;
  -8.825154e-02  -1.956823e-01   1.888298e-01]
F=[ ...        
  -6.868624e+02   6.663999e+02  -2.046772e-02;
  -8.595599e+02   5.223412e+02  -1.319020e-02;
   4.212961e+02  -3.533681e+02   1.196912e-02]
R=[ ...        
  -9.087297e-02   9.288243e-01   3.592039e-01;
  -9.737723e-01  -1.584258e-01   1.633060e-01;
   2.085898e-01  -3.349427e-01   9.188600e-01]
U=[ ...        
   9.873109e+02  -6.429081e+02   1.720085e-02;
  -6.429081e+02   6.545742e+02  -2.093021e-02;
   1.720085e-02  -2.093021e-02   1.491819e-03]
l=[ ...        
   1.411132e-08   4.380154e-08  -1.321810e-07;
  -1.151345e-07  -3.087897e-07  -5.370133e-07;
   6.248102e-08  -4.136483e-08   1.328640e-08]
d=[ ...        
   1.411132e-08  -3.566647e-08  -3.485001e-08;
  -3.566647e-08  -3.087897e-07  -2.891891e-07;
  -3.485001e-08  -2.891891e-07   1.328640e-08]
