     iteration=        3600000       process=              0       (i,j,k)=              0              0              0       (x,y,z)=   5.000000e-03   5.000000e-03   5.253276e-03     particles=             80
fabric=[ ...   
   3.406645e-01   6.655872e-03  -4.438106e-04;
   6.655872e-03   3.072891e-01   6.093988e-04;
  -4.438106e-04   6.093988e-04   3.520464e-01]
sigma=[ ...    
  -3.165402e+02  -2.425609e+01   2.412871e+01;
  -2.425612e+01  -2.444471e+02  -2.611483e+01;
   2.412864e+01  -2.611474e+01  -3.727675e+02]
sigmaDot=[ ... 
   6.430933e+00   1.033521e+01   9.281375e-01;
   6.651030e+00  -1.012515e+01  -6.539914e+00;
   6.246685e+00  -7.292947e+00   7.770449e-01]
intgraE=[ ...  
   4.535028e+01  -1.806772e+01  -6.088064e-02;
  -1.806772e+01   1.189073e+01   8.612112e-03;
  -6.088064e-02   8.612112e-03  -4.998743e-01]
E=[ ...        
   1.874349e+05  -5.084146e+04  -1.983539e+00;
  -5.084146e+04   8.860433e+05   1.446118e+00;
  -1.983539e+00   1.446118e+00  -4.997944e-01]
e=[ ...        
  -4.095575e+01  -4.397559e+00  -2.338894e+02;
  -4.397559e+00   3.351306e-02  -2.481062e+01;
  -2.338894e+02  -2.481062e+01  -1.319082e+03]
intgraF=[ ...  
   6.095068e+00  -3.972277e+00  -3.536490e-03;
  -5.114208e-01   2.634751e+00  -6.447823e-03;
  -7.368117e+00   1.435465e+00   1.404751e-02]
F=[ ...        
   5.034325e+02  -8.520656e+02  -2.728550e-03;
  -3.384665e+02  -1.008552e+03   2.790984e-03;
  -8.286714e+01   1.699871e+02   1.989670e-02]
R=[ ...        
   7.728567e-01  -6.101205e-01   1.744864e-01;
  -6.220915e-01  -7.827255e-01   1.851574e-02;
  -1.252781e-01   1.228565e-01   9.844855e-01]
U=[ ...        
   6.100198e+02  -5.240886e+01  -6.337647e-03;
  -5.240886e+01   1.330166e+03   1.924610e-03;
  -6.337647e-03   1.924610e-03   1.916360e-02]
l=[ ...        
  -9.372150e-03  -1.298677e-03   4.024997e-04;
  -8.377301e-03  -1.161272e-03   3.603969e-04;
  -1.263514e-04  -1.766310e-05   5.326785e-06]
d=[ ...        
  -9.372150e-03  -4.837989e-03   1.380742e-04;
  -4.837989e-03  -1.161272e-03   1.713669e-04;
   1.380742e-04   1.713669e-04   5.326785e-06]
     iteration=        3600000       process=              1       (i,j,k)=              0              0              1       (x,y,z)=   5.000000e-03   5.000000e-03   1.575983e-02     particles=             46
fabric=[ ...   
   3.546013e-01  -9.976436e-03   2.483709e-02;
  -9.976436e-03   3.200316e-01   3.457356e-03;
   2.483709e-02   3.457356e-03   3.253672e-01]
sigma=[ ...    
  -6.659930e+01   8.007685e+00   9.524502e-01;
   8.007594e+00  -7.674656e+01   1.477532e+00;
   9.524580e-01   1.477633e+00  -1.060687e+02]
sigmaDot=[ ... 
   1.924164e+01  -9.078344e+00  -2.327239e+01;
  -1.148106e+01   7.287699e+00  -5.779034e+00;
  -2.575187e+01  -6.461753e+00   9.044609e+00]
intgraE=[ ...  
   9.541121e-02  -6.456882e-02  -6.784941e-01;
  -6.456882e-02   1.150405e-02   3.409816e-01;
  -6.784941e-01   3.409816e-01   3.604721e+00]
E=[ ...        
   6.649840e+05  -8.275410e+05   3.175635e+00;
  -8.275410e+05   1.803571e+06  -2.435672e+01;
   3.175635e+00  -2.435672e+01  -4.994458e-01]
e=[ ...        
  -1.548066e+05  -7.114772e+04   1.213315e+05;
  -7.114772e+04  -3.269824e+04   5.576268e+04;
   1.213315e+05   5.576268e+04  -9.509420e+04]
intgraF=[ ...  
   9.981294e-01   3.866415e-04  -9.610503e-02;
  -3.448879e-02   9.878713e-01   6.129188e-02;
  -4.397393e-01   2.170674e-01   2.862944e+00]
F=[ ...        
   4.045324e+02  -1.217120e+03   1.976895e-02;
  -1.073970e+03   1.174091e+03  -1.298039e-03;
  -1.136228e+02  -8.644495e+02   2.675489e-02]
R=[ ...        
   6.245659e-03  -6.724523e-01  -7.401141e-01;
  -8.660895e-01   3.663228e-01  -3.401420e-01;
  -4.998499e-01  -6.431294e-01   5.801160e-01]
U=[ ...        
   9.894754e+02  -5.923744e+02  -1.212574e-02;
  -5.923744e+02   1.804504e+03  -3.097603e-02;
  -1.212574e-02  -3.097603e-02   1.331180e-03]
l=[ ...        
   5.275495e-07   9.349991e-08  -2.411550e-07;
  -3.024698e-08   2.397187e-08   1.044222e-07;
  -3.045726e-07  -1.719165e-07   1.026293e-07]
d=[ ...        
   5.275495e-07   3.162646e-08  -2.728638e-07;
   3.162646e-08   2.397187e-08  -3.374716e-08;
  -2.728638e-07  -3.374716e-08   1.026293e-07]
     iteration=        3600000       process=              2       (i,j,k)=              0              1              0       (x,y,z)=   5.000000e-03   1.500000e-02   5.253276e-03     particles=             81
fabric=[ ...   
   3.310577e-01  -4.652661e-04   1.438141e-03;
  -4.652661e-04   3.223542e-01   1.547893e-02;
   1.438141e-03   1.547893e-02   3.465881e-01]
sigma=[ ...    
  -2.983208e+02  -7.128191e+00   2.964407e+01;
  -7.128101e+00  -2.536457e+02  -3.485560e+01;
   2.964409e+01  -3.485576e+01  -2.909931e+02]
sigmaDot=[ ... 
  -3.621749e+00   4.696212e+00  -3.080354e-01;
   4.296766e+00   2.313682e+00   8.614792e-01;
  -3.345426e-01   7.605666e-01  -9.526541e-01]
intgraE=[ ...  
   1.493974e+01  -1.572821e+01  -2.006376e-01;
  -1.572821e+01   1.588329e+01   2.068021e-01;
  -2.006376e-01   2.068021e-01  -4.973764e-01]
E=[ ...        
   3.379102e+05   1.169229e+05   6.554568e+02;
   1.169229e+05   1.936265e+05   3.662727e+01;
   6.554568e+02   3.662727e+01   1.009441e+00]
e=[ ...        
  -6.488972e+01   6.353650e+01   1.474486e+01;
   6.353650e+01  -6.123581e+01  -1.432697e+01;
   1.474486e+01  -1.432697e+01  -2.824849e+00]
intgraF=[ ...  
   4.292463e+00  -4.910748e+00  -5.941147e-02;
   1.160425e+00  -9.031100e-01  -1.380999e-02;
   3.332814e+00  -2.799203e+00  -3.907453e-02]
F=[ ...        
  -4.836713e+02   4.884224e+01  -1.250456e+00;
  -3.695480e+02   1.875041e+02  -1.065796e+00;
  -5.525557e+02  -5.913633e+02  -5.650854e-01]
R=[ ...        
  -6.535819e-01   2.625035e-01  -7.098751e-01;
  -5.572287e-01   4.678178e-01   6.860340e-01;
  -5.121785e-01  -8.439422e-01   1.594828e-01]
U=[ ...        
   8.050487e+02   1.664785e+02   1.700592e+00;
   1.664785e+02   5.996155e+02  -3.499480e-01;
   1.700592e+00  -3.499480e-01   6.637399e-02]
l=[ ...        
   3.412977e-03  -4.755842e-04  -4.719114e-03;
  -1.232019e-02   4.213909e-04  -2.425763e-04;
  -6.063495e-05  -7.594295e-06  -1.304819e-04]
d=[ ...        
   3.412977e-03  -6.397889e-03  -2.389875e-03;
  -6.397889e-03   4.213909e-04  -1.250853e-04;
  -2.389875e-03  -1.250853e-04  -1.304819e-04]
     iteration=        3600000       process=              3       (i,j,k)=              0              1              1       (x,y,z)=   5.000000e-03   1.500000e-02   1.575983e-02     particles=             39
fabric=[ ...   
   3.400844e-01   1.713705e-02   1.994898e-02;
   1.713705e-02   3.266349e-01   1.369678e-03;
   1.994898e-02   1.369678e-03   3.332807e-01]
sigma=[ ...    
  -1.011615e+02  -1.033678e+01  -9.129109e+00;
  -1.033716e+01  -8.799945e+01  -1.373410e+00;
  -9.128086e+00  -1.373643e+00  -1.335827e+02]
sigmaDot=[ ... 
   2.766120e-01   2.526109e+00   6.999600e-01;
   1.787536e+00  -5.402384e-01   3.087530e-01;
  -5.816340e-01   5.660479e-01   2.549245e+00]
intgraE=[ ...  
  -4.111339e-02   7.395219e-02  -3.250967e-02;
   7.395219e-02   7.158015e-02  -4.380867e-02;
  -3.250967e-02  -4.380867e-02  -1.447513e-01]
E=[ ...        
   5.472099e+05  -5.407082e+05   9.114232e+00;
  -5.407082e+05   9.234986e+05  -1.702664e+00;
   9.114232e+00  -1.702664e+00  -4.995770e-01]
e=[ ...        
  -2.828601e+00   3.870001e+01   6.852860e+01;
   3.870001e+01  -4.494462e+02  -7.967487e+02;
   6.852860e+01  -7.967487e+02  -1.410354e+03]
intgraF=[ ...  
   9.471465e-01  -1.347523e-04  -9.096779e-02;
   1.362075e-01   1.067701e+00  -1.257955e-01;
   4.619818e-02   5.634630e-02   8.284913e-01]
F=[ ...        
  -5.672397e+02  -1.798938e+02  -2.403266e-02;
  -7.769066e+02   1.169208e+03   2.640542e-03;
   4.111886e+02  -6.690219e+02   1.616688e-02]
R=[ ...        
  -8.743512e-01  -4.834469e-01  -4.229627e-02;
  -4.395379e-01   7.519555e-01   4.912936e-01;
   2.057095e-01  -4.481540e-01   8.699665e-01]
U=[ ...        
   9.220320e+02  -4.942447e+02   2.317805e-02;
  -4.942447e+02   1.265986e+03   6.358836e-03;
   2.317805e-02   6.358836e-03   1.637842e-02]
l=[ ...        
   2.813443e-08   2.564612e-08   2.105640e-08;
   3.138591e-08  -1.784239e-08  -1.434737e-07;
  -4.166947e-08   1.713941e-07   9.188684e-09]
d=[ ...        
   2.813443e-08   2.851601e-08  -1.030654e-08;
   2.851601e-08  -1.784239e-08   1.396021e-08;
  -1.030654e-08   1.396021e-08   9.188684e-09]
     iteration=        3600000       process=              4       (i,j,k)=              1              0              0       (x,y,z)=   1.500000e-02   5.000000e-03   5.253276e-03     particles=             77
fabric=[ ...   
   3.321821e-01   4.593455e-03  -1.141635e-02;
   4.593455e-03   3.199334e-01   2.028998e-02;
  -1.141635e-02   2.028998e-02   3.478845e-01]
sigma=[ ...    
  -2.896138e+02   1.831571e+01  -3.937239e+00;
   1.831667e+01  -2.594644e+02  -4.827343e+01;
  -3.925050e+00  -4.825365e+01  -3.708095e+02]
sigmaDot=[ ... 
   1.107949e+02   6.027136e+01  -1.338397e+02;
  -4.962300e+01  -1.072026e+02   3.320463e+01;
  -1.922460e+02  -2.711171e+02  -3.765714e+00]
intgraE=[ ...  
   1.997189e+01  -1.506872e+00   1.549306e-02;
  -1.506872e+00   2.806975e+00   2.983747e-02;
   1.549306e-02   2.983747e-02  -4.996866e-01]
E=[ ...        
   1.458663e+06  -7.916274e+05   8.648148e+00;
  -7.916274e+05   4.651909e+05  -4.766098e+00;
   8.648148e+00  -4.766098e+00  -4.996759e-01]
e=[ ...        
  -7.130307e+02   2.837014e+02   2.542299e+02;
   2.837014e+02  -1.123004e+02  -1.010824e+02;
   2.542299e+02  -1.010824e+02  -9.008170e+01]
intgraF=[ ...  
   4.235452e+00   9.829444e-01   1.482440e-02;
   8.721533e-01   1.543400e+00   1.753228e-02;
   4.716362e+00  -1.807121e+00  -9.984977e-03]
F=[ ...        
  -7.200569e+00  -1.217034e+02  -2.038582e-02;
  -1.149872e+03   4.504197e+02   1.727949e-03;
   1.262961e+03  -8.442116e+02   1.515203e-02]
R=[ ...        
  -2.039286e-01  -4.245288e-01  -8.821499e-01;
  -8.860286e-01  -3.032061e-01   3.507411e-01;
   4.163729e-01  -8.531362e-01   3.143123e-01]
U=[ ...        
   1.546150e+03  -7.257728e+02   8.935136e-03;
  -7.257728e+02   6.353241e+02  -4.796302e-03;
   8.935136e-03  -4.796302e-03   2.335189e-02]
l=[ ...        
  -9.821844e-07   1.023018e-04   7.453514e-05;
  -4.290948e-07   6.924397e-06   1.187444e-05;
   7.239928e-07   3.630295e-06  -3.264167e-06]
d=[ ...        
  -9.821844e-07   5.093634e-05   3.762957e-05;
   5.093634e-05   6.924397e-06   7.752367e-06;
   3.762957e-05   7.752367e-06  -3.264167e-06]
     iteration=        3600000       process=              5       (i,j,k)=              1              0              1       (x,y,z)=   1.500000e-02   5.000000e-03   1.575983e-02     particles=             35
fabric=[ ...   
   3.330019e-01   1.096332e-02   3.956542e-03;
   1.096332e-02   3.613500e-01   2.199406e-03;
   3.956542e-03   2.199406e-03   3.056481e-01]
sigma=[ ...    
  -1.116329e+02  -2.240763e+00   1.351455e+00;
  -2.241001e+00  -1.195059e+02   1.541077e+01;
   1.351772e+00   1.541037e+01  -1.341544e+02]
sigmaDot=[ ... 
  -2.191198e+01  -2.367151e+01  -9.171032e+00;
  -3.230685e+01   4.376625e+01   2.257465e+01;
  -1.370958e+01   1.322631e+01  -4.296870e+00]
intgraE=[ ...  
  -9.614607e-03   1.044756e-02  -6.499423e-02;
   1.044756e-02   4.347373e-02   1.493198e-01;
  -6.499423e-02   1.493198e-01  -4.027498e-01]
E=[ ...        
   1.446285e+06  -4.948990e+05  -6.632022e+03;
  -4.948990e+05   9.678354e+05   9.123866e+03;
  -6.632022e+03   9.123866e+03   1.197082e+02]
e=[ ...        
   4.994273e-01  -2.034182e-03   3.976826e-04;
  -2.034182e-03   4.927722e-01   1.413319e-03;
   3.976826e-04   1.413319e-03   4.997233e-01]
intgraF=[ ...  
   9.892159e-01   2.952775e-02  -1.144070e-01;
   2.639666e-03   1.015634e+00   2.124687e-01;
  -4.707105e-02   2.335859e-01   3.691455e-01]
F=[ ...        
  -1.124084e+03   1.271325e+03   1.067151e+01;
   5.422836e+02  -2.595662e+02  -1.056539e+01;
   1.155394e+03   5.020250e+02   3.861074e+00]
R=[ ...        
  -5.138168e-01   8.180651e-01  -2.583830e-01;
   3.000325e-01  -1.108088e-01  -9.474713e-01;
   8.037243e-01   5.643500e-01   1.885107e-01]
U=[ ...        
   1.668894e+03  -3.276169e+02  -5.549921e+00;
  -3.276169e+02   1.352107e+03   1.207972e+01;
  -5.549921e+00   1.207972e+01   7.980925e+00]
l=[ ...        
  -2.118707e-07  -1.538160e-06  -2.545082e-06;
   2.305383e-08   2.464697e-07   8.288275e-07;
   4.876355e-07   1.008701e-06   1.853008e-06]
d=[ ...        
  -2.118707e-07  -7.575531e-07  -1.028723e-06;
  -7.575531e-07   2.464697e-07   9.187641e-07;
  -1.028723e-06   9.187641e-07   1.853008e-06]
     iteration=        3600000       process=              6       (i,j,k)=              1              1              0       (x,y,z)=   1.500000e-02   1.500000e-02   5.253276e-03     particles=             70
fabric=[ ...   
   3.126543e-01  -2.272316e-03   1.084913e-02;
  -2.272316e-03   3.300000e-01   2.130720e-02;
   1.084913e-02   2.130720e-02   3.573457e-01]
sigma=[ ...    
  -3.139642e+02  -4.052792e+01   1.806192e+01;
  -4.053056e+01  -3.488654e+02   2.114496e+01;
   1.806189e+01   2.113979e+01  -3.551429e+02]
sigmaDot=[ ... 
  -3.400810e+00  -8.442814e-01   6.761230e+00;
  -1.658431e+00  -1.630994e+01   9.999212e-01;
   7.184684e+00  -7.815485e-01  -8.582448e+00]
intgraE=[ ...  
   3.600217e-01  -8.537327e-01  -3.536376e-02;
  -8.537327e-01   3.572135e-01   3.703299e-02;
  -3.536376e-02   3.703299e-02  -4.981634e-01]
E=[ ...        
   1.252711e+06  -1.018272e+06   5.137167e-01;
  -1.018272e+06   8.576536e+05   4.757293e-01;
   5.137167e-01   4.757293e-01  -4.999363e-01]
e=[ ...        
  -4.474200e+02  -1.080591e+03   1.293603e+03;
  -1.080591e+03  -2.606386e+03   3.120771e+03;
   1.293603e+03   3.120771e+03  -3.735457e+03]
intgraF=[ ...  
   4.843376e-01  -6.103924e-01  -4.560928e-02;
  -1.115722e+00   1.060400e+00   3.625071e-02;
  -4.905365e-01   4.662627e-01   1.669915e-02]
F=[ ...        
   5.888116e+02  -2.603167e+02   4.549492e-03;
  -1.221506e+03   1.028010e+03  -4.770331e-03;
  -8.164848e+02   7.685950e+02   9.159202e-03]
R=[ ...        
   8.176679e-01   5.152448e-01  -2.567916e-01;
  -5.484355e-01   5.615474e-01  -6.195829e-01;
  -1.750362e-01   6.474467e-01   7.417379e-01]
U=[ ...        
   1.294284e+03  -9.111819e+02   4.733001e-03;
  -9.111819e+02   9.407740e+02   5.595430e-03;
   4.733001e-03   5.595430e-03   8.581071e-03]
l=[ ...        
  -3.251417e-02  -5.770852e-03  -1.253970e-03;
  -3.004791e-01  -9.451937e-03   2.104802e-01;
   2.239240e-02  -3.806618e-03   8.634253e-03]
d=[ ...        
  -3.251417e-02  -1.531250e-01   1.056922e-02;
  -1.531250e-01  -9.451937e-03   1.033368e-01;
   1.056922e-02   1.033368e-01   8.634253e-03]
     iteration=        3600000       process=              7       (i,j,k)=              1              1              1       (x,y,z)=   1.500000e-02   1.500000e-02   1.575983e-02     particles=             48
fabric=[ ...   
   3.295687e-01  -1.015339e-02  -9.363664e-03;
  -1.015339e-02   3.120910e-01  -6.333302e-03;
  -9.363664e-03  -6.333302e-03   3.583403e-01]
sigma=[ ...    
  -7.722609e+01   5.025164e-01   1.205051e+01;
   5.024952e-01  -7.536815e+01   4.096527e+00;
   1.205050e+01   4.096491e+00  -1.002290e+02]
sigmaDot=[ ... 
   3.609458e+00   1.126642e-01   1.982141e+00;
   4.758098e-01   8.183073e-02   8.193262e-01;
   3.328681e+00   2.414431e+00   1.271706e+00]
intgraE=[ ...  
   1.740593e-02   7.398292e-02  -9.779643e-02;
   7.398292e-02   1.064830e-02  -3.851894e-02;
  -9.779643e-02  -3.851894e-02  -4.664300e-01]
E=[ ...        
   6.940563e+05  -5.277906e+05   1.521941e+01;
  -5.277906e+05   4.208986e+05  -1.237949e+01;
   1.521941e+01  -1.237949e+01  -4.996319e-01]
e=[ ...        
  -2.902265e+04  -1.319224e+04  -7.423386e+04;
  -1.319224e+04  -5.995930e+03  -3.374241e+04;
  -7.423386e+04  -3.374241e+04  -1.898709e+05]
intgraF=[ ...  
   1.008011e+00   2.683121e-02  -1.737981e-01;
   1.045809e-01   9.911030e-01  -3.574202e-02;
  -8.825153e-02  -1.956822e-01   1.888298e-01]
F=[ ...        
  -6.868624e+02   6.663999e+02  -2.046772e-02;
  -8.595599e+02   5.223412e+02  -1.319020e-02;
   4.212961e+02  -3.533681e+02   1.196912e-02]
R=[ ...        
  -9.087298e-02   9.288243e-01   3.592039e-01;
  -9.737723e-01  -1.584258e-01   1.633060e-01;
   2.085898e-01  -3.349427e-01   9.188600e-01]
U=[ ...        
   9.873109e+02  -6.429081e+02   1.720085e-02;
  -6.429081e+02   6.545742e+02  -2.093021e-02;
   1.720085e-02  -2.093021e-02   1.491818e-03]
l=[ ...        
  -5.539308e-08  -9.076393e-08   1.460839e-07;
   3.981979e-08   1.769427e-08  -1.285406e-07;
  -7.653956e-09   7.626214e-08   1.877331e-08]
d=[ ...        
  -5.539308e-08  -2.547207e-08   6.921495e-08;
  -2.547207e-08   1.769427e-08  -2.613922e-08;
   6.921495e-08  -2.613922e-08   1.877331e-08]
