     iteration=         400000       process=              0       (i,j,k)=              0              0              0       (x,y,z)=   5.000000e-03   5.000000e-03   8.472291e-02     particles=            139
fabric=[ ...   
   3.486478e-01   3.874426e-02   2.451690e-02;
   3.874426e-02   3.131234e-01   8.242369e-03;
   2.451690e-02   8.242369e-03   3.382288e-01]
sigma=[ ...    
  -4.316340e+01  -6.608745e+00   1.352777e+00;
   7.129397e+00  -3.440486e+01  -1.008770e+00;
   3.386427e-01   4.543283e+00  -2.680342e+01]
sigmaDot=[ ... 
  -1.185679e+06   1.326838e+05  -1.233659e+05;
  -1.060064e+07   2.332948e+05  -3.084064e+05;
  -4.074141e+05   7.019464e+04  -4.804394e+04]
intgraE=[ ...  
   1.028813e+01  -7.239787e+00  -2.160324e-02;
  -7.239787e+00   8.039135e+00  -1.434587e-02;
  -2.160324e-02  -1.434587e-02  -4.985184e-01]
E=[ ...        
   4.406410e+06   6.835260e+07  -2.525045e+03;
   6.835260e+07   1.061933e+09  -3.924357e+04;
  -2.525045e+03  -3.924357e+04   9.504070e-01]
e=[ ...        
  -1.649929e+03  -2.565000e+03  -1.364486e+01;
  -2.565000e+03  -3.985872e+03  -2.120604e+01;
  -1.364486e+01  -2.120604e+01   3.871916e-01]
intgraF=[ ...  
   4.587987e+00  -2.955293e+00  -2.798098e-03;
  -3.819874e-01   2.874369e+00  -7.477504e-03;
  -6.170275e-01  -2.872544e-01   5.384713e-02]
F=[ ...        
   1.214382e+02   3.615425e+02   4.904345e-03;
  -6.236308e+01   1.251835e+01  -1.016470e-03;
  -2.965499e+03  -4.608400e+04   1.703170e+00]
R=[ ...        
   8.396237e-01  -4.602562e-02   5.412150e-01;
  -5.401022e-01   3.497977e-02   8.408722e-01;
  -5.763324e-02  -9.983276e-01   4.511308e-03]
U=[ ...        
   3.065561e+02   2.952769e+03  -9.349242e-02;
   2.952769e+03   4.599073e+04  -1.700583e+00;
  -9.349242e-02  -1.700583e+00   9.483109e-03]
l=[ ...        
   2.577399e+00  -1.020890e+00  -7.349121e-02;
   1.911304e+00   1.651771e+00   2.162945e-01;
   3.708793e+00   3.519696e+00  -1.853823e+01]
d=[ ...        
   2.577399e+00   4.452068e-01   1.817651e+00;
   4.452068e-01   1.651771e+00   1.867995e+00;
   1.817651e+00   1.867995e+00  -1.853823e+01]
     iteration=         400000       process=              1       (i,j,k)=              0              0              1       (x,y,z)=   5.000000e-03   5.000000e-03   2.541687e-01     particles=             21
fabric=[ ...   
   0.000000e+00   0.000000e+00   0.000000e+00;
   0.000000e+00   0.000000e+00   0.000000e+00;
   0.000000e+00   0.000000e+00   0.000000e+00]
sigma=[ ...    
   0.000000e+00   0.000000e+00   0.000000e+00;
   0.000000e+00   0.000000e+00   0.000000e+00;
   0.000000e+00   0.000000e+00   0.000000e+00]
sigmaDot=[ ... 
   0.000000e+00   0.000000e+00   0.000000e+00;
   0.000000e+00   0.000000e+00   0.000000e+00;
   0.000000e+00   0.000000e+00   0.000000e+00]
intgraE=[ ...  
   8.776257e-02  -4.039447e-02  -5.274747e-01;
  -4.039447e-02   1.859236e-02   2.427807e-01;
  -5.274747e-01   2.427807e-01   2.670252e+00]
E=[ ...        
   3.176955e-03   1.147835e-02  -1.657854e-01;
   1.147835e-02   4.147132e-02  -5.989831e-01;
  -1.657854e-01  -5.989831e-01   8.151299e+00]
e=[ ...        
  -1.836114e-04  -6.633888e-04  -2.303452e-03;
  -6.633888e-04  -2.396826e-03  -8.322381e-03;
  -2.303452e-03  -8.322381e-03   4.711026e-01]
intgraF=[ ...  
   1.000000e+00   0.000000e+00   0.000000e+00;
   0.000000e+00   1.000000e+00   0.000000e+00;
  -4.189572e-01   1.928334e-01   2.518036e+00]
F=[ ...        
   1.000000e+00   7.242128e-18   2.087411e-18;
  -1.323523e-17   1.000000e+00   2.761565e-18;
  -7.971142e-02  -2.879976e-01   4.159639e+00]
R=[ ...        
   9.998810e-01  -4.300806e-04   1.542318e-02;
  -4.300806e-04   9.984461e-01   5.572402e-02;
  -1.542318e-02  -5.572402e-02   9.983271e-01]
U=[ ...        
   1.001110e+00   4.011760e-03  -6.415488e-02;
   4.011760e-03   1.014495e+00  -2.317918e-01;
  -6.415488e-02  -2.317918e-01   4.152680e+00]
l=[ ...        
   0.000000e+00   0.000000e+00   0.000000e+00;
   0.000000e+00   0.000000e+00   0.000000e+00;
  -1.090621e-01  -3.203945e-01   3.757174e+00]
d=[ ...        
   0.000000e+00   0.000000e+00  -5.453106e-02;
   0.000000e+00   0.000000e+00  -1.601972e-01;
  -5.453106e-02  -1.601972e-01   3.757174e+00]
     iteration=         400000       process=              2       (i,j,k)=              0              1              0       (x,y,z)=   5.000000e-03   1.500000e-02   8.472291e-02     particles=            101
fabric=[ ...   
   3.627979e-01  -4.432065e-02   2.803882e-03;
  -4.432065e-02   3.141261e-01  -1.503605e-03;
   2.803882e-03  -1.503605e-03   3.230760e-01]
sigma=[ ...    
  -4.539881e+01   1.713437e+01  -5.087862e+00;
   2.082352e+01  -4.598669e+01   3.681246e-01;
  -8.100048e+00  -3.917139e-01  -2.458952e+01]
sigmaDot=[ ... 
   1.817686e+04  -1.960992e+05   9.924287e+05;
  -2.789225e+05   2.539301e+05   1.292086e+05;
  -1.675992e+05   1.663784e+06   3.550348e+05]
intgraE=[ ...  
   8.462863e+00  -1.036117e+01  -1.648189e-01;
  -1.036117e+01   1.160058e+01   1.945639e-01;
  -1.648189e-01   1.945639e-01  -4.951012e-01]
E=[ ...        
   3.128486e+08  -2.777072e+08   5.273031e+03;
  -2.777072e+08   2.467991e+08  -4.608889e+03;
   5.273031e+03  -4.608889e+03  -3.784297e-01]
e=[ ...        
   5.112307e-02   2.727941e+00  -1.321104e-01;
   2.727941e+00  -1.607846e+01   8.028719e-01;
  -1.321104e-01   8.028719e-01   4.611180e-01]
intgraF=[ ...  
   3.992215e+00  -4.661477e+00  -5.610598e-02;
   6.632237e-01  -2.849260e-01  -6.858712e-03;
  -1.244217e+00   1.546159e+00   8.125745e-02]
F=[ ...        
  -2.601984e+02  -5.152642e+02  -1.640749e-01;
   1.167190e+03  -1.158972e+03  -1.798978e-01;
   2.498534e+04  -2.218084e+04   4.287853e-01]
R=[ ...        
  -6.519873e-01  -7.407574e-01   1.618364e-01;
  -7.047838e-02  -1.533093e-01  -9.856617e-01;
   7.549472e-01  -6.540450e-01   4.774831e-02]
U=[ ...        
   1.895000e+04  -1.632773e+04   4.433639e-01;
  -1.632773e+04   1.506663e+04  -1.313252e-01;
   4.433639e-01  -1.313252e-01   1.712389e-01]
l=[ ...        
  -1.119738e+00  -1.925452e+00   1.899226e-01;
  -3.749888e-01  -6.722015e+00   5.090219e-01;
   3.669440e-01   1.231624e+00  -1.810900e+01]
d=[ ...        
  -1.119738e+00  -1.150221e+00   2.784333e-01;
  -1.150221e+00  -6.722015e+00   8.703230e-01;
   2.784333e-01   8.703230e-01  -1.810900e+01]
     iteration=         400000       process=              3       (i,j,k)=              0              1              1       (x,y,z)=   5.000000e-03   1.500000e-02   2.541687e-01     particles=              5
fabric=[ ...   
   0.000000e+00   0.000000e+00   0.000000e+00;
   0.000000e+00   0.000000e+00   0.000000e+00;
   0.000000e+00   0.000000e+00   0.000000e+00]
sigma=[ ...    
   0.000000e+00   0.000000e+00   0.000000e+00;
   0.000000e+00   0.000000e+00   0.000000e+00;
   0.000000e+00   0.000000e+00   0.000000e+00]
sigmaDot=[ ... 
   0.000000e+00   0.000000e+00   0.000000e+00;
   0.000000e+00   0.000000e+00   0.000000e+00;
   0.000000e+00   0.000000e+00   0.000000e+00]
intgraE=[ ...  
   0.000000e+00   0.000000e+00   0.000000e+00;
   0.000000e+00   0.000000e+00   0.000000e+00;
   0.000000e+00   0.000000e+00   0.000000e+00]
E=[ ...        
   0.000000e+00   0.000000e+00   0.000000e+00;
   0.000000e+00   0.000000e+00   0.000000e+00;
   0.000000e+00   0.000000e+00   0.000000e+00]
e=[ ...        
   0.000000e+00   0.000000e+00   0.000000e+00;
   0.000000e+00   0.000000e+00   0.000000e+00;
   0.000000e+00   0.000000e+00   0.000000e+00]
intgraF=[ ...  
   0.000000e+00   0.000000e+00   0.000000e+00;
   0.000000e+00   0.000000e+00   0.000000e+00;
   0.000000e+00   0.000000e+00   0.000000e+00]
F=[ ...        
   0.000000e+00   0.000000e+00   0.000000e+00;
   0.000000e+00   0.000000e+00   0.000000e+00;
   0.000000e+00   0.000000e+00   0.000000e+00]
R=[ ...        
   0.000000e+00   0.000000e+00   0.000000e+00;
   0.000000e+00   0.000000e+00   0.000000e+00;
   0.000000e+00   0.000000e+00   0.000000e+00]
U=[ ...        
   0.000000e+00   0.000000e+00   0.000000e+00;
   0.000000e+00   0.000000e+00   0.000000e+00;
   0.000000e+00   0.000000e+00   0.000000e+00]
l=[ ...        
   0.000000e+00   0.000000e+00   0.000000e+00;
   0.000000e+00   0.000000e+00   0.000000e+00;
   0.000000e+00   0.000000e+00   0.000000e+00]
d=[ ...        
   0.000000e+00   0.000000e+00   0.000000e+00;
   0.000000e+00   0.000000e+00   0.000000e+00;
   0.000000e+00   0.000000e+00   0.000000e+00]
     iteration=         400000       process=              4       (i,j,k)=              1              0              0       (x,y,z)=   1.500000e-02   5.000000e-03   8.472291e-02     particles=             97
fabric=[ ...   
   3.421813e-01  -5.118085e-03   1.161314e-02;
  -5.118085e-03   3.014500e-01  -2.058617e-02;
   1.161314e-02  -2.058617e-02   3.563687e-01]
sigma=[ ...    
  -6.884369e+01  -4.135978e-01   7.729401e+00;
  -1.709471e+01  -7.338873e+01  -2.061917e+01;
  -1.049565e+01  -5.138388e+00  -1.299607e+02]
sigmaDot=[ ... 
   1.459837e+05   5.417281e+05  -7.241082e+06;
   1.079509e+06  -2.311293e+05  -2.201733e+06;
  -1.018381e+06   3.119196e+06  -1.048059e+06]
intgraE=[ ...  
   5.178233e+00  -6.470434e-01   2.659785e-02;
  -6.470434e-01   1.627418e+00   1.964653e-02;
   2.659785e-02   1.964653e-02  -4.979994e-01]
E=[ ...        
   1.093441e+09  -1.342814e+09   1.002820e+04;
  -1.342814e+09   1.650539e+09  -1.231486e+04;
   1.002820e+04  -1.231486e+04  -4.077913e-01]
e=[ ...        
  -4.071446e+02   5.124587e+02   8.500961e+00;
   5.124587e+02  -6.437228e+02  -1.068674e+01;
   8.500961e+00  -1.068674e+01   3.227222e-01]
intgraF=[ ...  
   3.191317e+00  -7.166035e-01  -4.340489e-03;
   5.434091e-01   1.933265e+00   2.061804e-02;
   9.363076e-01  -6.165906e-02   5.964232e-02]
F=[ ...        
  -6.000110e+02  -6.090641e+02  -1.943981e-02;
  -1.252697e+03   4.685205e+02   5.279405e-03;
   4.674347e+04  -5.744987e+04   4.289659e-01]
R=[ ...        
  -6.062095e-01  -4.949992e-01  -6.224835e-01;
  -4.925903e-01  -3.808007e-01   7.825251e-01;
   6.243915e-01  -7.810036e-01   1.298678e-02]
U=[ ...        
   3.016703e+04  -3.573278e+04   2.770267e-01;
  -3.573278e+04   4.499163e+04  -3.274116e-01;
   2.770267e-01  -3.274116e-01   2.180312e-02]
l=[ ...        
   1.409013e+00   1.448306e+01   4.927224e-01;
   1.396693e+00   1.134346e+01   3.613317e-01;
   5.785319e+00   1.312618e+01  -1.919115e+01]
d=[ ...        
   1.409013e+00   7.939877e+00   3.139021e+00;
   7.939877e+00   1.134346e+01   6.743758e+00;
   3.139021e+00   6.743758e+00  -1.919115e+01]
     iteration=         400000       process=              5       (i,j,k)=              1              0              1       (x,y,z)=   1.500000e-02   5.000000e-03   2.541687e-01     particles=              5
fabric=[ ...   
   0.000000e+00   0.000000e+00   0.000000e+00;
   0.000000e+00   0.000000e+00   0.000000e+00;
   0.000000e+00   0.000000e+00   0.000000e+00]
sigma=[ ...    
   0.000000e+00   0.000000e+00   0.000000e+00;
   0.000000e+00   0.000000e+00   0.000000e+00;
   0.000000e+00   0.000000e+00   0.000000e+00]
sigmaDot=[ ... 
   0.000000e+00   0.000000e+00   0.000000e+00;
   0.000000e+00   0.000000e+00   0.000000e+00;
   0.000000e+00   0.000000e+00   0.000000e+00]
intgraE=[ ...  
   0.000000e+00   0.000000e+00   0.000000e+00;
   0.000000e+00   0.000000e+00   0.000000e+00;
   0.000000e+00   0.000000e+00   0.000000e+00]
E=[ ...        
   0.000000e+00   0.000000e+00   0.000000e+00;
   0.000000e+00   0.000000e+00   0.000000e+00;
   0.000000e+00   0.000000e+00   0.000000e+00]
e=[ ...        
   0.000000e+00   0.000000e+00   0.000000e+00;
   0.000000e+00   0.000000e+00   0.000000e+00;
   0.000000e+00   0.000000e+00   0.000000e+00]
intgraF=[ ...  
   0.000000e+00   0.000000e+00   0.000000e+00;
   0.000000e+00   0.000000e+00   0.000000e+00;
   0.000000e+00   0.000000e+00   0.000000e+00]
F=[ ...        
   0.000000e+00   0.000000e+00   0.000000e+00;
   0.000000e+00   0.000000e+00   0.000000e+00;
   0.000000e+00   0.000000e+00   0.000000e+00]
R=[ ...        
   0.000000e+00   0.000000e+00   0.000000e+00;
   0.000000e+00   0.000000e+00   0.000000e+00;
   0.000000e+00   0.000000e+00   0.000000e+00]
U=[ ...        
   0.000000e+00   0.000000e+00   0.000000e+00;
   0.000000e+00   0.000000e+00   0.000000e+00;
   0.000000e+00   0.000000e+00   0.000000e+00]
l=[ ...        
   0.000000e+00   0.000000e+00   0.000000e+00;
   0.000000e+00   0.000000e+00   0.000000e+00;
   0.000000e+00   0.000000e+00   0.000000e+00]
d=[ ...        
   0.000000e+00   0.000000e+00   0.000000e+00;
   0.000000e+00   0.000000e+00   0.000000e+00;
   0.000000e+00   0.000000e+00   0.000000e+00]
     iteration=         400000       process=              6       (i,j,k)=              1              1              0       (x,y,z)=   1.500000e-02   1.500000e-02   8.472291e-02     particles=            103
fabric=[ ...   
   3.344870e-01   3.384255e-02  -1.543096e-02;
   3.384255e-02   3.229129e-01  -1.031771e-02;
  -1.543096e-02  -1.031771e-02   3.426001e-01]
sigma=[ ...    
  -1.404923e+02  -6.662922e+01  -1.262107e+01;
   8.554374e+01  -4.789191e+02   7.902715e+01;
  -3.675518e+00   3.273690e+01  -1.999491e+02]
sigmaDot=[ ... 
   1.317367e+06  -1.988195e+06  -2.936301e+07;
  -2.487054e+07  -7.678255e+06   4.731672e+06;
  -1.970673e+06  -6.720957e+05  -1.934975e+05]
intgraE=[ ...  
   2.067537e-01  -7.269896e-01  -2.909713e-02;
  -7.269896e-01   2.613896e-01   3.313820e-02;
  -2.909713e-02   3.313820e-02  -4.972356e-01]
E=[ ...        
   1.062032e+06  -5.482999e+06   6.861522e+03;
  -5.482999e+06   3.011411e+07  -3.383324e+04;
   6.861522e+03  -3.383324e+04   7.250063e+01]
e=[ ...        
   4.924643e-01  -3.499640e-03  -2.331647e-04;
  -3.499640e-03   4.983698e-01  -1.082735e-04;
  -2.331647e-04  -1.082735e-04   4.999928e-01]
intgraF=[ ...  
   6.797287e-01  -8.344264e-01  -5.985613e-02;
  -9.472996e-01   8.829782e-01   2.704020e-02;
   2.325936e-01  -2.164750e-01   3.485410e-02]
F=[ ...        
   1.001491e+02   2.743503e+02   8.039300e+00;
  -3.103121e+02  -7.402267e+01  -3.715794e-01;
   1.420472e+03  -7.755480e+03   9.012926e+00]
R=[ ...        
   3.983726e-01   1.061704e-01   9.110582e-01;
  -8.964182e-01  -1.652923e-01   4.112334e-01;
   1.942517e-01  -9.805133e-01   2.932517e-02]
U=[ ...        
   5.939953e+02  -1.330867e+03   5.286504e+00;
  -1.330867e+03   7.645715e+03  -7.922338e+00;
   5.286504e+00  -7.922338e+00   7.435770e+00]
l=[ ...        
   2.968556e-01   3.948237e+00   1.545935e-01;
   1.365707e+00  -2.847318e+00   1.794219e-01;
   1.388194e+01   4.516902e+00  -1.881494e+01]
d=[ ...        
   2.968556e-01   2.656972e+00   7.018268e+00;
   2.656972e+00  -2.847318e+00   2.348162e+00;
   7.018268e+00   2.348162e+00  -1.881494e+01]
     iteration=         400000       process=              7       (i,j,k)=              1              1              1       (x,y,z)=   1.500000e-02   1.500000e-02   2.541687e-01     particles=              5
fabric=[ ...   
   0.000000e+00   0.000000e+00   0.000000e+00;
   0.000000e+00   0.000000e+00   0.000000e+00;
   0.000000e+00   0.000000e+00   0.000000e+00]
sigma=[ ...    
   0.000000e+00   0.000000e+00   0.000000e+00;
   0.000000e+00   0.000000e+00   0.000000e+00;
   0.000000e+00   0.000000e+00   0.000000e+00]
sigmaDot=[ ... 
   0.000000e+00   0.000000e+00   0.000000e+00;
   0.000000e+00   0.000000e+00   0.000000e+00;
   0.000000e+00   0.000000e+00   0.000000e+00]
intgraE=[ ...  
   0.000000e+00   0.000000e+00   0.000000e+00;
   0.000000e+00   0.000000e+00   0.000000e+00;
   0.000000e+00   0.000000e+00   0.000000e+00]
E=[ ...        
   0.000000e+00   0.000000e+00   0.000000e+00;
   0.000000e+00   0.000000e+00   0.000000e+00;
   0.000000e+00   0.000000e+00   0.000000e+00]
e=[ ...        
   0.000000e+00   0.000000e+00   0.000000e+00;
   0.000000e+00   0.000000e+00   0.000000e+00;
   0.000000e+00   0.000000e+00   0.000000e+00]
intgraF=[ ...  
   0.000000e+00   0.000000e+00   0.000000e+00;
   0.000000e+00   0.000000e+00   0.000000e+00;
   0.000000e+00   0.000000e+00   0.000000e+00]
F=[ ...        
   0.000000e+00   0.000000e+00   0.000000e+00;
   0.000000e+00   0.000000e+00   0.000000e+00;
   0.000000e+00   0.000000e+00   0.000000e+00]
R=[ ...        
   0.000000e+00   0.000000e+00   0.000000e+00;
   0.000000e+00   0.000000e+00   0.000000e+00;
   0.000000e+00   0.000000e+00   0.000000e+00]
U=[ ...        
   0.000000e+00   0.000000e+00   0.000000e+00;
   0.000000e+00   0.000000e+00   0.000000e+00;
   0.000000e+00   0.000000e+00   0.000000e+00]
l=[ ...        
   0.000000e+00   0.000000e+00   0.000000e+00;
   0.000000e+00   0.000000e+00   0.000000e+00;
   0.000000e+00   0.000000e+00   0.000000e+00]
d=[ ...        
   0.000000e+00   0.000000e+00   0.000000e+00;
   0.000000e+00   0.000000e+00   0.000000e+00;
   0.000000e+00   0.000000e+00   0.000000e+00]
