     iteration=         600000       process=              0       (i,j,k)=              0              0              0       (x,y,z)=   5.000000e-03   5.000000e-03   1.564674e-02     particles=            128
fabric=[ ...   
   3.063629e-01   9.261156e-03  -1.757966e-02;
   9.261156e-03   3.208290e-01  -1.032214e-02;
  -1.757966e-02  -1.032214e-02   3.728081e-01]
sigma=[ ...    
  -1.918087e+02  -1.352709e+01   1.286732e+01;
  -4.199588e+00  -1.686662e+02   9.945155e+00;
   2.006238e+01   2.993305e+01  -1.909985e+02]
sigmaDot=[ ... 
   2.806620e+06   1.177917e+06   3.149011e+06;
   1.410397e+06  -1.097054e+06   3.265370e+05;
   1.130063e+06   5.782914e+05  -2.091072e+05]
intgraE=[ ...  
   4.843594e+01  -1.809825e+01  -6.842971e-02;
  -1.809825e+01   1.123477e+01   1.060599e-02;
  -6.842971e-02   1.060599e-02  -4.998614e-01]
E=[ ...        
   3.120032e+04   7.505659e+04  -8.075559e+01;
   7.505659e+04   6.397697e+05  -3.643894e+02;
  -8.075559e+01  -3.643894e+02  -1.704125e-01]
e=[ ...        
   4.857612e-01   1.057663e-01  -2.246117e-01;
   1.057663e-01  -2.858090e-01   1.668868e+00;
  -2.246117e-01   1.668868e+00  -3.044310e+00]
intgraF=[ ...  
   5.660234e+00  -3.899558e+00  -2.674188e-03;
  -1.212488e-01   2.313284e+00  -6.477016e-03;
  -8.112887e+00   1.706373e+00   1.510045e-02]
F=[ ...        
   1.522019e+01  -9.183784e+02   2.949801e-01;
  -2.252097e+02  -6.180042e+02   7.554288e-01;
  -1.070073e+02  -2.327926e+02  -3.858710e-02]
R=[ ...        
   4.982419e-01  -8.651116e-01  -5.776639e-02;
  -7.710587e-01  -4.725719e-01   4.267836e-01;
  -3.965142e-01  -1.681002e-01  -9.025070e-01]
U=[ ...        
   2.236632e+02   1.112486e+02  -4.202082e-01;
   1.112486e+02   1.125684e+03  -6.056987e-01;
  -4.202082e-01  -6.056987e-01   3.401898e-01]
l=[ ...        
  -2.779991e+00  -4.503269e+00  -5.962141e+00;
   1.566345e+00  -3.004019e+00  -5.146668e-01;
  -3.686554e+00  -4.635229e+00  -3.368749e+00]
d=[ ...        
  -2.779991e+00  -1.468462e+00  -4.824348e+00;
  -1.468462e+00  -3.004019e+00  -2.574948e+00;
  -4.824348e+00  -2.574948e+00  -3.368749e+00]
     iteration=         600000       process=              1       (i,j,k)=              0              0              1       (x,y,z)=   5.000000e-03   5.000000e-03   4.694021e-02     particles=              1
fabric=[ ...   
   0.000000e+00   0.000000e+00   0.000000e+00;
   0.000000e+00   0.000000e+00   0.000000e+00;
   0.000000e+00   0.000000e+00   0.000000e+00]
sigma=[ ...    
   0.000000e+00   0.000000e+00   0.000000e+00;
   0.000000e+00   0.000000e+00   0.000000e+00;
   0.000000e+00   0.000000e+00   0.000000e+00]
sigmaDot=[ ... 
   0.000000e+00   0.000000e+00   0.000000e+00;
   0.000000e+00   0.000000e+00   0.000000e+00;
   0.000000e+00   0.000000e+00   0.000000e+00]
intgraE=[ ...  
   0.000000e+00   0.000000e+00   0.000000e+00;
   0.000000e+00   0.000000e+00   0.000000e+00;
   0.000000e+00   0.000000e+00   0.000000e+00]
E=[ ...        
   0.000000e+00   0.000000e+00   0.000000e+00;
   0.000000e+00   0.000000e+00   0.000000e+00;
   0.000000e+00   0.000000e+00   0.000000e+00]
e=[ ...        
   0.000000e+00   0.000000e+00   0.000000e+00;
   0.000000e+00   0.000000e+00   0.000000e+00;
   0.000000e+00   0.000000e+00   0.000000e+00]
intgraF=[ ...  
   0.000000e+00   0.000000e+00   0.000000e+00;
   0.000000e+00   0.000000e+00   0.000000e+00;
   0.000000e+00   0.000000e+00   0.000000e+00]
F=[ ...        
   0.000000e+00   0.000000e+00   0.000000e+00;
   0.000000e+00   0.000000e+00   0.000000e+00;
   0.000000e+00   0.000000e+00   0.000000e+00]
R=[ ...        
   0.000000e+00   0.000000e+00   0.000000e+00;
   0.000000e+00   0.000000e+00   0.000000e+00;
   0.000000e+00   0.000000e+00   0.000000e+00]
U=[ ...        
   0.000000e+00   0.000000e+00   0.000000e+00;
   0.000000e+00   0.000000e+00   0.000000e+00;
   0.000000e+00   0.000000e+00   0.000000e+00]
l=[ ...        
   0.000000e+00   0.000000e+00   0.000000e+00;
   0.000000e+00   0.000000e+00   0.000000e+00;
   0.000000e+00   0.000000e+00   0.000000e+00]
d=[ ...        
   0.000000e+00   0.000000e+00   0.000000e+00;
   0.000000e+00   0.000000e+00   0.000000e+00;
   0.000000e+00   0.000000e+00   0.000000e+00]
     iteration=         600000       process=              2       (i,j,k)=              0              1              0       (x,y,z)=   5.000000e-03   1.500000e-02   1.564674e-02     particles=            114
fabric=[ ...   
   3.266707e-01   1.758106e-02  -2.993267e-03;
   1.758106e-02   3.251917e-01   8.512268e-03;
  -2.993267e-03   8.512268e-03   3.384758e-01]
sigma=[ ...    
  -1.642347e+02  -2.021778e+01   1.317107e+01;
  -1.735915e+01  -1.200199e+02   3.944588e+00;
   9.794943e+00  -4.629414e+00  -1.444419e+02]
sigmaDot=[ ... 
   4.449945e+06  -8.980083e+05   1.101252e+06;
  -6.164909e+06   2.287316e+05   1.630272e+05;
   4.157070e+06  -2.708140e+06  -3.049224e+06]
intgraE=[ ...  
   1.528578e+01  -1.569599e+01  -2.026332e-01;
  -1.569599e+01   1.556467e+01   2.045388e-01;
  -2.026332e-01   2.045388e-01  -4.973783e-01]
E=[ ...        
   2.890262e+05  -8.053070e+04   1.197328e+02;
  -8.053070e+04   6.557295e+04  -8.856923e+01;
   1.197328e+02  -8.856923e+01  -1.670752e-01]
e=[ ...        
  -3.113114e-01  -8.405291e-02  -5.370843e-01;
  -8.405291e-02   4.912868e-01  -5.564565e-02;
  -5.370843e-01  -5.564565e-02   1.444496e-01]
intgraF=[ ...  
   4.110259e+00  -4.738405e+00  -5.713735e-02;
   1.264017e+00  -9.759714e-01  -1.497662e-02;
   3.616570e+00  -2.953700e+00  -4.188675e-02]
F=[ ...        
  -3.630692e+02   1.714607e+01  -5.846660e-01;
  -3.022042e+02   3.525336e+02  -5.247582e-01;
   5.957405e+02  -8.107400e+01  -2.205537e-01]
R=[ ...        
  -5.244866e-01  -1.873964e-01  -8.305398e-01;
  -2.096718e-01   9.738643e-01  -8.732704e-02;
   8.251979e-01   1.283389e-01  -5.500705e-01]
U=[ ...        
   7.453924e+02  -1.498113e+02   2.346761e-01;
  -1.498113e+02   3.297018e+02  -4.297846e-01;
   2.346761e-01  -4.297846e-01   6.527341e-01]
l=[ ...        
  -2.390179e+00  -2.785292e+00  -2.074903e+00;
   5.002318e-01  -1.324487e+01   4.975695e+00;
   1.814941e+00   1.281143e+01   1.590582e+00]
d=[ ...        
  -2.390179e+00  -1.142530e+00  -1.299811e-01;
  -1.142530e+00  -1.324487e+01   8.893560e+00;
  -1.299811e-01   8.893560e+00   1.590582e+00]
     iteration=         600000       process=              3       (i,j,k)=              0              1              1       (x,y,z)=   5.000000e-03   1.500000e-02   4.694021e-02     particles=              2
fabric=[ ...   
   0.000000e+00   0.000000e+00   0.000000e+00;
   0.000000e+00   0.000000e+00   0.000000e+00;
   0.000000e+00   0.000000e+00   0.000000e+00]
sigma=[ ...    
   0.000000e+00   0.000000e+00   0.000000e+00;
   0.000000e+00   0.000000e+00   0.000000e+00;
   0.000000e+00   0.000000e+00   0.000000e+00]
sigmaDot=[ ... 
   0.000000e+00   0.000000e+00   0.000000e+00;
   0.000000e+00   0.000000e+00   0.000000e+00;
   0.000000e+00   0.000000e+00   0.000000e+00]
intgraE=[ ...  
   0.000000e+00   0.000000e+00   0.000000e+00;
   0.000000e+00   0.000000e+00   0.000000e+00;
   0.000000e+00   0.000000e+00   0.000000e+00]
E=[ ...        
   0.000000e+00   0.000000e+00   0.000000e+00;
   0.000000e+00   0.000000e+00   0.000000e+00;
   0.000000e+00   0.000000e+00   0.000000e+00]
e=[ ...        
   0.000000e+00   0.000000e+00   0.000000e+00;
   0.000000e+00   0.000000e+00   0.000000e+00;
   0.000000e+00   0.000000e+00   0.000000e+00]
intgraF=[ ...  
   0.000000e+00   0.000000e+00   0.000000e+00;
   0.000000e+00   0.000000e+00   0.000000e+00;
   0.000000e+00   0.000000e+00   0.000000e+00]
F=[ ...        
   0.000000e+00   0.000000e+00   0.000000e+00;
   0.000000e+00   0.000000e+00   0.000000e+00;
   0.000000e+00   0.000000e+00   0.000000e+00]
R=[ ...        
   0.000000e+00   0.000000e+00   0.000000e+00;
   0.000000e+00   0.000000e+00   0.000000e+00;
   0.000000e+00   0.000000e+00   0.000000e+00]
U=[ ...        
   0.000000e+00   0.000000e+00   0.000000e+00;
   0.000000e+00   0.000000e+00   0.000000e+00;
   0.000000e+00   0.000000e+00   0.000000e+00]
l=[ ...        
   0.000000e+00   0.000000e+00   0.000000e+00;
   0.000000e+00   0.000000e+00   0.000000e+00;
   0.000000e+00   0.000000e+00   0.000000e+00]
d=[ ...        
   0.000000e+00   0.000000e+00   0.000000e+00;
   0.000000e+00   0.000000e+00   0.000000e+00;
   0.000000e+00   0.000000e+00   0.000000e+00]
     iteration=         600000       process=              4       (i,j,k)=              1              0              0       (x,y,z)=   1.500000e-02   5.000000e-03   1.564674e-02     particles=            114
fabric=[ ...   
   3.216631e-01   1.312842e-02  -3.506856e-03;
   1.312842e-02   3.312622e-01   2.040137e-03;
  -3.506856e-03   2.040137e-03   3.470747e-01]
sigma=[ ...    
  -2.381000e+02   1.585486e+01   5.284403e+01;
   3.828793e+01  -2.747415e+02  -1.850253e+01;
   6.304991e+01  -2.570427e+01  -2.996304e+02]
sigmaDot=[ ... 
  -5.065651e+05   1.251089e+06  -1.031945e+06;
  -1.034159e+06  -3.193844e+06   1.409184e+05;
   4.542321e+05  -1.070023e+06  -4.676026e+05]
intgraE=[ ...  
   2.004729e+01  -1.891190e+00   1.193534e-02;
  -1.891190e+00   3.103021e+00   3.213662e-02;
   1.193534e-02   3.213662e-02  -4.996695e-01]
E=[ ...        
   1.749896e+06  -3.688035e+05   1.544302e+02;
  -3.688035e+05   5.759440e+05   2.304327e+00;
   1.544302e+02   2.304327e+00  -4.831885e-01]
e=[ ...        
  -1.097132e+01   6.082336e+01   4.349952e+00;
   6.082336e+01  -3.219983e+02  -2.306436e+01;
   4.349952e+00  -2.306436e+01  -1.149512e+00]
intgraF=[ ...  
   4.195906e+00   9.568009e-01   1.451332e-02;
   8.374117e-01   1.617246e+00   1.818114e-02;
   4.773645e+00  -1.917052e+00  -1.094571e-02]
F=[ ...        
  -1.020098e+03   1.031145e+03  -4.006841e-02;
  -3.024384e+02   1.773750e+02   1.909422e-02;
   1.538741e+03   2.390958e+02   1.779126e-01]
R=[ ...        
  -4.288683e-01   8.842505e-01  -1.848595e-01;
  -1.447618e-01   1.347189e-01   9.802524e-01;
   8.916928e-01   4.471598e-01   7.022899e-02]
U=[ ...        
   1.853354e+03  -2.547026e+02   1.730634e-01;
  -2.547026e+02   1.042600e+03   4.669722e-02;
   1.730634e-01   4.669722e-02   3.861881e-02]
l=[ ...        
   2.835193e-01  -7.107103e-01  -1.880626e+00;
   3.685485e-01   3.433429e+00   1.484904e+00;
  -4.771107e+00  -2.737165e-01  -3.078658e+00]
d=[ ...        
   2.835193e-01  -1.710809e-01  -3.325867e+00;
  -1.710809e-01   3.433429e+00   6.055939e-01;
  -3.325867e+00   6.055939e-01  -3.078658e+00]
     iteration=         600000       process=              5       (i,j,k)=              1              0              1       (x,y,z)=   1.500000e-02   5.000000e-03   4.694021e-02     particles=              1
fabric=[ ...   
   0.000000e+00   0.000000e+00   0.000000e+00;
   0.000000e+00   0.000000e+00   0.000000e+00;
   0.000000e+00   0.000000e+00   0.000000e+00]
sigma=[ ...    
   0.000000e+00   0.000000e+00   0.000000e+00;
   0.000000e+00   0.000000e+00   0.000000e+00;
   0.000000e+00   0.000000e+00   0.000000e+00]
sigmaDot=[ ... 
   0.000000e+00   0.000000e+00   0.000000e+00;
   0.000000e+00   0.000000e+00   0.000000e+00;
   0.000000e+00   0.000000e+00   0.000000e+00]
intgraE=[ ...  
   0.000000e+00   0.000000e+00   0.000000e+00;
   0.000000e+00   0.000000e+00   0.000000e+00;
   0.000000e+00   0.000000e+00   0.000000e+00]
E=[ ...        
   0.000000e+00   0.000000e+00   0.000000e+00;
   0.000000e+00   0.000000e+00   0.000000e+00;
   0.000000e+00   0.000000e+00   0.000000e+00]
e=[ ...        
   0.000000e+00   0.000000e+00   0.000000e+00;
   0.000000e+00   0.000000e+00   0.000000e+00;
   0.000000e+00   0.000000e+00   0.000000e+00]
intgraF=[ ...  
   0.000000e+00   0.000000e+00   0.000000e+00;
   0.000000e+00   0.000000e+00   0.000000e+00;
   0.000000e+00   0.000000e+00   0.000000e+00]
F=[ ...        
   0.000000e+00   0.000000e+00   0.000000e+00;
   0.000000e+00   0.000000e+00   0.000000e+00;
   0.000000e+00   0.000000e+00   0.000000e+00]
R=[ ...        
   0.000000e+00   0.000000e+00   0.000000e+00;
   0.000000e+00   0.000000e+00   0.000000e+00;
   0.000000e+00   0.000000e+00   0.000000e+00]
U=[ ...        
   0.000000e+00   0.000000e+00   0.000000e+00;
   0.000000e+00   0.000000e+00   0.000000e+00;
   0.000000e+00   0.000000e+00   0.000000e+00]
l=[ ...        
   0.000000e+00   0.000000e+00   0.000000e+00;
   0.000000e+00   0.000000e+00   0.000000e+00;
   0.000000e+00   0.000000e+00   0.000000e+00]
d=[ ...        
   0.000000e+00   0.000000e+00   0.000000e+00;
   0.000000e+00   0.000000e+00   0.000000e+00;
   0.000000e+00   0.000000e+00   0.000000e+00]
     iteration=         600000       process=              6       (i,j,k)=              1              1              0       (x,y,z)=   1.500000e-02   1.500000e-02   1.564674e-02     particles=            115
fabric=[ ...   
   3.273243e-01   2.903798e-03   3.960429e-03;
   2.903798e-03   3.292444e-01   8.464088e-03;
   3.960429e-03   8.464088e-03   3.434312e-01]
sigma=[ ...    
  -2.454704e+02  -2.039890e+01   2.637512e+01;
  -2.098696e+01  -2.853695e+02   4.492847e+01;
   2.950899e+01   3.870988e+01  -2.250188e+02]
sigmaDot=[ ... 
   1.339269e+06   5.479748e+05   3.012982e+06;
  -7.249896e+05   1.405840e+06  -1.350968e+05;
  -5.025856e+05  -1.316795e+06   7.442262e+05]
intgraE=[ ...  
   3.290071e-01  -8.387443e-01  -3.719149e-02;
  -8.387443e-01   3.653495e-01   4.095622e-02;
  -3.719149e-02   4.095622e-02  -4.976702e-01]
E=[ ...        
   3.747107e+05  -2.176690e+05   1.150793e+01;
  -2.176690e+05   1.367982e+05  -2.684941e+00;
   1.150793e+01  -2.684941e+00  -4.980120e-01]
e=[ ...        
  -7.367260e+02  -5.115981e+02   1.120353e+03;
  -5.115981e+02  -3.545236e+02   7.774691e+02;
   1.120353e+03   7.774691e+02  -1.702086e+03]
intgraF=[ ...  
   6.497469e-01  -8.135810e-01  -6.026159e-02;
  -1.042096e+00   9.784379e-01   3.140701e-02;
  -3.871410e-01   3.338325e-01   6.455220e-03]
F=[ ...        
   3.402761e+02  -8.790407e+01   4.597921e-02;
  -7.845898e+02   4.884456e+02  -1.623988e-02;
  -1.343633e+02   1.652004e+02   3.997676e-02]
R=[ ...        
   6.920201e-01   5.076507e-01  -5.132241e-01;
  -7.099170e-01   6.074764e-01  -3.563570e-01;
   1.308667e-01   6.109527e-01   7.807757e-01]
U=[ ...        
   7.748878e+02  -3.859680e+02   4.857913e-02;
  -3.859680e+02   3.530243e+02   3.789994e-02;
   4.857913e-02   3.789994e-02   1.340243e-02]
l=[ ...        
  -4.836708e-01  -5.404547e-01   8.298454e-01;
   7.427218e-01  -6.088952e-01   8.887743e-01;
   1.997292e+00  -2.740737e-01  -2.083570e+00]
d=[ ...        
  -4.836708e-01   1.011336e-01   1.413569e+00;
   1.011336e-01  -6.088952e-01   3.073503e-01;
   1.413569e+00   3.073503e-01  -2.083570e+00]
     iteration=         600000       process=              7       (i,j,k)=              1              1              1       (x,y,z)=   1.500000e-02   1.500000e-02   4.694021e-02     particles=              1
fabric=[ ...   
   0.000000e+00   0.000000e+00   0.000000e+00;
   0.000000e+00   0.000000e+00   0.000000e+00;
   0.000000e+00   0.000000e+00   0.000000e+00]
sigma=[ ...    
   0.000000e+00   0.000000e+00   0.000000e+00;
   0.000000e+00   0.000000e+00   0.000000e+00;
   0.000000e+00   0.000000e+00   0.000000e+00]
sigmaDot=[ ... 
   0.000000e+00   0.000000e+00   0.000000e+00;
   0.000000e+00   0.000000e+00   0.000000e+00;
   0.000000e+00   0.000000e+00   0.000000e+00]
intgraE=[ ...  
   0.000000e+00   0.000000e+00   0.000000e+00;
   0.000000e+00   0.000000e+00   0.000000e+00;
   0.000000e+00   0.000000e+00   0.000000e+00]
E=[ ...        
   0.000000e+00   0.000000e+00   0.000000e+00;
   0.000000e+00   0.000000e+00   0.000000e+00;
   0.000000e+00   0.000000e+00   0.000000e+00]
e=[ ...        
   0.000000e+00   0.000000e+00   0.000000e+00;
   0.000000e+00   0.000000e+00   0.000000e+00;
   0.000000e+00   0.000000e+00   0.000000e+00]
intgraF=[ ...  
   0.000000e+00   0.000000e+00   0.000000e+00;
   0.000000e+00   0.000000e+00   0.000000e+00;
   0.000000e+00   0.000000e+00   0.000000e+00]
F=[ ...        
   0.000000e+00   0.000000e+00   0.000000e+00;
   0.000000e+00   0.000000e+00   0.000000e+00;
   0.000000e+00   0.000000e+00   0.000000e+00]
R=[ ...        
   0.000000e+00   0.000000e+00   0.000000e+00;
   0.000000e+00   0.000000e+00   0.000000e+00;
   0.000000e+00   0.000000e+00   0.000000e+00]
U=[ ...        
   0.000000e+00   0.000000e+00   0.000000e+00;
   0.000000e+00   0.000000e+00   0.000000e+00;
   0.000000e+00   0.000000e+00   0.000000e+00]
l=[ ...        
   0.000000e+00   0.000000e+00   0.000000e+00;
   0.000000e+00   0.000000e+00   0.000000e+00;
   0.000000e+00   0.000000e+00   0.000000e+00]
d=[ ...        
   0.000000e+00   0.000000e+00   0.000000e+00;
   0.000000e+00   0.000000e+00   0.000000e+00;
   0.000000e+00   0.000000e+00   0.000000e+00]
