     iteration=        3500000       process=              0       (i,j,k)=              0              0              0       (x,y,z)=   5.000000e-03   5.000000e-03   5.253276e-03     particles=             80
fabric=[ ...   
   3.406992e-01   6.663797e-03  -4.629020e-04;
   6.663797e-03   3.072232e-01   5.776220e-04;
  -4.629020e-04   5.776220e-04   3.520776e-01]
sigma=[ ...    
  -3.167493e+02  -2.426640e+01   2.413006e+01;
  -2.426652e+01  -2.446164e+02  -2.612297e+01;
   2.413008e+01  -2.612319e+01  -3.730233e+02]
sigmaDot=[ ... 
  -6.765361e+00  -5.446334e+00   1.096242e+01;
  -4.033779e+00   8.376922e+00  -6.281676e+00;
   8.117229e+00  -3.574878e+00   1.830075e+01]
intgraE=[ ...  
   4.534545e+01  -1.806565e+01  -6.087469e-02;
  -1.806565e+01   1.188994e+01   8.609241e-03;
  -6.087469e-02   8.609241e-03  -4.998743e-01]
E=[ ...        
   1.860398e+05  -5.375740e+04  -1.990401e+00;
  -5.375740e+04   8.833718e+05   1.414761e+00;
  -1.990401e+00   1.414761e+00  -4.997947e-01]
e=[ ...        
  -4.166889e+01  -3.791200e+00  -2.361230e+02;
  -3.791200e+00   1.591507e-01  -2.122867e+01;
  -2.361230e+02  -2.122867e+01  -1.321661e+03]
intgraF=[ ...  
   6.094203e+00  -3.971777e+00  -3.535804e-03;
  -5.122080e-01   2.635206e+00  -6.447198e-03;
  -7.368122e+00   1.435468e+00   1.404751e-02]
F=[ ...        
   5.030963e+02  -8.534396e+02  -2.702800e-03;
  -3.344223e+02  -1.004976e+03   2.814621e-03;
  -8.447780e+01   1.685506e+02   1.988406e-02]
R=[ ...        
   7.723999e-01  -6.103286e-01   1.757765e-01;
  -6.221166e-01  -7.827650e-01   1.580971e-02;
  -1.279426e-01   1.215649e-01   9.843031e-01]
U=[ ...        
   6.074495e+02  -5.554949e+01  -6.382683e-03;
  -5.554949e+01   1.328028e+03   1.863614e-03;
  -6.382683e-03   1.863614e-03   1.914135e-02]
l=[ ...        
   1.701876e-02   2.360173e-03  -7.325934e-04;
   1.596353e-02   2.213584e-03  -6.868971e-04;
  -1.413236e-04  -2.015115e-05   6.599106e-06]
d=[ ...        
   1.701876e-02   9.161853e-03  -4.369585e-04;
   9.161853e-03   2.213584e-03  -3.535241e-04;
  -4.369585e-04  -3.535241e-04   6.599106e-06]
     iteration=        3500000       process=              1       (i,j,k)=              0              0              1       (x,y,z)=   5.000000e-03   5.000000e-03   1.575983e-02     particles=             46
fabric=[ ...   
   3.546013e-01  -9.976436e-03   2.483709e-02;
  -9.976436e-03   3.200316e-01   3.457356e-03;
   2.483709e-02   3.457356e-03   3.253672e-01]
sigma=[ ...    
  -6.659491e+01   8.000740e+00   9.490757e-01;
   8.000595e+00  -7.674783e+01   1.479483e+00;
   9.491323e-01   1.479539e+00  -1.060678e+02]
sigmaDot=[ ... 
   2.980268e+01  -1.320734e+01  -3.121057e+01;
  -1.459338e+01   9.393054e+00   1.301602e+00;
  -3.198018e+01  -2.702379e+00  -4.168209e+00]
intgraE=[ ...  
   9.541120e-02  -6.456882e-02  -6.784941e-01;
  -6.456882e-02   1.150405e-02   3.409816e-01;
  -6.784941e-01   3.409816e-01   3.604721e+00]
E=[ ...        
   6.649840e+05  -8.275410e+05   3.175635e+00;
  -8.275410e+05   1.803571e+06  -2.435672e+01;
   3.175635e+00  -2.435672e+01  -4.994458e-01]
e=[ ...        
  -1.548284e+05  -7.115772e+04   1.213486e+05;
  -7.115772e+04  -3.270283e+04   5.577052e+04;
   1.213486e+05   5.577052e+04  -9.510757e+04]
intgraF=[ ...  
   9.981294e-01   3.866390e-04  -9.610504e-02;
  -3.448879e-02   9.878713e-01   6.129189e-02;
  -4.397393e-01   2.170674e-01   2.862944e+00]
F=[ ...        
   4.045324e+02  -1.217120e+03   1.976895e-02;
  -1.073970e+03   1.174091e+03  -1.298039e-03;
  -1.136228e+02  -8.644495e+02   2.675489e-02]
R=[ ...        
   6.245659e-03  -6.724523e-01  -7.401141e-01;
  -8.660895e-01   3.663228e-01  -3.401420e-01;
  -4.998499e-01  -6.431294e-01   5.801160e-01]
U=[ ...        
   9.894754e+02  -5.923744e+02  -1.212574e-02;
  -5.923744e+02   1.804504e+03  -3.097603e-02;
  -1.212574e-02  -3.097603e-02   1.331180e-03]
l=[ ...        
   1.114671e-06  -2.089093e-07  -5.683675e-07;
  -1.132993e-07   3.046928e-08   2.249086e-07;
   6.232623e-07  -8.702877e-08   1.083595e-07]
d=[ ...        
   1.114671e-06  -1.611043e-07   2.744737e-08;
  -1.611043e-07   3.046928e-08   6.893992e-08;
   2.744737e-08   6.893992e-08   1.083595e-07]
     iteration=        3500000       process=              2       (i,j,k)=              0              1              0       (x,y,z)=   5.000000e-03   1.500000e-02   5.253276e-03     particles=             81
fabric=[ ...   
   3.310380e-01  -4.756092e-04   1.680651e-03;
  -4.756092e-04   3.223769e-01   1.541351e-02;
   1.680651e-03   1.541351e-02   3.465851e-01]
sigma=[ ...    
  -2.983298e+02  -7.127673e+00   2.963741e+01;
  -7.127811e+00  -2.536621e+02  -3.485539e+01;
   2.963739e+01  -3.485522e+01  -2.910217e+02]
sigmaDot=[ ... 
   1.588451e-01   4.865890e+00  -2.644902e-01;
   4.572637e+00  -1.062443e+00  -4.223528e-01;
  -1.307093e-01   1.267387e-01  -2.783808e+00]
intgraE=[ ...  
   1.494357e+01  -1.573157e+01  -2.006843e-01;
  -1.573157e+01   1.588596e+01   2.068413e-01;
  -2.006843e-01   2.068413e-01  -4.973758e-01]
E=[ ...        
   3.428499e+05   1.217718e+05   6.584431e+02;
   1.217718e+05   1.984271e+05   3.942021e+01;
   6.584431e+02   3.942021e+01   1.010176e+00]
e=[ ...        
  -6.232138e+01   6.104163e+01   1.410705e+01;
   6.104163e+01  -5.881231e+01  -1.370739e+01;
   1.410705e+01  -1.370739e+01  -2.667852e+00]
intgraF=[ ...  
   4.292796e+00  -4.910851e+00  -5.941417e-02;
   1.162493e+00  -9.054986e-01  -1.383876e-02;
   3.332814e+00  -2.799203e+00  -3.907452e-02]
F=[ ...        
  -4.847334e+02   4.784991e+01  -1.251343e+00;
  -3.692914e+02   1.877747e+02  -1.065401e+00;
  -5.606765e+02  -5.994216e+02  -5.651654e-01]
R=[ ...        
  -6.529613e-01   2.638508e-01  -7.099467e-01;
  -5.567732e-01   4.682517e-01   6.861078e-01;
  -5.134639e-01  -8.432811e-01   1.588452e-01]
U=[ ...        
   8.100108e+02   1.719893e+02   1.700457e+00;
   1.719893e+02   6.060320e+02  -3.524504e-01;
   1.700457e+00  -3.524504e-01   6.763354e-02]
l=[ ...        
  -3.176559e-03   3.835060e-04   3.600365e-03;
   1.080065e-02  -3.719833e-04   1.901513e-04;
  -6.727553e-05  -6.560979e-06  -1.209214e-04]
d=[ ...        
  -3.176559e-03   5.592078e-03   1.766545e-03;
   5.592078e-03  -3.719833e-04   9.179516e-05;
   1.766545e-03   9.179516e-05  -1.209214e-04]
     iteration=        3500000       process=              3       (i,j,k)=              0              1              1       (x,y,z)=   5.000000e-03   1.500000e-02   1.575983e-02     particles=             39
fabric=[ ...   
   3.401093e-01   1.705451e-02   1.985701e-02;
   1.705451e-02   3.266007e-01   1.344714e-03;
   1.985701e-02   1.344714e-03   3.332899e-01]
sigma=[ ...    
  -1.011482e+02  -1.034024e+01  -9.127940e+00;
  -1.034145e+01  -8.798246e+01  -1.370487e+00;
  -9.125552e+00  -1.370821e+00  -1.335839e+02]
sigmaDot=[ ... 
   4.400455e-01   7.983679e+00   4.907182e+00;
   6.472117e+00  -6.245026e-01  -2.879952e+00;
   4.703290e+00  -2.992127e+00   4.189244e+00]
intgraE=[ ...  
  -4.111339e-02   7.395219e-02  -3.250967e-02;
   7.395219e-02   7.158015e-02  -4.380867e-02;
  -3.250967e-02  -4.380867e-02  -1.447513e-01]
E=[ ...        
   5.584128e+05  -5.648769e+05   8.691647e+00;
  -5.648769e+05   8.730500e+05  -2.174463e+00;
   8.691647e+00  -2.174463e+00  -4.995796e-01]
e=[ ...        
  -5.454100e+00   5.080389e+01   8.954479e+01;
   5.080389e+01  -4.329888e+02  -7.640492e+02;
   8.954479e+01  -7.640492e+02  -1.346181e+03]
intgraF=[ ...  
   9.471465e-01  -1.347518e-04  -9.096779e-02;
   1.362075e-01   1.067701e+00  -1.257955e-01;
   4.619818e-02   5.634630e-02   8.284913e-01]
F=[ ...        
  -5.270112e+02  -1.386279e+02  -2.390665e-02;
  -8.113175e+02   1.138988e+03   2.597453e-03;
   4.252643e+02  -6.554309e+02   1.620540e-02]
R=[ ...        
  -8.664255e-01  -4.959519e-01  -5.778033e-02;
  -4.568286e-01   7.406825e-01   4.926430e-01;
   2.015303e-01  -4.532341e-01   8.683112e-01]
U=[ ...        
   9.129526e+02  -5.323008e+02   2.279262e-02;
  -5.323008e+02   1.209445e+03   6.435595e-03;
   2.279262e-02   6.435595e-03   1.673228e-02]
l=[ ...        
   3.059653e-08   1.469827e-07   1.514893e-07;
   9.853359e-09  -7.027550e-08  -9.104970e-09;
   6.471410e-08   1.012390e-08   1.401248e-07]
d=[ ...        
   3.059653e-08   7.841803e-08   1.081017e-07;
   7.841803e-08  -7.027550e-08   5.094671e-10;
   1.081017e-07   5.094671e-10   1.401248e-07]
     iteration=        3500000       process=              4       (i,j,k)=              1              0              0       (x,y,z)=   1.500000e-02   5.000000e-03   5.253276e-03     particles=             77
fabric=[ ...   
   3.322130e-01   4.588308e-03  -1.145369e-02;
   4.588308e-03   3.198917e-01   2.026000e-02;
  -1.145369e-02   2.026000e-02   3.478953e-01]
sigma=[ ...    
  -2.896028e+02   1.831688e+01  -3.926146e+00;
   1.831827e+01  -2.594354e+02  -4.825579e+01;
  -3.915970e+00  -4.823621e+01  -3.707794e+02]
sigmaDot=[ ... 
   4.286010e+01   6.867575e+01  -9.583949e+00;
   5.766079e+01   7.796709e+00   1.432886e+02;
  -1.416972e+02  -2.553768e+02  -7.344417e+01]
intgraE=[ ...  
   1.997166e+01  -1.506914e+00   1.549229e-02;
  -1.506914e+00   2.806975e+00   2.983740e-02;
   1.549229e-02   2.983740e-02  -4.996866e-01]
E=[ ...        
   1.458653e+06  -7.916192e+05   8.648091e+00;
  -7.916192e+05   4.651852e+05  -4.766032e+00;
   8.648091e+00  -4.766032e+00  -4.996759e-01]
e=[ ...        
  -7.130264e+02   2.837026e+02   2.542331e+02;
   2.837026e+02  -1.123019e+02  -1.010847e+02;
   2.542331e+02  -1.010847e+02  -9.008453e+01]
intgraF=[ ...  
   4.235400e+00   9.829416e-01   1.482428e-02;
   8.721454e-01   1.543400e+00   1.753227e-02;
   4.716363e+00  -1.807123e+00  -9.984994e-03]
F=[ ...        
  -7.197041e+00  -1.217070e+02  -2.038581e-02;
  -1.149868e+03   4.504155e+02   1.727931e-03;
   1.262956e+03  -8.442065e+02   1.515203e-02]
R=[ ...        
  -2.039281e-01  -4.245347e-01  -8.821472e-01;
  -8.860277e-01  -3.032060e-01   3.507436e-01;
   4.163752e-01  -8.531333e-01   3.143172e-01]
U=[ ...        
   1.546146e+03  -7.257677e+02   8.935176e-03;
  -7.257677e+02   6.353208e+02  -4.796143e-03;
   8.935176e-03  -4.796143e-03   2.335189e-02]
l=[ ...        
   8.096640e-07  -4.988452e-04  -3.882949e-04;
   1.165252e-06  -7.614658e-05  -6.087913e-05;
   3.588291e-07   2.802094e-05  -4.574843e-06]
d=[ ...        
   8.096640e-07  -2.488400e-04  -1.939680e-04;
  -2.488400e-04  -7.614658e-05  -1.642910e-05;
  -1.939680e-04  -1.642910e-05  -4.574843e-06]
     iteration=        3500000       process=              5       (i,j,k)=              1              0              1       (x,y,z)=   1.500000e-02   5.000000e-03   1.575983e-02     particles=             35
fabric=[ ...   
   3.330019e-01   1.096332e-02   3.956541e-03;
   1.096332e-02   3.613500e-01   2.199406e-03;
   3.956541e-03   2.199406e-03   3.056481e-01]
sigma=[ ...    
  -1.116717e+02  -2.278507e+00   1.368043e+00;
  -2.278922e+00  -1.194911e+02   1.543719e+01;
   1.368477e+00   1.543673e+01  -1.341602e+02]
sigmaDot=[ ... 
  -3.660500e+01  -2.510090e+01  -2.411936e+01;
  -3.775826e+01   5.971379e+00   2.511013e+01;
  -4.501670e+01   9.591689e+00  -9.019877e+00]
intgraE=[ ...  
  -9.614607e-03   1.044757e-02  -6.499423e-02;
   1.044757e-02   4.347372e-02   1.493198e-01;
  -6.499423e-02   1.493198e-01  -4.027498e-01]
E=[ ...        
   1.446285e+06  -4.948990e+05  -6.632022e+03;
  -4.948990e+05   9.678354e+05   9.123866e+03;
  -6.632022e+03   9.123866e+03   1.197082e+02]
e=[ ...        
   4.994273e-01  -2.034182e-03   3.976826e-04;
  -2.034182e-03   4.927722e-01   1.413319e-03;
   3.976826e-04   1.413319e-03   4.997233e-01]
intgraF=[ ...  
   9.892159e-01   2.952775e-02  -1.144070e-01;
   2.639676e-03   1.015634e+00   2.124687e-01;
  -4.707103e-02   2.335858e-01   3.691455e-01]
F=[ ...        
  -1.124084e+03   1.271325e+03   1.067151e+01;
   5.422836e+02  -2.595662e+02  -1.056539e+01;
   1.155394e+03   5.020250e+02   3.861074e+00]
R=[ ...        
  -5.138168e-01   8.180651e-01  -2.583830e-01;
   3.000325e-01  -1.108088e-01  -9.474713e-01;
   8.037243e-01   5.643500e-01   1.885107e-01]
U=[ ...        
   1.668894e+03  -3.276169e+02  -5.549921e+00;
  -3.276169e+02   1.352107e+03   1.207972e+01;
  -5.549921e+00   1.207972e+01   7.980925e+00]
l=[ ...        
  -5.999823e-08  -2.714804e-06  -4.341589e-06;
   5.789956e-07   4.805048e-07   7.501942e-07;
   1.372583e-06   1.289951e-06   1.083217e-06]
d=[ ...        
  -5.999823e-08  -1.067904e-06  -1.484503e-06;
  -1.067904e-06   4.805048e-07   1.020072e-06;
  -1.484503e-06   1.020072e-06   1.083217e-06]
     iteration=        3500000       process=              6       (i,j,k)=              1              1              0       (x,y,z)=   1.500000e-02   1.500000e-02   5.253276e-03     particles=             70
fabric=[ ...   
   3.123561e-01  -2.807317e-03   9.986589e-03;
  -2.807317e-03   3.305547e-01   2.250977e-02;
   9.986589e-03   2.250977e-02   3.570892e-01]
sigma=[ ...    
  -3.142420e+02  -4.056317e+01   1.808179e+01;
  -4.056965e+01  -3.491599e+02   2.114773e+01;
   1.808257e+01   2.113906e+01  -3.554716e+02]
sigmaDot=[ ... 
   1.891303e+01  -1.391381e-01   1.007377e+00;
   1.016856e+00   2.384496e+01  -4.827446e-01;
   1.875284e+00  -2.411508e-01   1.796532e+01]
intgraE=[ ...  
   3.561561e-01  -8.500154e-01  -3.522883e-02;
  -8.500154e-01   3.536781e-01   3.691117e-02;
  -3.522883e-02   3.691117e-02  -4.981665e-01]
E=[ ...        
   1.117730e+06  -8.900736e+05  -5.947714e-02;
  -8.900736e+05   7.363801e+05   9.867560e-01;
  -5.947714e-02   9.867560e-01  -4.999361e-01]
e=[ ...        
  -5.942304e+02  -1.390542e+03   1.539115e+03;
  -1.390542e+03  -3.250732e+03   3.598612e+03;
   1.539115e+03   3.598612e+03  -3.982607e+03]
intgraF=[ ...  
   4.849986e-01  -6.112774e-01  -4.568213e-02;
  -1.111671e+00   1.056148e+00   3.603704e-02;
  -4.911978e-01   4.671704e-01   1.677643e-02]
F=[ ...        
   6.106287e+02  -2.818242e+02   4.724101e-03;
  -1.121680e+03   9.279857e+02  -3.906720e-03;
  -7.774493e+02   7.295060e+02   9.499933e-03]
R=[ ...        
   8.297698e-01   4.853238e-01  -2.755774e-01;
  -5.340941e-01   5.472403e-01  -6.444157e-01;
  -1.619432e-01   6.819009e-01   7.132921e-01]
U=[ ...        
   1.231667e+03  -8.476194e+02   4.468023e-03;
  -8.476194e+02   8.685060e+02   6.632818e-03;
   4.468023e-03   6.632818e-03   7.991923e-03]
l=[ ...        
   5.218427e-03   9.955951e-03  -2.481711e-02;
   3.684476e-02   2.787166e-02  -1.346859e-01;
  -2.526030e-03  -5.193641e-03   1.871551e-02]
d=[ ...        
   5.218427e-03   2.340035e-02  -1.367157e-02;
   2.340035e-02   2.787166e-02  -6.993978e-02;
  -1.367157e-02  -6.993978e-02   1.871551e-02]
     iteration=        3500000       process=              7       (i,j,k)=              1              1              1       (x,y,z)=   1.500000e-02   1.500000e-02   1.575983e-02     particles=             48
fabric=[ ...   
   3.295687e-01  -1.015339e-02  -9.363664e-03;
  -1.015339e-02   3.120910e-01  -6.333301e-03;
  -9.363664e-03  -6.333301e-03   3.583403e-01]
sigma=[ ...    
  -7.722777e+01   5.016054e-01   1.205461e+01;
   5.016155e-01  -7.536353e+01   4.098617e+00;
   1.205460e+01   4.098613e+00  -1.002289e+02]
sigmaDot=[ ... 
  -1.654391e+00   3.024076e-01   7.611072e-01;
   7.006739e-01  -2.198528e+00  -1.527230e-01;
   2.713309e+00   1.124485e-01   5.478301e+00]
intgraE=[ ...  
   1.740593e-02   7.398292e-02  -9.779643e-02;
   7.398292e-02   1.064830e-02  -3.851894e-02;
  -9.779643e-02  -3.851894e-02  -4.664300e-01]
E=[ ...        
   6.940563e+05  -5.277906e+05   1.521941e+01;
  -5.277906e+05   4.208986e+05  -1.237949e+01;
   1.521941e+01  -1.237949e+01  -4.996319e-01]
e=[ ...        
  -2.903035e+04  -1.319575e+04  -7.425356e+04;
  -1.319575e+04  -5.997521e+03  -3.375137e+04;
  -7.425356e+04  -3.375137e+04  -1.899212e+05]
intgraF=[ ...  
   1.008011e+00   2.683121e-02  -1.737981e-01;
   1.045809e-01   9.911030e-01  -3.574202e-02;
  -8.825153e-02  -1.956822e-01   1.888298e-01]
F=[ ...        
  -6.868624e+02   6.663999e+02  -2.046772e-02;
  -8.595599e+02   5.223412e+02  -1.319020e-02;
   4.212961e+02  -3.533681e+02   1.196912e-02]
R=[ ...        
  -9.087298e-02   9.288243e-01   3.592039e-01;
  -9.737723e-01  -1.584258e-01   1.633060e-01;
   2.085898e-01  -3.349427e-01   9.188600e-01]
U=[ ...        
   9.873109e+02  -6.429081e+02   1.720085e-02;
  -6.429081e+02   6.545742e+02  -2.093021e-02;
   1.720085e-02  -2.093021e-02   1.491818e-03]
l=[ ...        
  -1.421712e-08   1.099250e-07   3.920568e-08;
   1.042735e-07  -6.115553e-08  -1.462124e-07;
   1.489367e-07  -2.922089e-07   1.701403e-07]
d=[ ...        
  -1.421712e-08   1.070992e-07   9.407121e-08;
   1.070992e-07  -6.115553e-08  -2.192107e-07;
   9.407121e-08  -2.192107e-07   1.701403e-07]
