     iteration=        2850000       process=              0       (i,j,k)=              0              0              0       (x,y,z)=   5.000000e-03   5.000000e-03   5.253276e-03     particles=             80
fabric=[ ...   
   3.406638e-01   6.655725e-03  -4.434193e-04;
   6.655725e-03   3.072904e-01   6.101222e-04;
  -4.434193e-04   6.101222e-04   3.520458e-01]
sigma=[ ...    
  -3.167161e+02  -2.421156e+01   2.401034e+01;
  -2.421154e+01  -2.444669e+02  -2.607917e+01;
   2.401010e+01  -2.607905e+01  -3.730268e+02]
sigmaDot=[ ... 
   9.162277e+00  -8.003223e+00   4.735341e+00;
  -6.357356e+00   7.875829e+00   4.321565e+00;
   1.120272e+00   3.248516e+00  -3.754169e+00]
intgraE=[ ...  
   4.535771e+01  -1.807094e+01  -6.088971e-02;
  -1.807094e+01   1.189197e+01   8.616503e-03;
  -6.088971e-02   8.616503e-03  -4.998743e-01]
E=[ ...        
   1.874640e+05  -5.078075e+04  -1.983398e+00;
  -5.078075e+04   8.860990e+05   1.446768e+00;
  -1.983398e+00   1.446768e+00  -4.997944e-01]
e=[ ...        
  -4.094121e+01  -4.409884e+00  -2.338438e+02;
  -4.409884e+00   3.073014e-02  -2.488402e+01;
  -2.338438e+02  -2.488402e+01  -1.319030e+03]
intgraF=[ ...  
   6.096409e+00  -3.973053e+00  -3.537555e-03;
  -5.102208e-01   2.634056e+00  -6.448775e-03;
  -7.368100e+00   1.435455e+00   1.404749e-02]
F=[ ...        
   5.034394e+02  -8.520372e+02  -2.729089e-03;
  -3.385505e+02  -1.008626e+03   2.790497e-03;
  -8.283381e+01   1.700168e+02   1.989696e-02]
R=[ ...        
   7.728660e-01  -6.101163e-01   1.744599e-01;
  -6.220910e-01  -7.827247e-01   1.857131e-02;
  -1.252234e-01   1.228831e-01   9.844891e-01]
U=[ ...        
   6.100731e+02  -5.234364e+01  -6.336728e-03;
  -5.234364e+01   1.330210e+03   1.925870e-03;
  -6.336728e-03   1.925870e-03   1.916405e-02]
l=[ ...        
   6.676682e-03   9.248646e-04  -2.865657e-04;
   5.962118e-03   8.263890e-04  -2.564998e-04;
   9.248490e-05   1.311616e-05  -4.198492e-06]
d=[ ...        
   6.676682e-03   3.443491e-03  -9.704041e-05;
   3.443491e-03   8.263890e-04  -1.216918e-04;
  -9.704041e-05  -1.216918e-04  -4.198492e-06]
     iteration=        2850000       process=              1       (i,j,k)=              0              0              1       (x,y,z)=   5.000000e-03   5.000000e-03   1.575983e-02     particles=             46
fabric=[ ...   
   3.564787e-01  -1.130125e-02   2.350287e-02;
  -1.130125e-02   3.196542e-01   3.392486e-04;
   2.350287e-02   3.392486e-04   3.238671e-01]
sigma=[ ...    
  -6.730536e+01   8.019452e+00   7.447561e-01;
   8.019586e+00  -7.668723e+01   1.511230e+00;
   7.447403e-01   1.511143e+00  -1.060247e+02]
sigmaDot=[ ... 
  -1.580654e+01   9.280475e+00   1.509600e+01;
   1.233337e+01  -8.805874e+00   4.519979e+00;
   1.697537e+01   5.929603e+00  -1.099097e+00]
intgraE=[ ...  
   9.541100e-02  -6.456876e-02  -6.784939e-01;
  -6.456876e-02   1.150404e-02   3.409815e-01;
  -6.784939e-01   3.409815e-01   3.604720e+00]
E=[ ...        
   6.649840e+05  -8.275411e+05   3.175638e+00;
  -8.275411e+05   1.803571e+06  -2.435673e+01;
   3.175638e+00  -2.435673e+01  -4.994458e-01]
e=[ ...        
  -1.548066e+05  -7.114772e+04   1.213315e+05;
  -7.114772e+04  -3.269824e+04   5.576268e+04;
   1.213315e+05   5.576268e+04  -9.509420e+04]
intgraF=[ ...  
   9.981292e-01   3.866859e-04  -9.610475e-02;
  -3.448873e-02   9.878713e-01   6.129171e-02;
  -4.397393e-01   2.170674e-01   2.862944e+00]
F=[ ...        
   4.045325e+02  -1.217120e+03   1.976895e-02;
  -1.073970e+03   1.174091e+03  -1.298042e-03;
  -1.136228e+02  -8.644495e+02   2.675489e-02]
R=[ ...        
   6.245680e-03  -6.724523e-01  -7.401141e-01;
  -8.660895e-01   3.663227e-01  -3.401420e-01;
  -4.998499e-01  -6.431295e-01   5.801160e-01]
U=[ ...        
   9.894754e+02  -5.923744e+02  -1.212574e-02;
  -5.923744e+02   1.804504e+03  -3.097603e-02;
  -1.212574e-02  -3.097603e-02   1.331181e-03]
l=[ ...        
  -2.848938e-07  -1.642431e-07   1.152096e-07;
  -6.906466e-08   1.688150e-08  -2.532529e-08;
  -4.521694e-08   2.206157e-08  -2.777936e-07]
d=[ ...        
  -2.848938e-07  -1.166539e-07   3.499633e-08;
  -1.166539e-07   1.688150e-08  -1.631858e-09;
   3.499633e-08  -1.631858e-09  -2.777936e-07]
     iteration=        2850000       process=              2       (i,j,k)=              0              1              0       (x,y,z)=   5.000000e-03   1.500000e-02   5.253276e-03     particles=             81
fabric=[ ...   
   3.310415e-01  -4.778368e-04   1.633828e-03;
  -4.778368e-04   3.223701e-01   1.541864e-02;
   1.633828e-03   1.541864e-02   3.465884e-01]
sigma=[ ...    
  -2.983098e+02  -7.133538e+00   2.962763e+01;
  -7.133646e+00  -2.536575e+02  -3.484329e+01;
   2.962764e+01  -3.484320e+01  -2.910485e+02]
sigmaDot=[ ... 
   3.523779e+00  -4.368675e+00   7.699853e-01;
  -3.724066e+00  -1.151078e+00  -1.496036e-01;
   5.348390e-01  -5.253894e-01  -4.850439e-01]
intgraE=[ ...  
   1.494372e+01  -1.573178e+01  -2.006865e-01;
  -1.573178e+01   1.588623e+01   2.068443e-01;
  -2.006865e-01   2.068443e-01  -4.973758e-01]
E=[ ...        
   3.428149e+05   1.217451e+05   6.584319e+02;
   1.217451e+05   1.983893e+05   3.940306e+01;
   6.584319e+02   3.940306e+01   1.010237e+00]
e=[ ...        
  -6.314046e+01   6.183426e+01   1.428944e+01;
   6.183426e+01  -5.957932e+01  -1.388388e+01;
   1.428944e+01  -1.388388e+01  -2.708462e+00]
intgraF=[ ...  
   4.292889e+00  -4.910949e+00  -5.941540e-02;
   1.162279e+00  -9.052585e-01  -1.383584e-02;
   3.332814e+00  -2.799204e+00  -3.907453e-02]
F=[ ...        
  -4.847064e+02   4.784603e+01  -1.251063e+00;
  -3.693085e+02   1.877527e+02  -1.065766e+00;
  -5.606261e+02  -5.993657e+02  -5.652057e-01]
R=[ ...        
  -6.529462e-01   2.638354e-01  -7.099663e-01;
  -5.568028e-01   4.682419e-01   6.860904e-01;
  -5.134509e-01  -8.432914e-01   1.588325e-01]
U=[ ...        
   8.099732e+02   1.719628e+02   1.700504e+00;
   1.719628e+02   6.059771e+02  -3.524779e-01;
   1.700504e+00  -3.524779e-01   6.722787e-02]
l=[ ...        
  -3.852865e-03   5.958179e-04   6.110436e-03;
   1.377603e-02  -5.038102e-04  -1.514728e-04;
  -3.622884e-05  -8.734661e-06  -1.340119e-04]
d=[ ...        
  -3.852865e-03   7.185922e-03   3.037104e-03;
   7.185922e-03  -5.038102e-04  -8.010375e-05;
   3.037104e-03  -8.010375e-05  -1.340119e-04]
     iteration=        2850000       process=              3       (i,j,k)=              0              1              1       (x,y,z)=   5.000000e-03   1.500000e-02   1.575983e-02     particles=             39
fabric=[ ...   
   3.401424e-01   1.696034e-02   1.976785e-02;
   1.696034e-02   3.265556e-01   1.301766e-03;
   1.976785e-02   1.301766e-03   3.333020e-01]
sigma=[ ...    
  -1.011414e+02  -1.032343e+01  -9.155043e+00;
  -1.032483e+01  -8.795918e+01  -1.335328e+00;
  -9.151268e+00  -1.335766e+00  -1.335973e+02]
sigmaDot=[ ... 
  -1.007577e+01   2.366903e+01   5.358160e-01;
   2.416423e-02   5.657088e+00   5.339101e+00;
  -6.824725e+00   1.146463e+01  -1.866585e+00]
intgraE=[ ...  
  -4.111339e-02   7.395219e-02  -3.250967e-02;
   7.395219e-02   7.158015e-02  -4.380867e-02;
  -3.250967e-02  -4.380867e-02  -1.447513e-01]
E=[ ...        
   5.583912e+05  -5.791361e+05   7.751489e+00;
  -5.791361e+05   9.146091e+05  -4.283213e-01;
   7.751489e+00  -4.283213e-01  -4.995272e-01]
e=[ ...        
   3.940525e-01   5.674226e+00   1.069549e+01;
   5.674226e+00  -3.033998e+02  -5.728282e+02;
   1.069549e+01  -5.728282e+02  -1.079238e+03]
intgraF=[ ...  
   9.471465e-01  -1.347481e-04  -9.096779e-02;
   1.362075e-01   1.067701e+00  -1.257955e-01;
   4.619818e-02   5.634628e-02   8.284913e-01]
F=[ ...        
  -5.269823e+02  -1.402624e+02  -2.413209e-02;
  -8.113360e+02   1.187743e+03   6.039814e-03;
   4.252141e+02  -6.315167e+02   1.807587e-02]
R=[ ...        
  -8.709139e-01  -4.913569e-01  -8.796010e-03;
  -4.376620e-01   7.673520e-01   4.686394e-01;
   2.235196e-01  -4.119942e-01   8.833458e-01]
U=[ ...        
   9.090908e+02  -5.388296e+02   2.241388e-02;
  -5.388296e+02   1.240517e+03   9.044980e-03;
   2.241388e-02   9.044980e-03   1.901000e-02]
l=[ ...        
   6.352581e-08   5.190332e-08   5.075089e-08;
  -9.069470e-08   4.108698e-08   2.601967e-08;
   5.456568e-08   1.625394e-07  -7.723953e-08]
d=[ ...        
   6.352581e-08  -1.939569e-08   5.265829e-08;
  -1.939569e-08   4.108698e-08   9.427954e-08;
   5.265829e-08   9.427954e-08  -7.723953e-08]
     iteration=        2850000       process=              4       (i,j,k)=              1              0              0       (x,y,z)=   1.500000e-02   5.000000e-03   5.253276e-03     particles=             77
fabric=[ ...   
   3.321797e-01   4.593945e-03  -1.141676e-02;
   4.593945e-03   3.199350e-01   2.028751e-02;
  -1.141676e-02   2.028751e-02   3.478853e-01]
sigma=[ ...    
  -2.894006e+02   1.830632e+01  -3.957725e+00;
   1.830825e+01  -2.592044e+02  -4.833078e+01;
  -3.954200e+00  -4.832535e+01  -3.701028e+02]
sigmaDot=[ ... 
  -1.105052e+02   7.710805e+01   8.525565e+01;
   1.149427e+02   1.534715e+01  -2.144041e+01;
  -1.332679e+00  -1.325606e+02  -9.393904e+01]
intgraE=[ ...  
   1.997194e+01  -1.506914e+00   1.549270e-02;
  -1.506914e+00   2.806995e+00   2.983761e-02;
   1.549270e-02   2.983761e-02  -4.996866e-01]
E=[ ...        
   1.458599e+06  -7.915724e+05   8.648111e+00;
  -7.915724e+05   4.651468e+05  -4.766098e+00;
   8.648111e+00  -4.766098e+00  -4.996759e-01]
e=[ ...        
  -7.130777e+02   2.837044e+02   2.542202e+02;
   2.837044e+02  -1.122953e+02  -1.010729e+02;
   2.542202e+02  -1.010729e+02  -9.006887e+01]
intgraF=[ ...  
   4.235462e+00   9.829367e-01   1.482434e-02;
   8.721555e-01   1.543402e+00   1.753231e-02;
   4.716364e+00  -1.807135e+00  -9.985112e-03]
F=[ ...        
  -7.230663e+00  -1.216736e+02  -2.038554e-02;
  -1.149858e+03   4.504050e+02   1.728005e-03;
   1.262922e+03  -8.441715e+02   1.515199e-02]
R=[ ...        
  -2.039289e-01  -4.244973e-01  -8.821649e-01;
  -8.860325e-01  -3.032104e-01   3.507277e-01;
   4.163645e-01  -8.531503e-01   3.142851e-01]
U=[ ...        
   1.546122e+03  -7.257438e+02   8.934886e-03;
  -7.257438e+02   6.352878e+02  -4.797267e-03;
   8.934886e-03  -4.797267e-03   2.335152e-02]
l=[ ...        
  -1.006641e-06   5.146311e-04   3.749064e-04;
   8.072725e-07   7.846757e-05   5.800267e-05;
  -4.446590e-07   2.961807e-05  -5.967351e-06]
d=[ ...        
  -1.006641e-06   2.577192e-04   1.872309e-04;
   2.577192e-04   7.846757e-05   4.381037e-05;
   1.872309e-04   4.381037e-05  -5.967351e-06]
     iteration=        2850000       process=              5       (i,j,k)=              1              0              1       (x,y,z)=   1.500000e-02   5.000000e-03   1.575983e-02     particles=             35
fabric=[ ...   
   3.330019e-01   1.096332e-02   3.956544e-03;
   1.096332e-02   3.613500e-01   2.199394e-03;
   3.956544e-03   2.199394e-03   3.056481e-01]
sigma=[ ...    
  -1.120572e+02  -1.573027e+00   9.564548e-01;
  -1.572975e+00  -1.197615e+02   1.524529e+01;
   9.561460e-01   1.524553e+01  -1.337055e+02]
sigmaDot=[ ... 
   2.404839e+01   1.591580e+01   1.380827e+01;
   1.778794e+01  -2.885743e+01  -2.532649e+01;
   1.776170e+01  -1.896252e+01   2.650100e+01]
intgraE=[ ...  
  -9.614577e-03   1.044758e-02  -6.499423e-02;
   1.044758e-02   4.347370e-02   1.493197e-01;
  -6.499423e-02   1.493197e-01  -4.027499e-01]
E=[ ...        
   1.446285e+06  -4.948988e+05  -6.632022e+03;
  -4.948988e+05   9.678349e+05   9.123866e+03;
  -6.632022e+03   9.123866e+03   1.197083e+02]
e=[ ...        
   4.994273e-01  -2.034181e-03   3.976825e-04;
  -2.034181e-03   4.927722e-01   1.413318e-03;
   3.976825e-04   1.413318e-03   4.997233e-01]
intgraF=[ ...  
   9.892159e-01   2.952779e-02  -1.144070e-01;
   2.639658e-03   1.015634e+00   2.124687e-01;
  -4.707107e-02   2.335857e-01   3.691454e-01]
F=[ ...        
  -1.124083e+03   1.271325e+03   1.067151e+01;
   5.422837e+02  -2.595664e+02  -1.056540e+01;
   1.155394e+03   5.020246e+02   3.861076e+00]
R=[ ...        
  -5.138166e-01   8.180652e-01  -2.583831e-01;
   3.000325e-01  -1.108089e-01  -9.474713e-01;
   8.037244e-01   5.643498e-01   1.885107e-01]
U=[ ...        
   1.668894e+03  -3.276168e+02  -5.549920e+00;
  -3.276168e+02   1.352107e+03   1.207973e+01;
  -5.549920e+00   1.207973e+01   7.980928e+00]
l=[ ...        
   2.932021e-08   1.725113e-06   2.868704e-06;
  -3.393850e-07   1.255293e-08  -4.527346e-07;
  -1.040547e-06  -5.434358e-07  -9.170569e-07]
d=[ ...        
   2.932021e-08   6.928640e-07   9.140786e-07;
   6.928640e-07   1.255293e-08  -4.980852e-07;
   9.140786e-07  -4.980852e-07  -9.170569e-07]
     iteration=        2850000       process=              6       (i,j,k)=              1              1              0       (x,y,z)=   1.500000e-02   1.500000e-02   5.253276e-03     particles=             70
fabric=[ ...   
   3.126280e-01  -2.326042e-03   1.072865e-02;
  -2.326042e-03   3.300361e-01   2.109607e-02;
   1.072865e-02   2.109607e-02   3.573359e-01]
sigma=[ ...    
  -3.139700e+02  -4.052373e+01   1.807341e+01;
  -4.052675e+01  -3.487346e+02   2.115289e+01;
   1.807300e+01   2.114647e+01  -3.551785e+02]
sigmaDot=[ ... 
  -6.298857e+01  -7.331465e+00   7.891709e+00;
  -7.129264e+00  -7.461591e+01   6.927202e-01;
   6.659938e+00   1.076251e-01  -7.051208e+01]
intgraE=[ ...  
   3.561856e-01  -8.500218e-01  -3.522544e-02;
  -8.500218e-01   3.536233e-01   3.689912e-02;
  -3.522544e-02   3.689912e-02  -4.981684e-01]
E=[ ...        
   1.252005e+06  -1.017516e+06   5.331681e-01;
  -1.017516e+06   8.568189e+05   4.585145e-01;
   5.331681e-01   4.585145e-01  -4.999360e-01]
e=[ ...        
  -4.399284e+02  -1.066472e+03   1.279023e+03;
  -1.066472e+03  -2.581901e+03   3.097082e+03;
   1.279023e+03   3.097082e+03  -3.713841e+03]
intgraF=[ ...  
   4.839582e-01  -6.100224e-01  -4.559491e-02;
  -1.112562e+00   1.057335e+00   3.613467e-02;
  -4.902661e-01   4.660065e-01   1.669049e-02]
F=[ ...        
   5.884882e+02  -2.601375e+02   4.559414e-03;
  -1.221499e+03   1.027998e+03  -4.800796e-03;
  -8.158632e+02   7.675852e+02   9.169423e-03]
R=[ ...        
   8.177859e-01   5.156273e-01  -2.556457e-01;
  -5.481225e-01   5.623693e-01  -6.191143e-01;
  -1.754650e-01   6.464281e-01   7.425246e-01]
U=[ ...        
   1.293944e+03  -9.108900e+02   4.751136e-03;
  -9.108900e+02   9.401692e+02   5.578510e-03;
   4.751136e-03   5.578510e-03   8.615169e-03]
l=[ ...        
  -3.887399e-02   6.560033e-03   4.264116e-03;
  -2.837880e-01  -1.768536e-01   1.245508e-01;
   2.510850e-02  -2.201892e-02   1.401992e-02]
d=[ ...        
  -3.887399e-02  -1.386140e-01   1.468631e-02;
  -1.386140e-01  -1.768536e-01   5.126596e-02;
   1.468631e-02   5.126596e-02   1.401992e-02]
     iteration=        2850000       process=              7       (i,j,k)=              1              1              1       (x,y,z)=   1.500000e-02   1.500000e-02   1.575983e-02     particles=             48
fabric=[ ...   
   3.295687e-01  -1.015338e-02  -9.363665e-03;
  -1.015338e-02   3.120910e-01  -6.333302e-03;
  -9.363665e-03  -6.333302e-03   3.583403e-01]
sigma=[ ...    
  -7.722860e+01   4.724121e-01   1.206710e+01;
   4.724111e-01  -7.539193e+01   4.092434e+00;
   1.206709e+01   4.092427e+00  -1.002006e+02]
sigmaDot=[ ... 
   2.153679e+00   5.713060e-01  -1.437682e+00;
  -3.020559e-01   2.445755e+00  -2.148670e-01;
  -2.957307e+00  -6.527088e-01   1.932872e+00]
intgraE=[ ...  
   1.740594e-02   7.398291e-02  -9.779643e-02;
   7.398291e-02   1.064827e-02  -3.851895e-02;
  -9.779643e-02  -3.851895e-02  -4.664300e-01]
E=[ ...        
   6.940563e+05  -5.277906e+05   1.521941e+01;
  -5.277906e+05   4.208986e+05  -1.237949e+01;
   1.521941e+01  -1.237949e+01  -4.996319e-01]
e=[ ...        
  -2.902024e+04  -1.319115e+04  -7.422770e+04;
  -1.319115e+04  -5.995433e+03  -3.373961e+04;
  -7.422770e+04  -3.373961e+04  -1.898551e+05]
intgraF=[ ...  
   1.008011e+00   2.683121e-02  -1.737981e-01;
   1.045809e-01   9.911030e-01  -3.574203e-02;
  -8.825155e-02  -1.956823e-01   1.888298e-01]
F=[ ...        
  -6.868624e+02   6.663999e+02  -2.046772e-02;
  -8.595599e+02   5.223412e+02  -1.319020e-02;
   4.212961e+02  -3.533681e+02   1.196912e-02]
R=[ ...        
  -9.087297e-02   9.288243e-01   3.592039e-01;
  -9.737723e-01  -1.584258e-01   1.633060e-01;
   2.085898e-01  -3.349427e-01   9.188600e-01]
U=[ ...        
   9.873109e+02  -6.429081e+02   1.720085e-02;
  -6.429081e+02   6.545742e+02  -2.093021e-02;
   1.720085e-02  -2.093021e-02   1.491818e-03]
l=[ ...        
  -5.900500e-08   1.080350e-07  -6.293728e-11;
   1.437851e-07  -3.330222e-08   5.871047e-08;
   1.360066e-08   1.572255e-08   1.285970e-07]
d=[ ...        
  -5.900500e-08   1.259101e-07   6.768862e-09;
   1.259101e-07  -3.330222e-08   3.721651e-08;
   6.768862e-09   3.721651e-08   1.285970e-07]
