     iteration=        1250000       process=              0       (i,j,k)=              0              0              0       (x,y,z)=   5.000000e-03   5.000000e-03   5.253277e-03     particles=             80
fabric=[ ...   
   3.382421e-01   4.849613e-03  -9.484943e-04;
   4.849613e-03   3.060912e-01  -6.290677e-04;
  -9.484943e-04  -6.290677e-04   3.556667e-01]
sigma=[ ...    
  -3.182058e+02  -2.439223e+01   2.345638e+01;
  -2.439212e+01  -2.439027e+02  -2.677777e+01;
   2.345136e+01  -2.677614e+01  -3.718890e+02]
sigmaDot=[ ... 
   9.594930e+02   6.039031e+02   9.913620e+02;
   3.721837e+02   2.506295e+02   7.813021e+02;
   9.087176e+02   5.166784e+02   3.397300e+03]
intgraE=[ ...  
   4.533512e+01  -1.806126e+01  -6.086183e-02;
  -1.806126e+01   1.188833e+01   8.603056e-03;
  -6.086183e-02   8.603056e-03  -4.998743e-01]
E=[ ...        
   1.863521e+05  -5.210888e+04  -1.987869e+00;
  -5.210888e+04   8.830588e+05   1.423188e+00;
  -1.987869e+00   1.423188e+00  -4.997946e-01]
e=[ ...        
  -4.153604e+01  -3.985970e+00  -2.356872e+02;
  -3.985970e+00   1.220388e-01  -2.234849e+01;
  -2.356872e+02  -2.234849e+01  -1.320948e+03]
intgraF=[ ...  
   6.092372e+00  -3.970717e+00  -3.534350e-03;
  -5.139159e-01   2.636193e+00  -6.445839e-03;
  -7.368117e+00   1.435463e+00   1.404751e-02]
F=[ ...        
   5.025057e+02  -8.522853e+02  -2.709733e-03;
  -3.363748e+02  -1.005566e+03   2.808777e-03;
  -8.393571e+01   1.690158e+02   1.988760e-02]
R=[ ...        
   7.722850e-01  -6.105388e-01   1.755514e-01;
  -6.224106e-01  -7.825137e-01   1.665276e-02;
  -1.272042e-01   1.221257e-01   9.843294e-01]
U=[ ...        
   6.081178e+02  -5.383202e+01  -6.370686e-03;
  -5.383202e+01   1.327863e+03   1.885279e-03;
  -6.370686e-03   1.885279e-03   1.914703e-02]
l=[ ...        
  -1.372929e-02  -3.079717e-03   3.053066e-03;
  -1.115927e-02  -3.162341e-03   5.012129e-03;
   3.299379e-05  -2.661123e-06   7.132001e-05]
d=[ ...        
  -1.372929e-02  -7.119495e-03   1.543030e-03;
  -7.119495e-03  -3.162341e-03   2.504734e-03;
   1.543030e-03   2.504734e-03   7.132001e-05]
     iteration=        1250000       process=              1       (i,j,k)=              0              0              1       (x,y,z)=   5.000000e-03   5.000000e-03   1.575983e-02     particles=             46
fabric=[ ...   
   3.472856e-01  -7.894026e-03   2.157952e-02;
  -7.894026e-03   3.182622e-01   1.165123e-03;
   2.157952e-02   1.165123e-03   3.344522e-01]
sigma=[ ...    
  -6.539664e+01   8.733234e+00  -7.288996e-01;
   8.864596e+00  -8.186413e+01  -7.841845e-01;
  -2.117416e-01  -9.934342e-01  -1.076330e+02]
sigmaDot=[ ... 
   7.499641e+03  -4.631473e+03   4.095599e+04;
   2.281813e+04  -1.348617e+03  -5.647206e+03;
  -1.620914e+04   2.274061e+02   1.789289e+04]
intgraE=[ ...  
   9.536140e-02  -6.457925e-02  -6.785591e-01;
  -6.457925e-02   1.154816e-02   3.411677e-01;
  -6.785591e-01   3.411677e-01   3.605575e+00]
E=[ ...        
   6.652082e+05  -8.274437e+05   3.178892e+00;
  -8.274437e+05   1.802985e+06  -2.435608e+01;
   3.178892e+00  -2.435608e+01  -4.994460e-01]
e=[ ...        
  -1.551938e+05  -7.133330e+04   1.216733e+05;
  -7.133330e+04  -3.278704e+04   5.592573e+04;
   1.216733e+05   5.592573e+04  -9.539207e+04]
intgraF=[ ...  
   9.980353e-01   4.553378e-04  -9.582446e-02;
  -3.452649e-02   9.879009e-01   6.140867e-02;
  -4.398366e-01   2.171356e-01   2.863249e+00]
F=[ ...        
   4.045340e+02  -1.217079e+03   1.977380e-02;
  -1.074163e+03   1.173803e+03  -1.304634e-03;
  -1.137656e+02  -8.642204e+02   2.674606e-02]
R=[ ...        
   6.229145e-03  -6.725488e-01  -7.400265e-01;
  -8.661249e-01   3.662427e-01  -3.401382e-01;
  -4.997888e-01  -6.430742e-01   5.802299e-01]
U=[ ...        
   9.897383e+02  -5.923136e+02  -1.211423e-02;
  -5.923136e+02   1.804200e+03  -3.097636e-02;
  -1.211423e-02  -3.097636e-02   1.329482e-03]
l=[ ...        
  -6.683230e-04   1.504497e-04   5.128750e-04;
   2.480599e-04  -4.588534e-04  -8.018206e-04;
   1.463996e-03  -4.571196e-05  -1.088522e-03]
d=[ ...        
  -6.683230e-04   1.992548e-04   9.884354e-04;
   1.992548e-04  -4.588534e-04  -4.237663e-04;
   9.884354e-04  -4.237663e-04  -1.088522e-03]
     iteration=        1250000       process=              2       (i,j,k)=              0              1              0       (x,y,z)=   5.000000e-03   1.500000e-02   5.253277e-03     particles=             81
fabric=[ ...   
   3.297036e-01   3.548755e-04   1.416391e-03;
   3.548755e-04   3.198396e-01   1.535483e-02;
   1.416391e-03   1.535483e-02   3.504568e-01]
sigma=[ ...    
  -2.954985e+02  -6.681743e+00   3.069378e+01;
  -6.585868e+00  -2.547124e+02  -3.484769e+01;
   3.069954e+01  -3.490826e+01  -2.886430e+02]
sigmaDot=[ ... 
   2.136445e+03  -1.199100e+03   5.260582e+04;
   1.122123e+03  -8.043269e+02   2.212302e+02;
  -7.299122e+03  -6.735040e+04  -1.529944e+03]
intgraE=[ ...  
   1.493953e+01  -1.572783e+01  -2.006340e-01;
  -1.572783e+01   1.588271e+01   2.067961e-01;
  -2.006340e-01   2.067961e-01  -4.973764e-01]
E=[ ...        
   3.428699e+05   1.217430e+05   6.582662e+02;
   1.217430e+05   1.983638e+05   3.936794e+01;
   6.582662e+02   3.936794e+01   1.009285e+00]
e=[ ...        
  -6.235588e+01   6.106380e+01   1.412057e+01;
   6.106380e+01  -5.882282e+01  -1.371798e+01;
   1.412057e+01  -1.371798e+01  -2.672184e+00]
intgraF=[ ...  
   4.292232e+00  -4.910491e+00  -5.940834e-02;
   1.161106e+00  -9.038606e-01  -1.381922e-02;
   3.332812e+00  -2.799203e+00  -3.907451e-02]
F=[ ...        
  -4.847437e+02   4.781751e+01  -1.250912e+00;
  -3.693149e+02   1.878068e+02  -1.065170e+00;
  -5.606878e+02  -5.993086e+02  -5.649802e-01]
R=[ ...        
  -6.529257e-01   2.637930e-01  -7.100009e-01;
  -5.567817e-01   4.683501e-01   6.860337e-01;
  -5.134999e-01  -8.432446e-01   1.589227e-01]
U=[ ...        
   8.100426e+02   1.719563e+02   1.699937e+00;
   1.719563e+02   6.059369e+02  -3.524378e-01;
   1.699937e+00  -3.524378e-01   6.761839e-02]
l=[ ...        
   3.643950e-03  -9.700303e-04  -8.316298e-03;
  -1.355179e-02   5.270902e-04   6.680888e-04;
  -6.890266e-06  -5.488642e-05  -1.356005e-04]
d=[ ...        
   3.643950e-03  -7.260910e-03  -4.161594e-03;
  -7.260910e-03   5.270902e-04   3.066012e-04;
  -4.161594e-03   3.066012e-04  -1.356005e-04]
     iteration=        1250000       process=              3       (i,j,k)=              0              1              1       (x,y,z)=   5.000000e-03   1.500000e-02   1.575983e-02     particles=             39
fabric=[ ...   
   3.291834e-01   2.698915e-02   2.034184e-02;
   2.698915e-02   3.325760e-01  -6.703761e-03;
   2.034184e-02  -6.703761e-03   3.382406e-01]
sigma=[ ...    
  -8.987935e+01  -1.363168e+01  -9.339348e+00;
  -1.235713e+01  -8.842869e+01   4.968937e+00;
  -9.073203e+00   4.571753e+00  -1.288896e+02]
sigmaDot=[ ... 
   1.049334e+04  -3.155105e+04   7.558504e+04;
  -1.076224e+05   1.687388e+04  -3.311216e+04;
  -2.310820e+04  -1.193913e+05  -6.433826e+04]
intgraE=[ ...  
  -4.101859e-02   7.388830e-02  -3.226056e-02;
   7.388830e-02   7.135217e-02  -4.354254e-02;
  -3.226056e-02  -4.354254e-02  -1.444213e-01]
E=[ ...        
   5.309734e+05  -4.760429e+05   9.327978e+00;
  -4.760429e+05   7.089572e+05  -2.071317e+00;
   9.327978e+00  -2.071317e+00  -4.995724e-01]
e=[ ...        
   2.768566e-01   9.528231e+00   1.899847e+01;
   9.528231e+00  -4.063590e+02  -8.112418e+02;
   1.899847e+01  -8.112418e+02  -1.617046e+03]
intgraF=[ ...  
   9.472412e-01  -2.648552e-04  -9.056048e-02;
   1.362352e-01   1.067496e+00  -1.252307e-01;
   4.622608e-02   5.617992e-02   8.290196e-01]
F=[ ...        
  -6.086056e+02  -6.051714e+01  -2.437288e-02;
  -7.461877e+02   1.062739e+03   2.715648e-03;
   3.670845e+02  -5.337024e+02   1.593329e-02]
R=[ ...        
  -8.957370e-01  -4.444594e-01  -1.054182e-02;
  -4.015486e-01   7.986246e-01   4.482827e-01;
   1.908245e-01  -4.057764e-01   8.938297e-01]
U=[ ...        
   9.148299e+02  -4.743776e+02   2.378169e-02;
  -4.743776e+02   1.092191e+03   6.536185e-03;
   2.378169e-02   6.536185e-03   1.571596e-02]
l=[ ...        
  -2.267151e-03  -4.641564e-03  -1.490546e-02;
   1.333593e-02   3.795834e-02  -1.044990e-01;
   7.265305e-03   3.343754e-03  -9.707454e-03]
d=[ ...        
  -2.267151e-03   4.347182e-03  -3.820078e-03;
   4.347182e-03   3.795834e-02  -5.057761e-02;
  -3.820078e-03  -5.057761e-02  -9.707454e-03]
     iteration=        1250000       process=              4       (i,j,k)=              1              0              0       (x,y,z)=   1.500000e-02   5.000000e-03   5.253277e-03     particles=             77
fabric=[ ...   
   3.321973e-01   4.590219e-03  -1.144246e-02;
   4.590219e-03   3.199080e-01   2.025975e-02;
  -1.144246e-02   2.025975e-02   3.478947e-01]
sigma=[ ...    
  -2.880937e+02   1.792294e+01  -5.142188e+00;
   1.791306e+01  -2.565226e+02  -4.783790e+01;
  -5.127152e+00  -4.781111e+01  -3.636439e+02]
sigmaDot=[ ... 
  -1.806257e+02   2.431440e+02  -4.150048e+02;
   1.532945e+02   1.685251e+02  -5.217187e+01;
  -3.749628e+02  -9.889247e+02   1.979166e+03]
intgraE=[ ...  
   1.997193e+01  -1.507022e+00   1.549157e-02;
  -1.507022e+00   2.807043e+00   2.983794e-02;
   1.549157e-02   2.983794e-02  -4.996866e-01]
E=[ ...        
   1.458455e+06  -7.914486e+05   8.648091e+00;
  -7.914486e+05   4.650464e+05  -4.766177e+00;
   8.648091e+00  -4.766177e+00  -4.996759e-01]
e=[ ...        
  -7.131977e+02   2.837099e+02   2.541924e+02;
   2.837099e+02  -1.122807e+02  -1.010468e+02;
   2.541924e+02  -1.010468e+02  -9.003379e+01]
intgraF=[ ...  
   4.235454e+00   9.829196e-01   1.482415e-02;
   8.721576e-01   1.543409e+00   1.753239e-02;
   4.716367e+00  -1.807164e+00  -9.985411e-03]
F=[ ...        
  -7.308532e+00  -1.215965e+02  -2.038489e-02;
  -1.149831e+03   4.503740e+02   1.728165e-03;
   1.262832e+03  -8.440801e+02   1.515189e-02]
R=[ ...        
  -2.039302e-01  -4.244129e-01  -8.822053e-01;
  -8.860431e-01  -3.032212e-01   3.506915e-01;
   4.163414e-01  -8.531885e-01   3.142122e-01]
U=[ ...        
   1.546060e+03  -7.256791e+02   8.934225e-03;
  -7.256791e+02   6.352036e+02  -4.799820e-03;
   8.934225e-03  -4.799820e-03   2.335062e-02]
l=[ ...        
   1.742183e-05   5.508584e-04   3.807075e-04;
   4.884684e-06   5.626473e-05   4.299028e-05;
  -1.106631e-05   6.112089e-05   4.171030e-05]
d=[ ...        
   1.742183e-05   2.778715e-04   1.848206e-04;
   2.778715e-04   5.626473e-05   5.205559e-05;
   1.848206e-04   5.205559e-05   4.171030e-05]
     iteration=        1250000       process=              5       (i,j,k)=              1              0              1       (x,y,z)=   1.500000e-02   5.000000e-03   1.575983e-02     particles=             35
fabric=[ ...   
   3.211291e-01   2.016398e-02   5.422252e-03;
   2.016398e-02   3.659789e-01   1.912202e-03;
   5.422252e-03   1.912202e-03   3.128920e-01]
sigma=[ ...    
  -1.111192e+02  -4.981501e+00  -2.628461e+00;
  -4.959153e+00  -1.338655e+02   1.899936e+01;
  -2.543200e+00   1.899955e+01  -1.337808e+02]
sigmaDot=[ ... 
  -4.797943e+03  -4.072973e+03   2.619214e+03;
   1.237912e+03   6.235585e+03   6.599061e+01;
   1.261093e+03   3.383585e+03   3.142919e+03]
intgraE=[ ...  
  -9.613520e-03   1.044485e-02  -6.499509e-02;
   1.044485e-02   4.347150e-02   1.493198e-01;
  -6.499509e-02   1.493198e-01  -4.027497e-01]
E=[ ...        
   1.446665e+06  -4.952702e+05  -6.627407e+03;
  -4.952702e+05   9.682737e+05   9.115645e+03;
  -6.627407e+03   9.115645e+03   1.193812e+02]
e=[ ...        
   4.994245e-01  -2.043217e-03   3.995292e-04;
  -2.043217e-03   4.927429e-01   1.419326e-03;
   3.995292e-04   1.419326e-03   4.997221e-01]
intgraF=[ ...  
   9.892170e-01   2.952368e-02  -1.144082e-01;
   2.638414e-03   1.015632e+00   2.124685e-01;
  -4.707159e-02   2.335865e-01   3.691457e-01]
F=[ ...        
  -1.124276e+03   1.271629e+03   1.066065e+01;
   5.425131e+02  -2.597723e+02  -1.054794e+01;
   1.155427e+03   5.020233e+02   3.854075e+00]
R=[ ...        
  -5.137800e-01   8.180548e-01  -2.584887e-01;
   3.001105e-01  -1.108864e-01  -9.474375e-01;
   8.037187e-01   5.643496e-01   1.885357e-01]
U=[ ...        
   1.669083e+03  -3.278121e+02  -5.545186e+00;
  -3.278121e+02   1.352384e+03   1.206567e+01;
  -5.545186e+00   1.206567e+01   7.964487e+00]
l=[ ...        
  -1.160588e-04   5.700672e-04   4.293203e-04;
  -1.072188e-03   1.269721e-03   2.157834e-03;
   3.338506e-04  -1.286758e-04  -5.322625e-04]
d=[ ...        
  -1.160588e-04  -2.510603e-04   3.815854e-04;
  -2.510603e-04   1.269721e-03   1.014579e-03;
   3.815854e-04   1.014579e-03  -5.322625e-04]
     iteration=        1250000       process=              6       (i,j,k)=              1              1              0       (x,y,z)=   1.500000e-02   1.500000e-02   5.253277e-03     particles=             70
fabric=[ ...   
   3.097033e-01  -3.693701e-03   1.053268e-02;
  -3.693701e-03   3.317691e-01   2.286197e-02;
   1.053268e-02   2.286197e-02   3.585276e-01]
sigma=[ ...    
  -3.130048e+02  -4.155167e+01   1.609549e+01;
  -4.155922e+01  -3.499389e+02   2.315469e+01;
   1.609175e+01   2.315382e+01  -3.619891e+02]
sigmaDot=[ ... 
   4.067627e+02  -2.775996e+02  -8.324874e+02;
   2.845540e+02   1.887497e+03  -8.335979e+02;
  -1.439139e+02  -1.793217e+03   3.766325e+03]
intgraE=[ ...  
   3.599500e-01  -8.535177e-01  -3.533491e-02;
  -8.535177e-01   3.569082e-01   3.700859e-02;
  -3.533491e-02   3.700859e-02  -4.981636e-01]
E=[ ...        
   1.115791e+06  -8.880717e+05  -6.526897e-02;
  -8.880717e+05   7.343560e+05   9.935877e-01;
  -6.526897e-02   9.935877e-01  -4.999360e-01]
e=[ ...        
  -6.036794e+02  -1.409335e+03   1.550238e+03;
  -1.409335e+03  -3.286974e+03   3.616152e+03;
   1.550238e+03   3.616152e+03  -3.977190e+03]
intgraF=[ ...  
   4.849404e-01  -6.112211e-01  -4.567970e-02;
  -1.115057e+00   1.059191e+00   3.611862e-02;
  -4.913049e-01   4.672674e-01   1.677893e-02]
F=[ ...        
   6.124071e+02  -2.835129e+02   4.730079e-03;
  -1.118490e+03   9.247417e+02  -3.905820e-03;
  -7.781529e+02   7.301961e+02   9.504418e-03]
R=[ ...        
   8.302595e-01   4.836471e-01  -2.770463e-01;
  -5.334817e-01   5.455690e-01  -6.463372e-01;
  -1.614512e-01   6.844267e-01   7.109807e-01]
U=[ ...        
   1.230784e+03  -8.466130e+02   4.476377e-03;
  -8.466130e+02   8.671559e+02   6.661872e-03;
   4.476377e-03   6.661872e-03   7.971483e-03]
l=[ ...        
   4.519988e-02   4.267124e-03  -1.749233e-02;
   1.519103e-01   1.502249e-02  -7.384412e-02;
  -4.427302e-02  -2.554540e-03   1.384306e-02]
d=[ ...        
   4.519988e-02   7.808870e-02  -3.088268e-02;
   7.808870e-02   1.502249e-02  -3.819933e-02;
  -3.088268e-02  -3.819933e-02   1.384306e-02]
     iteration=        1250000       process=              7       (i,j,k)=              1              1              1       (x,y,z)=   1.500000e-02   1.500000e-02   1.575983e-02     particles=             48
fabric=[ ...   
   3.175284e-01  -7.886833e-03  -1.029691e-02;
  -7.886833e-03   3.093848e-01  -4.899071e-03;
  -1.029691e-02  -4.899071e-03   3.730868e-01]
sigma=[ ...    
  -6.502438e+01  -3.996088e+00   9.704776e+00;
  -4.070829e+00  -7.353318e+01   7.263351e+00;
   9.731641e+00   7.231460e+00  -9.977882e+01]
sigmaDot=[ ... 
   9.954376e+02  -4.290069e+03  -1.596494e+04;
  -8.843755e+03   6.497344e+02  -4.003186e+03;
  -1.110399e+04  -1.013028e+04   5.678104e-01]
intgraE=[ ...  
   1.740927e-02   7.398506e-02  -9.779726e-02;
   7.398506e-02   1.064888e-02  -3.851941e-02;
  -9.779726e-02  -3.851941e-02  -4.664298e-01]
E=[ ...        
   6.939910e+05  -5.277367e+05   1.521806e+01;
  -5.277367e+05   4.208447e+05  -1.237782e+01;
   1.521806e+01  -1.237782e+01  -4.996320e-01]
e=[ ...        
  -2.861265e+04  -1.298836e+04  -7.322048e+04;
  -1.298836e+04  -5.895299e+03  -3.323694e+04;
  -7.322048e+04  -3.323694e+04  -1.873692e+05]
intgraF=[ ...  
   1.008014e+00   2.683384e-02  -1.737990e-01;
   1.045823e-01   9.911034e-01  -3.574233e-02;
  -8.825193e-02  -1.956829e-01   1.888299e-01]
F=[ ...        
  -6.871079e+02   6.665225e+02  -2.046612e-02;
  -8.594506e+02   5.222587e+02  -1.318796e-02;
   4.209638e+02  -3.531060e+02   1.197086e-02]
R=[ ...        
  -9.112897e-02   9.288508e-01   3.590706e-01;
  -9.737974e-01  -1.585602e-01   1.630255e-01;
   2.083606e-01  -3.348056e-01   9.189619e-01]
U=[ ...        
   9.872585e+02  -6.428871e+02   1.720171e-02;
  -6.428871e+02   6.545124e+02  -2.092680e-02;
   1.720171e-02  -2.092680e-02   1.502012e-03]
l=[ ...        
  -5.123404e-04   4.797733e-04   2.182028e-03;
  -2.628423e-02   2.622241e-02   1.498585e-01;
   7.340348e-03  -7.723385e-03  -4.442582e-02]
d=[ ...        
  -5.123404e-04  -1.290223e-02   4.761188e-03;
  -1.290223e-02   2.622241e-02   7.106756e-02;
   4.761188e-03   7.106756e-02  -4.442582e-02]
