     iteration=        2450000       process=              0       (i,j,k)=              0              0              0       (x,y,z)=   5.000000e-03   5.000000e-03   5.253276e-03     particles=             80
fabric=[ ...   
   3.406895e-01   6.661226e-03  -4.579131e-04;
   6.661226e-03   3.072417e-01   5.866114e-04;
  -4.579131e-04   5.866114e-04   3.520688e-01]
sigma=[ ...    
  -3.169298e+02  -2.420878e+01   2.397723e+01;
  -2.420885e+01  -2.445954e+02  -2.607996e+01;
   2.397711e+01  -2.608008e+01  -3.733206e+02]
sigmaDot=[ ... 
  -3.510444e-01  -1.421076e+01   4.677880e+00;
  -1.071830e+01   3.376028e-01   5.350225e+00;
   6.165898e-02   5.433025e+00  -1.147019e+01]
intgraE=[ ...  
   4.533383e+01  -1.806072e+01  -6.086020e-02;
  -1.806072e+01   1.188814e+01   8.602282e-03;
  -6.086020e-02   8.602282e-03  -4.998743e-01]
E=[ ...        
   1.864228e+05  -5.295607e+04  -1.988500e+00;
  -5.295607e+04   8.841056e+05   1.423405e+00;
  -1.988500e+00   1.423405e+00  -4.997946e-01]
e=[ ...        
  -4.147002e+01  -3.960712e+00  -2.355012e+02;
  -3.960712e+00   1.262266e-01  -2.222426e+01;
  -2.355012e+02  -2.222426e+01  -1.320939e+03]
intgraF=[ ...  
   6.092151e+00  -3.970589e+00  -3.534174e-03;
  -5.141238e-01   2.636314e+00  -6.445676e-03;
  -7.368110e+00   1.435461e+00   1.404750e-02]
F=[ ...        
   5.031902e+02  -8.530602e+02  -2.709851e-03;
  -3.355365e+02  -1.005961e+03   2.808071e-03;
  -8.403328e+01   1.689472e+02   1.988759e-02]
R=[ ...        
   7.725274e-01  -6.102702e-01   1.754186e-01;
  -6.221099e-01  -7.827548e-01   1.656076e-02;
  -1.272032e-01   1.219233e-01   9.843546e-01]
U=[ ...        
   6.081581e+02  -5.468481e+01  -6.370128e-03;
  -5.468481e+01   1.328617e+03   1.880470e-03;
  -6.370128e-03   1.880470e-03   1.914758e-02]
l=[ ...        
  -1.920058e-02  -2.663246e-03   8.269973e-04;
  -1.776836e-02  -2.464247e-03   7.645682e-04;
   3.875114e-05   5.417681e-06  -1.594104e-06]
d=[ ...        
  -1.920058e-02  -1.021580e-02   4.328742e-04;
  -1.021580e-02  -2.464247e-03   3.849929e-04;
   4.328742e-04   3.849929e-04  -1.594104e-06]
     iteration=        2450000       process=              1       (i,j,k)=              0              0              1       (x,y,z)=   5.000000e-03   5.000000e-03   1.575983e-02     particles=             46
fabric=[ ...   
   3.564787e-01  -1.130125e-02   2.350287e-02;
  -1.130125e-02   3.196542e-01   3.392487e-04;
   2.350287e-02   3.392487e-04   3.238671e-01]
sigma=[ ...    
  -6.729458e+01   7.992273e+00   7.235118e-01;
   7.992344e+00  -7.669742e+01   1.517933e+00;
   7.234904e-01   1.517850e+00  -1.060231e+02]
sigmaDot=[ ... 
   4.436565e+00   4.010156e+00   8.342983e+00;
   9.830563e+00  -3.455259e+00   5.524345e+00;
   8.875310e+00   4.385495e+00  -5.073154e+00]
intgraE=[ ...  
   9.541112e-02  -6.456879e-02  -6.784939e-01;
  -6.456879e-02   1.150404e-02   3.409815e-01;
  -6.784939e-01   3.409815e-01   3.604720e+00]
E=[ ...        
   6.649840e+05  -8.275410e+05   3.175638e+00;
  -8.275410e+05   1.803571e+06  -2.435673e+01;
   3.175638e+00  -2.435673e+01  -4.994458e-01]
e=[ ...        
  -1.548284e+05  -7.115772e+04   1.213486e+05;
  -7.115772e+04  -3.270283e+04   5.577052e+04;
   1.213486e+05   5.577052e+04  -9.510758e+04]
intgraF=[ ...  
   9.981293e-01   3.866641e-04  -9.610488e-02;
  -3.448876e-02   9.878713e-01   6.129178e-02;
  -4.397393e-01   2.170674e-01   2.862944e+00]
F=[ ...        
   4.045325e+02  -1.217120e+03   1.976895e-02;
  -1.073970e+03   1.174091e+03  -1.298042e-03;
  -1.136228e+02  -8.644495e+02   2.675489e-02]
R=[ ...        
   6.245676e-03  -6.724523e-01  -7.401141e-01;
  -8.660895e-01   3.663227e-01  -3.401420e-01;
  -4.998499e-01  -6.431295e-01   5.801160e-01]
U=[ ...        
   9.894754e+02  -5.923744e+02  -1.212574e-02;
  -5.923744e+02   1.804504e+03  -3.097603e-02;
  -1.212574e-02  -3.097603e-02   1.331182e-03]
l=[ ...        
   4.175581e-07  -3.859762e-07  -9.853536e-08;
  -2.719734e-07  -3.394962e-08   1.541837e-07;
   1.296230e-07   1.187883e-07  -1.469755e-07]
d=[ ...        
   4.175581e-07  -3.289748e-07   1.554383e-08;
  -3.289748e-07  -3.394962e-08   1.364860e-07;
   1.554383e-08   1.364860e-07  -1.469755e-07]
     iteration=        2450000       process=              2       (i,j,k)=              0              1              0       (x,y,z)=   5.000000e-03   1.500000e-02   5.253276e-03     particles=             81
fabric=[ ...   
   3.310368e-01  -4.775729e-04   1.711806e-03;
  -4.775729e-04   3.223795e-01   1.540783e-02;
   1.711806e-03   1.540783e-02   3.465837e-01]
sigma=[ ...    
  -2.982909e+02  -7.147420e+00   2.962667e+01;
  -7.147589e+00  -2.536576e+02  -3.484883e+01;
   2.962668e+01  -3.484862e+01  -2.910658e+02]
sigmaDot=[ ... 
   3.346530e+00  -3.294566e+00   4.265978e-01;
  -3.145971e+00  -2.654654e+00  -4.350710e-01;
   1.029826e+00  -5.226524e-01  -1.434278e+00]
intgraE=[ ...  
   1.494351e+01  -1.573150e+01  -2.006835e-01;
  -1.573150e+01   1.588588e+01   2.068404e-01;
  -2.006835e-01   2.068404e-01  -4.973758e-01]
E=[ ...        
   3.416674e+05   1.212363e+05   6.570794e+02;
   1.212363e+05   1.985262e+05   3.804635e+01;
   6.570794e+02   3.804635e+01   1.010305e+00]
e=[ ...        
  -6.734632e+01   6.595356e+01   1.559822e+01;
   6.595356e+01  -6.361361e+01  -1.516306e+01;
   1.559822e+01  -1.516306e+01  -3.086111e+00]
intgraF=[ ...  
   4.292771e+00  -4.910826e+00  -5.941385e-02;
   1.162540e+00  -9.055463e-01  -1.383937e-02;
   3.332814e+00  -2.799203e+00  -3.907452e-02]
F=[ ...        
  -4.851090e+02   4.747938e+01  -1.251450e+00;
  -3.665851e+02   1.904532e+02  -1.065386e+00;
  -5.600182e+02  -5.987709e+02  -5.651861e-01]
R=[ ...        
  -6.540476e-01   2.627081e-01  -7.093702e-01;
  -5.545954e-01   4.712053e-01   6.858495e-01;
  -5.144372e-01  -8.419917e-01   1.624940e-01]
U=[ ...        
   8.086850e+02   1.713518e+02   1.700119e+00;
   1.713518e+02   6.063759e+02  -3.548997e-01;
   1.700119e+00  -3.548997e-01   6.520712e-02]
l=[ ...        
  -2.861088e-03   2.279943e-04   1.676184e-03;
   9.262682e-03  -2.893744e-04   5.594497e-04;
  -6.468681e-05  -3.595965e-06  -7.891095e-05]
d=[ ...        
  -2.861088e-03   4.745338e-03   8.057485e-04;
   4.745338e-03  -2.893744e-04   2.779269e-04;
   8.057485e-04   2.779269e-04  -7.891095e-05]
     iteration=        2450000       process=              3       (i,j,k)=              0              1              1       (x,y,z)=   5.000000e-03   1.500000e-02   1.575983e-02     particles=             39
fabric=[ ...   
   3.401856e-01   1.685256e-02   1.969065e-02;
   1.685256e-02   3.264961e-01   1.236239e-03;
   1.969065e-02   1.236239e-03   3.333183e-01]
sigma=[ ...    
  -1.011031e+02  -1.034591e+01  -9.152448e+00;
  -1.034885e+01  -8.792386e+01  -1.328731e+00;
  -9.148115e+00  -1.329053e+00  -1.335839e+02]
sigmaDot=[ ... 
  -1.973346e+00  -2.352642e+00  -2.509533e-02;
  -1.570603e+00   2.542848e+00  -8.525717e-01;
   6.767170e-01  -7.241197e-01  -4.001578e+00]
intgraE=[ ...  
  -4.111339e-02   7.395219e-02  -3.250967e-02;
   7.395219e-02   7.158015e-02  -4.380867e-02;
  -3.250967e-02  -4.380867e-02  -1.447513e-01]
E=[ ...        
   5.583349e+05  -5.825902e+05   7.683958e+00;
  -5.825902e+05   9.234871e+05  -3.313741e-01;
   7.683958e+00  -3.313741e-01  -4.995268e-01]
e=[ ...        
   4.602301e-01   3.467601e+00   6.567118e+00;
   3.467601e+00  -3.018597e+02  -5.726241e+02;
   6.567118e+00  -5.726241e+02  -1.083965e+03]
intgraF=[ ...  
   9.471465e-01  -1.347437e-04  -9.096779e-02;
   1.362075e-01   1.067701e+00  -1.257955e-01;
   4.619819e-02   5.634628e-02   8.284913e-01]
F=[ ...        
  -5.269544e+02  -1.387798e+02  -2.412572e-02;
  -8.112957e+02   1.195157e+03   6.191269e-03;
   4.251931e+02  -6.319130e+02   1.805700e-02]
R=[ ...        
  -8.719860e-01  -4.895011e-01  -5.400968e-03;
  -4.350681e-01   7.698684e-01   4.669244e-01;
   2.244020e-01  -4.095013e-01   8.842808e-01]
U=[ ...        
   9.078799e+02  -5.407633e+02   2.239569e-02;
  -5.407633e+02   1.246816e+03   9.181663e-03;
   2.239569e-02   9.181663e-03   1.898861e-02]
l=[ ...        
  -6.552707e-09   3.396152e-08  -5.484265e-08;
  -5.654860e-08   9.850229e-09   9.043263e-08;
   6.905471e-08  -4.153791e-08   2.390929e-08]
d=[ ...        
  -6.552707e-09  -1.129354e-08   7.106029e-09;
  -1.129354e-08   9.850229e-09   2.444736e-08;
   7.106029e-09   2.444736e-08   2.390929e-08]
     iteration=        2450000       process=              4       (i,j,k)=              1              0              0       (x,y,z)=   1.500000e-02   5.000000e-03   5.253276e-03     particles=             77
fabric=[ ...   
   3.322021e-01   4.589464e-03  -1.144279e-02;
   4.589464e-03   3.199045e-01   2.026355e-02;
  -1.144279e-02   2.026355e-02   3.478935e-01]
sigma=[ ...    
  -2.893687e+02   1.824512e+01  -3.880558e+00;
   1.824590e+01  -2.590816e+02  -4.830442e+01;
  -3.875539e+00  -4.829708e+01  -3.699779e+02]
sigmaDot=[ ... 
  -6.765292e+01   9.517233e+01   6.027645e+01;
   1.464195e+02   4.765200e+01  -1.255357e+01;
  -4.828344e+01  -1.818284e+02  -3.419117e+01]
intgraE=[ ...  
   1.997184e+01  -1.506952e+00   1.549216e-02;
  -1.506952e+00   2.807002e+00   2.983763e-02;
   1.549216e-02   2.983763e-02  -4.996866e-01]
E=[ ...        
   1.458566e+06  -7.915437e+05   8.648142e+00;
  -7.915437e+05   4.651229e+05  -4.766162e+00;
   8.648142e+00  -4.766162e+00  -4.996759e-01]
e=[ ...        
  -7.131135e+02   2.837053e+02   2.542107e+02;
   2.837053e+02  -1.122903e+02  -1.010644e+02;
   2.542107e+02  -1.010644e+02  -9.005752e+01]
intgraF=[ ...  
   4.235438e+00   9.829308e-01   1.482424e-02;
   8.721521e-01   1.543404e+00   1.753233e-02;
   4.716365e+00  -1.807140e+00  -9.985164e-03]
F=[ ...        
  -7.254230e+00  -1.216501e+02  -2.038538e-02;
  -1.149853e+03   4.503993e+02   1.728060e-03;
   1.262900e+03  -8.441496e+02   1.515197e-02]
R=[ ...        
  -2.039296e-01  -4.244706e-01  -8.821777e-01;
  -8.860360e-01  -3.032133e-01   3.507162e-01;
   4.163567e-01  -8.531626e-01   3.142621e-01]
U=[ ...        
   1.546108e+03  -7.257293e+02   8.934679e-03;
  -7.257293e+02   6.352668e+02  -4.798069e-03;
   8.934679e-03  -4.798069e-03   2.335127e-02]
l=[ ...        
   2.772268e-07  -1.016760e-04  -9.179678e-05;
   9.832717e-07  -1.559884e-05  -1.447871e-05;
   1.049321e-07   3.702741e-05  -6.276466e-06]
d=[ ...        
   2.772268e-07  -5.034636e-05  -4.584593e-05;
  -5.034636e-05  -1.559884e-05   1.127435e-05;
  -4.584593e-05   1.127435e-05  -6.276466e-06]
     iteration=        2450000       process=              5       (i,j,k)=              1              0              1       (x,y,z)=   1.500000e-02   5.000000e-03   1.575983e-02     particles=             35
fabric=[ ...   
   3.330019e-01   1.096332e-02   3.956543e-03;
   1.096332e-02   3.613500e-01   2.199392e-03;
   3.956543e-03   2.199392e-03   3.056481e-01]
sigma=[ ...    
  -1.122188e+02  -1.733464e+00   1.012728e+00;
  -1.733417e+00  -1.197131e+02   1.535662e+01;
   1.012517e+00   1.535667e+01  -1.337200e+02]
sigmaDot=[ ... 
   9.893781e-01   5.363689e+00   2.024591e+01;
   9.160407e+00  -3.946501e+01  -2.015538e+01;
   1.405290e+01  -1.002224e+01   8.652634e+00]
intgraE=[ ...  
  -9.614593e-03   1.044748e-02  -6.499428e-02;
   1.044748e-02   4.347375e-02   1.493198e-01;
  -6.499428e-02   1.493198e-01  -4.027498e-01]
E=[ ...        
   1.446285e+06  -4.948988e+05  -6.632021e+03;
  -4.948988e+05   9.678349e+05   9.123866e+03;
  -6.632021e+03   9.123866e+03   1.197083e+02]
e=[ ...        
   4.994273e-01  -2.034181e-03   3.976825e-04;
  -2.034181e-03   4.927722e-01   1.413318e-03;
   3.976825e-04   1.413318e-03   4.997233e-01]
intgraF=[ ...  
   9.892159e-01   2.952752e-02  -1.144072e-01;
   2.639705e-03   1.015634e+00   2.124688e-01;
  -4.707095e-02   2.335858e-01   3.691455e-01]
F=[ ...        
  -1.124083e+03   1.271325e+03   1.067151e+01;
   5.422837e+02  -2.595663e+02  -1.056540e+01;
   1.155394e+03   5.020247e+02   3.861076e+00]
R=[ ...        
  -5.138166e-01   8.180652e-01  -2.583831e-01;
   3.000325e-01  -1.108089e-01  -9.474713e-01;
   8.037244e-01   5.643498e-01   1.885107e-01]
U=[ ...        
   1.668894e+03  -3.276168e+02  -5.549919e+00;
  -3.276168e+02   1.352107e+03   1.207973e+01;
  -5.549919e+00   1.207973e+01   7.980928e+00]
l=[ ...        
  -1.780408e-07   1.021575e-06   1.629151e-06;
   7.777515e-08  -1.647204e-07  -3.445235e-07;
  -3.787750e-08  -3.286488e-07  -9.131890e-07]
d=[ ...        
  -1.780408e-07   5.496752e-07   7.956368e-07;
   5.496752e-07  -1.647204e-07  -3.365862e-07;
   7.956368e-07  -3.365862e-07  -9.131890e-07]
     iteration=        2450000       process=              6       (i,j,k)=              1              1              0       (x,y,z)=   1.500000e-02   1.500000e-02   5.253276e-03     particles=             70
fabric=[ ...   
   3.125439e-01  -1.439703e-03   1.024505e-02;
  -1.439703e-03   3.303107e-01   1.985560e-02;
   1.024505e-02   1.985560e-02   3.571453e-01]
sigma=[ ...    
  -3.136519e+02  -4.048200e+01   1.805460e+01;
  -4.047863e+01  -3.482989e+02   2.114742e+01;
   1.805847e+01   2.115577e+01  -3.548461e+02]
sigmaDot=[ ... 
   1.091046e+01   8.139931e-01   4.476242e-01;
   1.194668e+00   1.402202e+01  -3.187761e+00;
  -1.258115e-01  -3.136656e+00   1.510654e+01]
intgraE=[ ...  
   3.559299e-01  -8.497874e-01  -3.521861e-02;
  -8.497874e-01   3.534494e-01   3.690115e-02;
  -3.521861e-02   3.690115e-02  -4.981669e-01]
E=[ ...        
   1.475782e+06  -1.226436e+06  -5.177171e-01;
  -1.226436e+06   1.049154e+06   1.323250e+00;
  -5.177171e-01   1.323250e+00  -4.999368e-01]
e=[ ...        
  -3.184575e+02  -8.733334e+02   1.151961e+03;
  -8.733334e+02  -2.390763e+03   3.154171e+03;
   1.151961e+03   3.154171e+03  -4.159976e+03]
intgraF=[ ...  
   4.851116e-01  -6.113889e-01  -4.568660e-02;
  -1.111354e+00   1.055804e+00   3.601790e-02;
  -4.913444e-01   4.673113e-01   1.678148e-02]
F=[ ...        
   5.776712e+02  -2.557383e+02   4.651129e-03;
  -1.362333e+03   1.169392e+03  -3.443951e-03;
  -8.728751e+02   8.157386e+02   9.639484e-03]
R=[ ...        
   8.112299e-01   5.435979e-01  -2.154236e-01;
  -5.517165e-01   5.895556e-01  -5.899433e-01;
  -1.936878e-01   5.974324e-01   7.781771e-01]
U=[ ...        
   1.389311e+03  -1.010634e+03   3.806169e-03;
  -1.010634e+03   1.037751e+03   6.256884e-03;
   3.806169e-03   6.256884e-03   8.530999e-03]
l=[ ...        
   3.511842e-02   3.330357e-04  -7.802452e-03;
  -1.759764e-01  -8.071833e-03   5.052052e-02;
  -4.982039e-02  -4.163637e-03   8.872628e-03]
d=[ ...        
   3.511842e-02  -8.782170e-02  -2.881142e-02;
  -8.782170e-02  -8.071833e-03   2.317844e-02;
  -2.881142e-02   2.317844e-02   8.872628e-03]
     iteration=        2450000       process=              7       (i,j,k)=              1              1              1       (x,y,z)=   1.500000e-02   1.500000e-02   1.575983e-02     particles=             48
fabric=[ ...   
   3.295687e-01  -1.015338e-02  -9.363665e-03;
  -1.015338e-02   3.120910e-01  -6.333302e-03;
  -9.363665e-03  -6.333302e-03   3.583403e-01]
sigma=[ ...    
  -7.722278e+01   4.703682e-01   1.207763e+01;
   4.703885e-01  -7.536978e+01   4.101268e+00;
   1.207764e+01   4.101285e+00  -1.001949e+02]
sigmaDot=[ ... 
   6.915459e-02   3.268219e-01  -1.201392e+00;
  -5.145494e-01   5.135183e+00   1.300653e+00;
  -1.790498e+00   9.010397e-01   1.996815e+00]
intgraE=[ ...  
   1.740593e-02   7.398291e-02  -9.779643e-02;
   7.398291e-02   1.064828e-02  -3.851895e-02;
  -9.779643e-02  -3.851895e-02  -4.664300e-01]
E=[ ...        
   6.940563e+05  -5.277906e+05   1.521941e+01;
  -5.277906e+05   4.208986e+05  -1.237949e+01;
   1.521941e+01  -1.237949e+01  -4.996319e-01]
e=[ ...        
  -2.902120e+04  -1.319159e+04  -7.423015e+04;
  -1.319159e+04  -5.995632e+03  -3.374073e+04;
  -7.423015e+04  -3.374073e+04  -1.898614e+05]
intgraF=[ ...  
   1.008011e+00   2.683120e-02  -1.737981e-01;
   1.045809e-01   9.911030e-01  -3.574203e-02;
  -8.825153e-02  -1.956823e-01   1.888298e-01]
F=[ ...        
  -6.868624e+02   6.663999e+02  -2.046772e-02;
  -8.595599e+02   5.223412e+02  -1.319020e-02;
   4.212961e+02  -3.533681e+02   1.196912e-02]
R=[ ...        
  -9.087297e-02   9.288244e-01   3.592039e-01;
  -9.737723e-01  -1.584258e-01   1.633060e-01;
   2.085898e-01  -3.349427e-01   9.188600e-01]
U=[ ...        
   9.873109e+02  -6.429081e+02   1.720085e-02;
  -6.429081e+02   6.545742e+02  -2.093021e-02;
   1.720085e-02  -2.093021e-02   1.491819e-03]
l=[ ...        
  -3.938954e-09   1.100811e-07  -1.438158e-07;
   9.505823e-08   1.674734e-07   8.218733e-08;
   1.121231e-07   7.367168e-08   8.172350e-08]
d=[ ...        
  -3.938954e-09   1.025696e-07  -1.584639e-08;
   1.025696e-07   1.674734e-07   7.792950e-08;
  -1.584639e-08   7.792950e-08   8.172350e-08]
