     iteration=         350000       process=              0       (i,j,k)=              0              0              0       (x,y,z)=   5.000000e-03   5.000000e-03   9.816383e-02     particles=            138
fabric=[ ...   
   2.852814e-01   1.932396e-02  -1.164320e-02;
   1.932396e-02   2.885933e-01  -1.107586e-02;
  -1.164320e-02  -1.107586e-02   4.261253e-01]
sigma=[ ...    
  -1.570301e+00   4.510078e-01  -4.788388e+00;
  -6.262906e+00  -2.176612e+00  -5.051930e-02;
  -1.191501e+00   2.643484e+00  -2.047803e+00]
sigmaDot=[ ... 
  -1.395406e+06  -1.459538e+05   7.571916e+05;
  -2.949646e+06  -2.472444e+05  -1.449619e+05;
  -5.811862e+05   3.120695e+05  -6.616509e+05]
intgraE=[ ...  
   1.049427e+01  -6.127527e+00  -9.546009e-02;
  -6.127527e+00   7.481906e+00  -3.499429e-02;
  -9.546009e-02  -3.499429e-02  -4.947597e-01]
E=[ ...        
   2.006235e+05   5.951189e+06  -4.571173e+02;
   5.951189e+06   1.770455e+08  -1.360093e+04;
  -4.571173e+02  -1.360093e+04   5.450057e-01]
e=[ ...        
  -1.641628e+03   1.843154e+01  -1.239675e+01;
   1.843154e+01   2.926904e-01   1.391422e-01;
  -1.239675e+01   1.391422e-01   4.064144e-01]
intgraF=[ ...  
   4.293851e+00  -2.708096e+00  -2.634545e-03;
  -5.545211e-01   2.887459e+00  -7.590063e-03;
  -1.801079e+00  -5.409331e-01   1.020592e-01]
F=[ ...        
   4.412213e+00   1.426253e+02   6.448052e-03;
  -3.237603e+01   5.116740e+01  -7.829260e-03;
  -6.325981e+02  -1.881670e+04   1.445652e+00]
R=[ ...        
  -1.105038e-02   8.031337e-03   9.999067e-01;
  -9.992785e-01   3.624872e-02  -1.133459e-02;
  -3.633637e-02  -9.993105e-01   7.624980e-03]
U=[ ...        
   5.529024e+01   6.310238e+02  -4.477737e-02;
   6.310238e+02   1.880672e+04  -1.444887e+00;
  -4.477737e-02  -1.444887e+00   1.755926e-02]
l=[ ...        
   4.511474e+00  -1.095373e+00   6.476861e-02;
   4.625046e+00  -1.742834e-01  -4.146924e-02;
   4.014781e+00  -1.033015e+01  -1.602668e+01]
d=[ ...        
   4.511474e+00   1.764836e+00   2.039775e+00;
   1.764836e+00  -1.742834e-01  -5.185810e+00;
   2.039775e+00  -5.185810e+00  -1.602668e+01]
     iteration=         350000       process=              1       (i,j,k)=              0              0              1       (x,y,z)=   5.000000e-03   5.000000e-03   2.944915e-01     particles=             30
fabric=[ ...   
   0.000000e+00   0.000000e+00   0.000000e+00;
   0.000000e+00   0.000000e+00   0.000000e+00;
   0.000000e+00   0.000000e+00   0.000000e+00]
sigma=[ ...    
   0.000000e+00   0.000000e+00   0.000000e+00;
   0.000000e+00   0.000000e+00   0.000000e+00;
   0.000000e+00   0.000000e+00   0.000000e+00]
sigmaDot=[ ... 
   0.000000e+00   0.000000e+00   0.000000e+00;
   0.000000e+00   0.000000e+00   0.000000e+00;
   0.000000e+00   0.000000e+00   0.000000e+00]
intgraE=[ ...  
   7.238684e-02  -3.492873e-02  -4.379126e-01;
  -3.492873e-02   1.685412e-02   2.113054e-01;
  -4.379126e-01   2.113054e-01   2.149203e+00]
E=[ ...        
   5.676624e-03  -1.170757e-02  -1.843549e-01;
  -1.170757e-02   2.414592e-02   3.802169e-01;
  -1.843549e-01   3.802169e-01   5.487135e+00]
e=[ ...        
  -4.740684e-04   9.777275e-04  -4.449190e-03;
   9.777275e-04  -2.016483e-03   9.176093e-03;
  -4.449190e-03   9.176093e-03   4.582438e-01]
intgraF=[ ...  
   1.000000e+00   0.000000e+00   0.000000e+00;
   0.000000e+00   1.000000e+00   0.000000e+00;
  -3.804914e-01   1.835980e-01   2.301827e+00]
F=[ ...        
   1.000000e+00   1.085829e-17   1.263480e-18;
   2.527817e-18   1.000000e+00  -1.167315e-18;
  -1.065516e-01   2.197540e-01   3.460386e+00]
R=[ ...        
   9.997153e-01   5.871470e-04   2.385270e-02;
   5.871470e-04   9.987891e-01  -4.919425e-02;
  -2.385270e-02   4.919425e-02   9.985044e-01]
U=[ ...        
   1.002257e+00  -4.654580e-03  -8.253955e-02;
  -4.654580e-03   1.009600e+00   1.702311e-01;
  -8.253955e-02   1.702311e-01   3.455210e+00]
l=[ ...        
   0.000000e+00   0.000000e+00   0.000000e+00;
   0.000000e+00   0.000000e+00   0.000000e+00;
  -1.864122e-01   5.179370e-01   3.993097e+00]
d=[ ...        
   0.000000e+00   0.000000e+00  -9.320610e-02;
   0.000000e+00   0.000000e+00   2.589685e-01;
  -9.320610e-02   2.589685e-01   3.993097e+00]
     iteration=         350000       process=              2       (i,j,k)=              0              1              0       (x,y,z)=   5.000000e-03   1.500000e-02   9.816383e-02     particles=             99
fabric=[ ...   
   3.056889e-01  -8.606830e-04  -4.202126e-02;
  -8.606830e-04   2.978230e-01  -3.022890e-02;
  -4.202126e-02  -3.022890e-02   3.964881e-01]
sigma=[ ...    
  -9.125617e+00   2.937007e-01   5.071842e-01;
   8.146041e-01  -1.227588e+01   4.310787e-01;
   1.890884e+00   1.469061e+00  -7.941637e+00]
sigmaDot=[ ... 
  -9.729889e+04   2.921053e+05   2.672290e+05;
   1.346674e+06  -9.108942e+04   1.254858e+04;
  -7.397596e+04   1.127139e+05   1.631790e+04]
intgraE=[ ...  
   1.141373e+01  -1.375764e+01  -3.073230e-01;
  -1.375764e+01   1.556681e+01   3.650095e-01;
  -3.073230e-01   3.650095e-01  -4.869317e-01]
E=[ ...        
   5.088982e+09  -4.092315e+09   2.561513e+04;
  -4.092315e+09   3.290882e+09  -2.058552e+04;
   2.561513e+04  -2.058552e+04  -3.631010e-01]
e=[ ...        
  -4.799902e+01  -3.126841e+01   6.164683e-01;
  -3.126841e+01  -1.965946e+01   3.974512e-01;
   6.164683e-01   3.974512e-01   4.921641e-01]
intgraF=[ ...  
   4.162493e+00  -4.831920e+00  -5.900990e-02;
   8.806971e-01  -4.417611e-01  -1.120497e-02;
  -2.392799e+00   2.931044e+00   1.500960e-01]
F=[ ...        
   6.099749e+02  -3.398104e+02  -1.823938e-02;
   1.042756e+03  -1.072252e+03  -1.191583e-01;
   1.008787e+05  -8.112027e+04   5.091823e-01]
R=[ ...        
   3.439740e-01   4.192562e-01  -8.401822e-01;
  -5.175706e-01  -6.619222e-01  -5.421989e-01;
   7.834555e-01  -6.213559e-01   1.068933e-02]
U=[ ...        
   7.870406e+04  -6.311604e+04   4.543207e-01;
  -6.311604e+04   5.097184e+04  -2.451569e-01;
   4.543207e-01  -2.451569e-01   8.537473e-02]
l=[ ...        
   2.020191e+00   3.708029e+00  -5.301830e-02;
   1.230983e+00   1.943519e-01  -9.407223e-02;
  -1.059136e+01   8.650483e+00  -1.418255e+01]
d=[ ...        
   2.020191e+00   2.469506e+00  -5.322190e+00;
   2.469506e+00   1.943519e-01   4.278206e+00;
  -5.322190e+00   4.278206e+00  -1.418255e+01]
     iteration=         350000       process=              3       (i,j,k)=              0              1              1       (x,y,z)=   5.000000e-03   1.500000e-02   2.944915e-01     particles=              6
fabric=[ ...   
   0.000000e+00   0.000000e+00   0.000000e+00;
   0.000000e+00   0.000000e+00   0.000000e+00;
   0.000000e+00   0.000000e+00   0.000000e+00]
sigma=[ ...    
   0.000000e+00   0.000000e+00   0.000000e+00;
   0.000000e+00   0.000000e+00   0.000000e+00;
   0.000000e+00   0.000000e+00   0.000000e+00]
sigmaDot=[ ... 
   0.000000e+00   0.000000e+00   0.000000e+00;
   0.000000e+00   0.000000e+00   0.000000e+00;
   0.000000e+00   0.000000e+00   0.000000e+00]
intgraE=[ ...  
   0.000000e+00   0.000000e+00   0.000000e+00;
   0.000000e+00   0.000000e+00   0.000000e+00;
   0.000000e+00   0.000000e+00   0.000000e+00]
E=[ ...        
   0.000000e+00   0.000000e+00   0.000000e+00;
   0.000000e+00   0.000000e+00   0.000000e+00;
   0.000000e+00   0.000000e+00   0.000000e+00]
e=[ ...        
   0.000000e+00   0.000000e+00   0.000000e+00;
   0.000000e+00   0.000000e+00   0.000000e+00;
   0.000000e+00   0.000000e+00   0.000000e+00]
intgraF=[ ...  
   0.000000e+00   0.000000e+00   0.000000e+00;
   0.000000e+00   0.000000e+00   0.000000e+00;
   0.000000e+00   0.000000e+00   0.000000e+00]
F=[ ...        
   0.000000e+00   0.000000e+00   0.000000e+00;
   0.000000e+00   0.000000e+00   0.000000e+00;
   0.000000e+00   0.000000e+00   0.000000e+00]
R=[ ...        
   0.000000e+00   0.000000e+00   0.000000e+00;
   0.000000e+00   0.000000e+00   0.000000e+00;
   0.000000e+00   0.000000e+00   0.000000e+00]
U=[ ...        
   0.000000e+00   0.000000e+00   0.000000e+00;
   0.000000e+00   0.000000e+00   0.000000e+00;
   0.000000e+00   0.000000e+00   0.000000e+00]
l=[ ...        
   0.000000e+00   0.000000e+00   0.000000e+00;
   0.000000e+00   0.000000e+00   0.000000e+00;
   0.000000e+00   0.000000e+00   0.000000e+00]
d=[ ...        
   0.000000e+00   0.000000e+00   0.000000e+00;
   0.000000e+00   0.000000e+00   0.000000e+00;
   0.000000e+00   0.000000e+00   0.000000e+00]
     iteration=         350000       process=              4       (i,j,k)=              1              0              0       (x,y,z)=   1.500000e-02   5.000000e-03   9.816383e-02     particles=             97
fabric=[ ...   
   3.083549e-01   8.933895e-03  -3.352572e-02;
   8.933895e-03   3.111094e-01  -5.580512e-03;
  -3.352572e-02  -5.580512e-03   3.805357e-01]
sigma=[ ...    
  -3.915632e+01   7.069714e+00   2.023075e+01;
  -1.433372e+01  -4.791293e+01  -4.693879e+00;
   2.559933e+01  -1.477036e+01  -3.195529e+01]
sigmaDot=[ ... 
   7.745772e+05  -1.388567e+06  -8.288372e+06;
  -4.163484e+07  -2.991075e+06  -8.318451e+05;
  -1.666267e+06  -2.340285e+07   4.256671e+04]
intgraE=[ ...  
   4.217379e+00  -1.835395e+00   2.773802e-02;
  -1.835395e+00   1.724938e+00  -2.185322e-02;
   2.773802e-02  -2.185322e-02  -4.940031e-01]
E=[ ...        
   1.892115e+09  -1.638040e+09   1.362766e+04;
  -1.638040e+09   1.418632e+09  -1.181543e+04;
   1.362766e+04  -1.181543e+04  -4.012780e-01]
e=[ ...        
  -2.404699e+05  -1.133380e+06  -7.461417e+03;
  -1.133380e+06  -5.341823e+06  -3.516700e+04;
  -7.461417e+03  -3.516700e+04  -2.310161e+02]
intgraF=[ ...  
   2.955555e+00  -1.223540e+00  -1.093269e-02;
   3.375674e-01   1.544724e+00   1.560127e-02;
   7.651793e-01  -7.527630e-01   1.078463e-01]
F=[ ...        
   8.487361e+02   2.897561e+02  -2.699743e-02;
  -5.850012e+02   2.891794e+02   2.502272e-03;
   6.150746e+04  -5.326440e+04   4.435187e-01]
R=[ ...        
   6.445145e-01   7.358737e-01  -2.075836e-01;
  -1.417148e-01  -1.518198e-01  -9.781961e-01;
   7.513441e-01  -6.598793e-01  -6.434127e-03]
U=[ ...        
   4.684319e+04  -3.987412e+04   3.154803e-01;
  -3.987412e+04   3.531739e+04  -3.129154e-01;
   3.154803e-01  -3.129154e-01   3.028564e-04]
l=[ ...        
  -1.801933e+00  -8.814252e+00   2.914175e-01;
  -1.171069e+00  -9.470877e-02  -1.299458e-02;
   6.276398e+00  -1.056583e+01  -1.392203e+01]
d=[ ...        
  -1.801933e+00  -4.992660e+00   3.283908e+00;
  -4.992660e+00  -9.470877e-02  -5.289414e+00;
   3.283908e+00  -5.289414e+00  -1.392203e+01]
     iteration=         350000       process=              5       (i,j,k)=              1              0              1       (x,y,z)=   1.500000e-02   5.000000e-03   2.944915e-01     particles=              6
fabric=[ ...   
   0.000000e+00   0.000000e+00   0.000000e+00;
   0.000000e+00   0.000000e+00   0.000000e+00;
   0.000000e+00   0.000000e+00   0.000000e+00]
sigma=[ ...    
   0.000000e+00   0.000000e+00   0.000000e+00;
   0.000000e+00   0.000000e+00   0.000000e+00;
   0.000000e+00   0.000000e+00   0.000000e+00]
sigmaDot=[ ... 
   0.000000e+00   0.000000e+00   0.000000e+00;
   0.000000e+00   0.000000e+00   0.000000e+00;
   0.000000e+00   0.000000e+00   0.000000e+00]
intgraE=[ ...  
   0.000000e+00   0.000000e+00   0.000000e+00;
   0.000000e+00   0.000000e+00   0.000000e+00;
   0.000000e+00   0.000000e+00   0.000000e+00]
E=[ ...        
   0.000000e+00   0.000000e+00   0.000000e+00;
   0.000000e+00   0.000000e+00   0.000000e+00;
   0.000000e+00   0.000000e+00   0.000000e+00]
e=[ ...        
   0.000000e+00   0.000000e+00   0.000000e+00;
   0.000000e+00   0.000000e+00   0.000000e+00;
   0.000000e+00   0.000000e+00   0.000000e+00]
intgraF=[ ...  
   0.000000e+00   0.000000e+00   0.000000e+00;
   0.000000e+00   0.000000e+00   0.000000e+00;
   0.000000e+00   0.000000e+00   0.000000e+00]
F=[ ...        
   0.000000e+00   0.000000e+00   0.000000e+00;
   0.000000e+00   0.000000e+00   0.000000e+00;
   0.000000e+00   0.000000e+00   0.000000e+00]
R=[ ...        
   0.000000e+00   0.000000e+00   0.000000e+00;
   0.000000e+00   0.000000e+00   0.000000e+00;
   0.000000e+00   0.000000e+00   0.000000e+00]
U=[ ...        
   0.000000e+00   0.000000e+00   0.000000e+00;
   0.000000e+00   0.000000e+00   0.000000e+00;
   0.000000e+00   0.000000e+00   0.000000e+00]
l=[ ...        
   0.000000e+00   0.000000e+00   0.000000e+00;
   0.000000e+00   0.000000e+00   0.000000e+00;
   0.000000e+00   0.000000e+00   0.000000e+00]
d=[ ...        
   0.000000e+00   0.000000e+00   0.000000e+00;
   0.000000e+00   0.000000e+00   0.000000e+00;
   0.000000e+00   0.000000e+00   0.000000e+00]
     iteration=         350000       process=              6       (i,j,k)=              1              1              0       (x,y,z)=   1.500000e-02   1.500000e-02   9.816383e-02     particles=             94
fabric=[ ...   
   3.292545e-01   2.893839e-03  -9.941072e-03;
   2.893839e-03   2.788079e-01   4.852429e-02;
  -9.941072e-03   4.852429e-02   3.919376e-01]
sigma=[ ...    
  -1.708058e+01   1.616751e+00   3.372459e+00;
  -5.856843e-01  -2.283577e+01  -4.479168e+00;
   2.762660e+00  -3.368714e+00  -1.849575e+01]
sigmaDot=[ ... 
  -2.561296e+04  -2.523885e+04  -1.890567e+05;
  -8.315078e+05   6.372510e+05   4.654934e+05;
  -3.577121e+05   2.406545e+06   2.718927e+05]
intgraE=[ ...  
   3.640444e-01  -8.767728e-01  -3.291971e-02;
  -8.767728e-01   4.124443e-01   4.364275e-02;
  -3.291971e-02   4.364275e-02  -4.925090e-01]
E=[ ...        
   9.604418e+07  -3.693346e+06  -4.401801e+03;
  -3.693346e+06   1.425531e+05   1.683467e+02;
  -4.401801e+03   1.683467e+02  -2.941383e-01]
e=[ ...        
  -3.502037e+01   4.769156e+01  -2.444490e+00;
   4.769156e+01  -6.353458e+01   3.282180e+00;
  -2.444490e+00   3.282180e+00   3.317673e-01]
intgraF=[ ...  
   7.769309e-01  -9.247103e-01  -6.283150e-02;
  -1.049201e+00   9.847014e-01   3.093737e-02;
   1.537674e-01  -1.274599e-02   1.003842e-01]
F=[ ...        
  -1.236879e+02   3.081124e+01   2.318401e-03;
  -8.012961e+02   5.014930e+01  -5.386507e-02;
  -1.383586e+04   5.307004e+02   6.393877e-01]
R=[ ...        
   2.190816e-02   8.031250e-01   5.954077e-01;
  -3.503691e-02   5.958016e-01  -8.023671e-01;
  -9.991459e-01  -3.282856e-03   4.119193e-02]
U=[ ...        
   1.384941e+04  -5.313292e+02  -6.369035e-01;
  -5.313292e+02   5.288209e+01  -3.232995e-02;
  -6.369035e-01  -3.232995e-02   7.093757e-02]
l=[ ...        
  -2.492726e+00   2.073394e-01  -2.722371e-02;
   1.640106e+00  -9.553738e-01   5.354106e-02;
   1.367402e+00  -1.053772e+00  -1.442784e+01]
d=[ ...        
  -2.492726e+00   9.237228e-01   6.700893e-01;
   9.237228e-01  -9.553738e-01  -5.001153e-01;
   6.700893e-01  -5.001153e-01  -1.442784e+01]
     iteration=         350000       process=              7       (i,j,k)=              1              1              1       (x,y,z)=   1.500000e-02   1.500000e-02   2.944915e-01     particles=              6
fabric=[ ...   
   0.000000e+00   0.000000e+00   0.000000e+00;
   0.000000e+00   0.000000e+00   0.000000e+00;
   0.000000e+00   0.000000e+00   0.000000e+00]
sigma=[ ...    
   0.000000e+00   0.000000e+00   0.000000e+00;
   0.000000e+00   0.000000e+00   0.000000e+00;
   0.000000e+00   0.000000e+00   0.000000e+00]
sigmaDot=[ ... 
   0.000000e+00   0.000000e+00   0.000000e+00;
   0.000000e+00   0.000000e+00   0.000000e+00;
   0.000000e+00   0.000000e+00   0.000000e+00]
intgraE=[ ...  
   0.000000e+00   0.000000e+00   0.000000e+00;
   0.000000e+00   0.000000e+00   0.000000e+00;
   0.000000e+00   0.000000e+00   0.000000e+00]
E=[ ...        
   0.000000e+00   0.000000e+00   0.000000e+00;
   0.000000e+00   0.000000e+00   0.000000e+00;
   0.000000e+00   0.000000e+00   0.000000e+00]
e=[ ...        
   0.000000e+00   0.000000e+00   0.000000e+00;
   0.000000e+00   0.000000e+00   0.000000e+00;
   0.000000e+00   0.000000e+00   0.000000e+00]
intgraF=[ ...  
   0.000000e+00   0.000000e+00   0.000000e+00;
   0.000000e+00   0.000000e+00   0.000000e+00;
   0.000000e+00   0.000000e+00   0.000000e+00]
F=[ ...        
   0.000000e+00   0.000000e+00   0.000000e+00;
   0.000000e+00   0.000000e+00   0.000000e+00;
   0.000000e+00   0.000000e+00   0.000000e+00]
R=[ ...        
   0.000000e+00   0.000000e+00   0.000000e+00;
   0.000000e+00   0.000000e+00   0.000000e+00;
   0.000000e+00   0.000000e+00   0.000000e+00]
U=[ ...        
   0.000000e+00   0.000000e+00   0.000000e+00;
   0.000000e+00   0.000000e+00   0.000000e+00;
   0.000000e+00   0.000000e+00   0.000000e+00]
l=[ ...        
   0.000000e+00   0.000000e+00   0.000000e+00;
   0.000000e+00   0.000000e+00   0.000000e+00;
   0.000000e+00   0.000000e+00   0.000000e+00]
d=[ ...        
   0.000000e+00   0.000000e+00   0.000000e+00;
   0.000000e+00   0.000000e+00   0.000000e+00;
   0.000000e+00   0.000000e+00   0.000000e+00]
