     iteration=        1550000       process=              0       (i,j,k)=              0              0              0       (x,y,z)=   5.000000e-03   5.000000e-03   5.253276e-03     particles=             80
fabric=[ ...   
   3.407093e-01   6.666532e-03  -4.679766e-04;
   6.666532e-03   3.072039e-01   5.690031e-04;
  -4.679766e-04   5.690031e-04   3.520869e-01]
sigma=[ ...    
  -3.171255e+02  -2.417918e+01   2.393849e+01;
  -2.417866e+01  -2.445637e+02  -2.607872e+01;
   2.393833e+01  -2.607917e+01  -3.735991e+02]
sigmaDot=[ ... 
   3.096188e+01   4.651036e+01   2.427547e+01;
   1.193648e+01   2.480519e+01   5.929521e+01;
   4.258209e+01   7.309987e+01   1.879139e+02]
intgraE=[ ...  
   4.533406e+01  -1.806082e+01  -6.086048e-02;
  -1.806082e+01   1.188817e+01   8.602422e-03;
  -6.086048e-02   8.602422e-03  -4.998743e-01]
E=[ ...        
   1.856543e+05  -5.456466e+04  -1.992329e+00;
  -5.456466e+04   8.826327e+05   1.406032e+00;
  -1.992329e+00   1.406032e+00  -4.997948e-01]
e=[ ...        
  -4.187155e+01  -3.618160e+00  -2.367557e+02;
  -3.618160e+00   1.910399e-01  -2.021687e+01;
  -2.367557e+02  -2.021687e+01  -1.322399e+03]
intgraF=[ ...  
   6.092192e+00  -3.970613e+00  -3.534207e-03;
  -5.140840e-01   2.636291e+00  -6.445708e-03;
  -7.368110e+00   1.435461e+00   1.404750e-02]
F=[ ...        
   5.030005e+02  -8.538233e+02  -2.695716e-03;
  -3.332978e+02  -1.003981e+03   2.821262e-03;
  -8.492713e+01   1.681496e+02   1.988047e-02]
R=[ ...        
   7.722699e-01  -6.103884e-01   1.761397e-01;
  -6.221232e-01  -7.827747e-01   1.504730e-02;
  -1.286930e-01   1.212012e-01   9.842502e-01]
U=[ ...        
   6.067340e+02  -5.642182e+01  -6.395471e-03;
  -5.642182e+01   1.327435e+03   1.846558e-03;
  -6.395471e-03   1.846558e-03   1.913498e-02]
l=[ ...        
   1.738703e-03   2.431706e-04  -7.397513e-05;
   1.653894e-03   2.307784e-04  -7.176962e-05;
  -2.524954e-05  -1.824118e-06   4.178301e-06]
d=[ ...        
   1.738703e-03   9.485322e-04  -4.961233e-05;
   9.485322e-04   2.307784e-04  -3.679687e-05;
  -4.961233e-05  -3.679687e-05   4.178301e-06]
     iteration=        1550000       process=              1       (i,j,k)=              0              0              1       (x,y,z)=   5.000000e-03   5.000000e-03   1.575983e-02     particles=             46
fabric=[ ...   
   3.545066e-01  -8.151551e-03   2.264838e-02;
  -8.151551e-03   3.195764e-01   1.074991e-03;
   2.264838e-02   1.074991e-03   3.259170e-01]
sigma=[ ...    
  -6.688678e+01   7.764507e+00   4.783454e-01;
   7.988272e+00  -7.666385e+01   1.563934e+00;
   8.452923e-01   1.741828e+00  -1.059183e+02]
sigmaDot=[ ... 
   8.544046e+03   5.394061e+03   5.834898e+04;
   5.877165e+03   5.571719e+02   8.806716e+03;
  -5.760868e+03  -1.337205e+04   2.906512e+03]
intgraE=[ ...  
   9.541021e-02  -6.456817e-02  -6.784931e-01;
  -6.456817e-02   1.150248e-02   3.409794e-01;
  -6.784931e-01   3.409794e-01   3.604724e+00]
E=[ ...        
   6.649871e+05  -8.275324e+05   3.175271e+00;
  -8.275324e+05   1.803553e+06  -2.435616e+01;
   3.175271e+00  -2.435616e+01  -4.994459e-01]
e=[ ...        
  -1.548289e+05  -7.115689e+04   1.213517e+05;
  -7.115689e+04  -3.270197e+04   5.577115e+04;
   1.213517e+05   5.577115e+04  -9.511221e+04]
intgraF=[ ...  
   9.981283e-01   3.868132e-04  -9.610199e-02;
  -3.448745e-02   9.878696e-01   6.128610e-02;
  -4.397396e-01   2.170678e-01   2.862946e+00]
F=[ ...        
   4.045208e+02  -1.217117e+03   1.976890e-02;
  -1.073977e+03   1.174086e+03  -1.297715e-03;
  -1.136296e+02  -8.644387e+02   2.675450e-02]
R=[ ...        
   6.234848e-03  -6.724573e-01  -7.401097e-01;
  -8.660918e-01   3.663240e-01  -3.401350e-01;
  -4.998462e-01  -6.431236e-01   5.801258e-01]
U=[ ...        
   9.894820e+02  -5.923686e+02  -1.212594e-02;
  -5.923686e+02   1.804496e+03  -3.097557e-02;
  -1.212594e-02  -3.097557e-02   1.331218e-03]
l=[ ...        
   5.803410e-05  -8.062222e-05  -7.551986e-05;
  -2.547996e-05   1.841315e-05   4.797728e-05;
   2.604553e-05  -4.842727e-06  -5.728042e-05]
d=[ ...        
   5.803410e-05  -5.305109e-05  -2.473716e-05;
  -5.305109e-05   1.841315e-05   2.156728e-05;
  -2.473716e-05   2.156728e-05  -5.728042e-05]
     iteration=        1550000       process=              2       (i,j,k)=              0              1              0       (x,y,z)=   5.000000e-03   1.500000e-02   5.253276e-03     particles=             81
fabric=[ ...   
   3.310535e-01  -4.781924e-04   1.495904e-03;
  -4.781924e-04   3.223534e-01   1.544878e-02;
   1.495904e-03   1.544878e-02   3.465931e-01]
sigma=[ ...    
  -2.981732e+02  -7.199538e+00   2.963236e+01;
  -7.199042e+00  -2.534858e+02  -3.477866e+01;
   2.963122e+01  -3.477833e+01  -2.911842e+02]
sigmaDot=[ ... 
  -8.689277e+01   1.299394e+01   2.952613e+01;
   1.037077e+00  -7.526278e+01   5.087950e+00;
   3.857381e+01   2.128653e+01  -8.120112e+01]
intgraE=[ ...  
   1.494310e+01  -1.573137e+01  -2.006797e-01;
  -1.573137e+01   1.588613e+01   2.068408e-01;
  -2.006797e-01   2.068408e-01  -4.973758e-01]
E=[ ...        
   3.378779e+05   1.169018e+05   6.555808e+02;
   1.169018e+05   1.935928e+05   3.662820e+01;
   6.555808e+02   3.662820e+01   1.010113e+00]
e=[ ...        
  -6.572456e+01   6.434360e+01   1.493077e+01;
   6.434360e+01  -6.201606e+01  -1.450670e+01;
   1.493077e+01  -1.450670e+01  -2.866244e+00]
intgraF=[ ...  
   4.292991e+00  -4.911122e+00  -5.941719e-02;
   1.161330e+00  -9.041747e-01  -1.382272e-02;
   3.332827e+00  -2.799216e+00  -3.907468e-02]
F=[ ...        
  -4.836385e+02   4.883718e+01  -1.250420e+00;
  -3.695677e+02   1.874781e+02  -1.066376e+00;
  -5.525127e+02  -5.913150e+02  -5.652581e-01]
R=[ ...        
  -6.535607e-01   2.624898e-01  -7.098996e-01;
  -5.572646e-01   4.678057e-01   6.860131e-01;
  -5.121665e-01  -8.439531e-01   1.594632e-01]
U=[ ...        
   8.050126e+02   1.664588e+02   1.700985e+00;
   1.664588e+02   5.995647e+02  -3.500280e-01;
   1.700985e+00  -3.500280e-01   6.598684e-02]
l=[ ...        
  -2.341849e-03   7.240349e-04   8.519310e-03;
   1.004810e-02  -4.388776e-04  -1.073811e-03;
   7.051013e-05  -7.173242e-07   8.176697e-05]
d=[ ...        
  -2.341849e-03   5.386069e-03   4.294910e-03;
   5.386069e-03  -4.388776e-04  -5.372642e-04;
   4.294910e-03  -5.372642e-04   8.176697e-05]
     iteration=        1550000       process=              3       (i,j,k)=              0              1              1       (x,y,z)=   5.000000e-03   1.500000e-02   1.575983e-02     particles=             39
fabric=[ ...   
   3.401897e-01   1.684085e-02   1.968222e-02;
   1.684085e-02   3.264890e-01   1.232326e-03;
   1.968222e-02   1.232326e-03   3.333213e-01]
sigma=[ ...    
  -1.009322e+02  -1.002087e+01  -9.288778e+00;
  -9.935690e+00  -8.709930e+01  -1.426860e+00;
  -9.230521e+00  -1.443840e+00  -1.335102e+02]
sigmaDot=[ ... 
  -7.738697e+02  -1.262516e+01  -4.551708e+03;
  -3.456864e+01   7.653481e+02  -3.904214e+02;
  -6.450115e+02   6.003714e+03   3.890787e+02]
intgraE=[ ...  
  -4.111376e-02   7.395180e-02  -3.251002e-02;
   7.395180e-02   7.158115e-02  -4.380792e-02;
  -3.251002e-02  -4.380792e-02  -1.447491e-01]
E=[ ...        
   5.583098e+05  -5.828983e+05   7.677878e+00;
  -5.828983e+05   9.243095e+05  -3.221792e-01;
   7.677878e+00  -3.221792e-01  -4.995267e-01]
e=[ ...        
   4.657406e-01   3.218064e+00   6.096787e+00;
   3.218064e+00  -3.017967e+02  -5.727167e+02;
   6.096787e+00  -5.727167e+02  -1.084541e+03]
intgraF=[ ...  
   9.471462e-01  -1.349194e-04  -9.096920e-02;
   1.362068e-01   1.067702e+00  -1.257952e-01;
   4.619861e-02   5.634768e-02   8.284937e-01]
F=[ ...        
  -5.269537e+02  -1.386279e+02  -2.412509e-02;
  -8.112424e+02   1.195831e+03   6.206231e-03;
   4.252367e+02  -6.319737e+02   1.805514e-02]
R=[ ...        
  -8.720922e-01  -4.893158e-01  -5.015245e-03;
  -4.347809e-01   7.701119e-01   4.667903e-01;
   2.245456e-01  -4.092647e-01   8.843538e-01]
U=[ ...        
   9.077499e+02  -5.409350e+02   2.239516e-02;
  -5.409350e+02   1.247401e+03   9.194951e-03;
   2.239516e-02   9.194951e-03   1.898513e-02]
l=[ ...        
  -1.336933e-05   6.608207e-05   7.905234e-06;
   2.638752e-04   1.289863e-04  -1.749745e-04;
   3.576774e-04   9.571403e-05  -2.168897e-04]
d=[ ...        
  -1.336933e-05   1.649786e-04   1.827913e-04;
   1.649786e-04   1.289863e-04  -3.963022e-05;
   1.827913e-04  -3.963022e-05  -2.168897e-04]
     iteration=        1550000       process=              4       (i,j,k)=              1              0              0       (x,y,z)=   1.500000e-02   5.000000e-03   5.253276e-03     particles=             77
fabric=[ ...   
   3.322174e-01   4.587125e-03  -1.146362e-02;
   4.587125e-03   3.198822e-01   2.024268e-02;
  -1.146362e-02   2.024268e-02   3.479005e-01]
sigma=[ ...    
  -2.890698e+02   1.823728e+01  -3.719469e+00;
   1.823766e+01  -2.587733e+02  -4.820631e+01;
  -3.708294e+00  -4.818937e+01  -3.695575e+02]
sigmaDot=[ ... 
   1.530277e+02   3.017076e+01  -1.317431e+02;
  -3.978133e+01  -1.120566e+01   9.432076e+01;
  -2.394098e+02  -1.740984e+02   8.911636e+01]
intgraE=[ ...  
   1.997195e+01  -1.506993e+00   1.549190e-02;
  -1.506993e+00   2.807030e+00   2.983785e-02;
   1.549190e-02   2.983785e-02  -4.996866e-01]
E=[ ...        
   1.458485e+06  -7.914747e+05   8.648112e+00;
  -7.914747e+05   4.650673e+05  -4.766183e+00;
   8.648112e+00  -4.766183e+00  -4.996759e-01]
e=[ ...        
  -7.131761e+02   2.837086e+02   2.541969e+02;
   2.837086e+02  -1.122830e+02  -1.010512e+02;
   2.541969e+02  -1.010512e+02  -9.003976e+01]
intgraF=[ ...  
   4.235461e+00   9.829223e-01   1.482419e-02;
   8.721565e-01   1.543409e+00   1.753239e-02;
   4.716366e+00  -1.807156e+00  -9.985327e-03]
F=[ ...        
  -7.294625e+00  -1.216101e+02  -2.038502e-02;
  -1.149837e+03   4.503815e+02   1.728140e-03;
   1.262851e+03  -8.440990e+02   1.515191e-02]
R=[ ...        
  -2.039301e-01  -4.244274e-01  -8.821983e-01;
  -8.860414e-01  -3.032189e-01   3.506978e-01;
   4.163450e-01  -8.531821e-01   3.142248e-01]
U=[ ...        
   1.546073e+03  -7.256931e+02   8.934338e-03;
  -7.256931e+02   6.352206e+02  -4.799382e-03;
   8.934338e-03  -4.799382e-03   2.335079e-02]
l=[ ...        
  -1.383720e-06   4.671689e-04   3.456574e-04;
  -1.666640e-06   6.873102e-05   5.575770e-05;
  -5.622588e-07   2.097376e-05  -3.642178e-06]
d=[ ...        
  -1.383720e-06   2.327511e-04   1.725476e-04;
   2.327511e-04   6.873102e-05   3.836573e-05;
   1.725476e-04   3.836573e-05  -3.642178e-06]
     iteration=        1550000       process=              5       (i,j,k)=              1              0              1       (x,y,z)=   1.500000e-02   5.000000e-03   1.575983e-02     particles=             35
fabric=[ ...   
   3.330019e-01   1.096332e-02   3.956540e-03;
   1.096332e-02   3.613500e-01   2.199388e-03;
   3.956540e-03   2.199388e-03   3.056481e-01]
sigma=[ ...    
  -1.124358e+02  -2.039331e+00   1.183386e+00;
  -2.040387e+00  -1.197345e+02   1.553701e+01;
   1.183532e+00   1.553712e+01  -1.336785e+02]
sigmaDot=[ ... 
   1.348153e+02  -1.604201e+02   2.423453e+01;
  -2.211232e+02   2.001810e+02   1.224422e+02;
  -4.236245e+01   7.821665e+01  -3.382281e+01]
intgraE=[ ...  
  -9.614752e-03   1.044760e-02  -6.499416e-02;
   1.044760e-02   4.347350e-02   1.493197e-01;
  -6.499416e-02   1.493197e-01  -4.027499e-01]
E=[ ...        
   1.446285e+06  -4.948988e+05  -6.632021e+03;
  -4.948988e+05   9.678350e+05   9.123866e+03;
  -6.632021e+03   9.123866e+03   1.197083e+02]
e=[ ...        
   4.994273e-01  -2.034182e-03   3.976825e-04;
  -2.034182e-03   4.927722e-01   1.413318e-03;
   3.976825e-04   1.413318e-03   4.997233e-01]
intgraF=[ ...  
   9.892158e-01   2.952765e-02  -1.144070e-01;
   2.639847e-03   1.015634e+00   2.124687e-01;
  -4.707098e-02   2.335860e-01   3.691455e-01]
F=[ ...        
  -1.124083e+03   1.271325e+03   1.067151e+01;
   5.422837e+02  -2.595663e+02  -1.056540e+01;
   1.155394e+03   5.020246e+02   3.861076e+00]
R=[ ...        
  -5.138166e-01   8.180652e-01  -2.583831e-01;
   3.000325e-01  -1.108089e-01  -9.474713e-01;
   8.037245e-01   5.643498e-01   1.885107e-01]
U=[ ...        
   1.668894e+03  -3.276168e+02  -5.549919e+00;
  -3.276168e+02   1.352107e+03   1.207973e+01;
  -5.549919e+00   1.207973e+01   7.980927e+00]
l=[ ...        
  -1.481974e-06   2.126012e-06   1.238964e-05;
  -1.046521e-06   9.550825e-06  -2.592572e-06;
  -2.650256e-06   5.612170e-07  -1.113245e-06]
d=[ ...        
  -1.481974e-06   5.397456e-07   4.869693e-06;
   5.397456e-07   9.550825e-06  -1.015677e-06;
   4.869693e-06  -1.015677e-06  -1.113245e-06]
     iteration=        1550000       process=              6       (i,j,k)=              1              1              0       (x,y,z)=   1.500000e-02   1.500000e-02   5.253276e-03     particles=             70
fabric=[ ...   
   3.125225e-01  -1.344444e-03   1.035642e-02;
  -1.344444e-03   3.304218e-01   2.028285e-02;
   1.035642e-02   2.028285e-02   3.570558e-01]
sigma=[ ...    
  -3.138545e+02  -4.051310e+01   1.803971e+01;
  -4.051097e+01  -3.484003e+02   2.113305e+01;
   1.804336e+01   2.114329e+01  -3.551041e+02]
sigmaDot=[ ... 
   2.189597e+01   3.221606e+01  -5.486745e+01;
   3.972599e+01  -7.920582e+01  -1.316557e+01;
  -5.811692e+01  -1.139068e+01   2.089532e+01]
intgraE=[ ...  
   3.573366e-01  -8.508949e-01  -3.522102e-02;
  -8.508949e-01   3.542751e-01   3.689416e-02;
  -3.522102e-02   3.689416e-02  -4.981686e-01]
E=[ ...        
   1.256307e+06  -1.021746e+06   5.519548e-01;
  -1.021746e+06   8.610083e+05   4.422219e-01;
   5.519548e-01   4.422219e-01  -4.999365e-01]
e=[ ...        
  -4.485674e+02  -1.082642e+03   1.294042e+03;
  -1.082642e+03  -2.609605e+03   3.119762e+03;
   1.294042e+03   3.119762e+03  -3.728436e+03]
intgraF=[ ...  
   4.848062e-01  -6.110379e-01  -4.566422e-02;
  -1.112801e+00   1.056867e+00   3.600720e-02;
  -4.912328e-01   4.671347e-01   1.676373e-02]
F=[ ...        
   5.882776e+02  -2.597779e+02   4.539814e-03;
  -1.222990e+03   1.029489e+03  -4.825275e-03;
  -8.190488e+02   7.711579e+02   9.117920e-03]
R=[ ...        
   8.172353e-01   5.157418e-01  -2.571708e-01;
  -5.488848e-01   5.605515e-01  -6.200867e-01;
  -1.756472e-01   6.479139e-01   7.411853e-01]
U=[ ...        
   1.295905e+03  -9.128224e+02   4.757079e-03;
  -9.128224e+02   9.427475e+02   5.544184e-03;
   4.757079e-03   5.544184e-03   8.582649e-03]
l=[ ...        
  -1.771038e-02   3.523923e-03   1.062495e-02;
   1.056892e-02  -1.558367e-01   9.456957e-02;
   1.366467e-02  -1.057186e-02   1.380734e-02]
d=[ ...        
  -1.771038e-02   7.046424e-03   1.214481e-02;
   7.046424e-03  -1.558367e-01   4.199885e-02;
   1.214481e-02   4.199885e-02   1.380734e-02]
     iteration=        1550000       process=              7       (i,j,k)=              1              1              1       (x,y,z)=   1.500000e-02   1.500000e-02   1.575983e-02     particles=             48
fabric=[ ...   
   3.295687e-01  -1.015338e-02  -9.363667e-03;
  -1.015338e-02   3.120910e-01  -6.333302e-03;
  -9.363667e-03  -6.333302e-03   3.583403e-01]
sigma=[ ...    
  -7.717118e+01   4.858377e-01   1.207302e+01;
   4.856101e-01  -7.533154e+01   4.116891e+00;
   1.207337e+01   4.117787e+00  -1.001595e+02]
sigmaDot=[ ... 
   1.443042e+02   3.271036e+01  -6.159449e+01;
   1.951199e+01  -8.970021e+00  -3.078257e+01;
  -7.634769e+01  -2.026559e+01   5.297540e+01]
intgraE=[ ...  
   1.740626e-02   7.398320e-02  -9.779651e-02;
   7.398320e-02   1.064849e-02  -3.851900e-02;
  -9.779651e-02  -3.851900e-02  -4.664300e-01]
E=[ ...        
   6.940563e+05  -5.277906e+05   1.521941e+01;
  -5.277906e+05   4.208986e+05  -1.237949e+01;
   1.521941e+01  -1.237949e+01  -4.996319e-01]
e=[ ...        
  -2.901253e+04  -1.318765e+04  -7.420798e+04;
  -1.318765e+04  -5.993843e+03  -3.373066e+04;
  -7.420798e+04  -3.373066e+04  -1.898047e+05]
intgraF=[ ...  
   1.008011e+00   2.683129e-02  -1.737981e-01;
   1.045813e-01   9.911032e-01  -3.574212e-02;
  -8.825172e-02  -1.956823e-01   1.888298e-01]
F=[ ...        
  -6.868623e+02   6.663999e+02  -2.046772e-02;
  -8.595599e+02   5.223412e+02  -1.319020e-02;
   4.212961e+02  -3.533681e+02   1.196912e-02]
R=[ ...        
  -9.087295e-02   9.288244e-01   3.592038e-01;
  -9.737723e-01  -1.584258e-01   1.633061e-01;
   2.085898e-01  -3.349426e-01   9.188600e-01]
U=[ ...        
   9.873109e+02  -6.429081e+02   1.720085e-02;
  -6.429081e+02   6.545742e+02  -2.093021e-02;
   1.720085e-02  -2.093021e-02   1.491819e-03]
l=[ ...        
   5.323254e-06  -3.170445e-06   3.093759e-06;
  -2.048953e-06  -5.481528e-06   1.667072e-06;
  -2.148221e-06   1.150654e-06   2.154604e-06]
d=[ ...        
   5.323254e-06  -2.609699e-06   4.727689e-07;
  -2.609699e-06  -5.481528e-06   1.408863e-06;
   4.727689e-07   1.408863e-06   2.154604e-06]
