     iteration=        3000000       process=              0       (i,j,k)=              0              0              0       (x,y,z)=   5.000000e-03   5.000000e-03   5.253276e-03     particles=             80
fabric=[ ...   
   3.407081e-01   6.666279e-03  -4.672974e-04;
   6.666279e-03   3.072062e-01   5.697031e-04;
  -4.672974e-04   5.697031e-04   3.520857e-01]
sigma=[ ...    
  -3.169463e+02  -2.424055e+01   2.404291e+01;
  -2.424069e+01  -2.446423e+02  -2.611110e+01;
   2.404274e+01  -2.611140e+01  -3.732791e+02]
sigmaDot=[ ... 
   9.248008e+00  -5.645380e+00   3.991239e+00;
  -2.425085e+00   7.608771e+00   5.121274e+00;
  -6.264987e-01   1.750834e+00  -3.404154e+00]
intgraE=[ ...  
   4.533763e+01  -1.806232e+01  -6.086496e-02;
  -1.806232e+01   1.188872e+01   8.604564e-03;
  -6.086496e-02   8.604564e-03  -4.998743e-01]
E=[ ...        
   1.856981e+05  -5.447284e+04  -1.992109e+00;
  -5.447284e+04   8.827168e+05   1.407026e+00;
  -1.992109e+00   1.407026e+00  -4.997948e-01]
e=[ ...        
  -4.184838e+01  -3.637953e+00  -2.366834e+02;
  -3.637953e+00   1.874794e-01  -2.033238e+01;
  -2.366834e+02  -2.033238e+01  -1.322314e+03]
intgraF=[ ...  
   6.092817e+00  -3.970974e+00  -3.534703e-03;
  -5.134946e-01   2.635950e+00  -6.446176e-03;
  -7.368118e+00   1.435465e+00   1.404751e-02]
F=[ ...        
   5.030115e+02  -8.537796e+02  -2.696521e-03;
  -3.334258e+02  -1.004094e+03   2.820504e-03;
  -8.487595e+01   1.681952e+02   1.988088e-02]
R=[ ...        
   7.722848e-01  -6.103815e-01   1.760983e-01;
  -6.221225e-01  -7.827736e-01   1.513429e-02;
  -1.286074e-01   1.212427e-01   9.842562e-01]
U=[ ...        
   6.068155e+02  -5.632254e+01  -6.394009e-03;
  -5.632254e+01   1.327502e+03   1.848501e-03;
  -6.394009e-03   1.848501e-03   1.913571e-02]
l=[ ...        
   8.589557e-03   1.190256e-03  -3.689787e-04;
   8.155800e-03   1.130652e-03  -3.509338e-04;
  -1.226152e-04  -1.664548e-05   5.008830e-06]
d=[ ...        
   8.589557e-03   4.673028e-03  -2.457969e-04;
   4.673028e-03   1.130652e-03  -1.837897e-04;
  -2.457969e-04  -1.837897e-04   5.008830e-06]
     iteration=        3000000       process=              1       (i,j,k)=              0              0              1       (x,y,z)=   5.000000e-03   5.000000e-03   1.575983e-02     particles=             46
fabric=[ ...   
   3.564787e-01  -1.130125e-02   2.350287e-02;
  -1.130125e-02   3.196542e-01   3.392483e-04;
   2.350287e-02   3.392483e-04   3.238671e-01]
sigma=[ ...    
  -6.731263e+01   8.029048e+00   7.506984e-01;
   8.029187e+00  -7.669059e+01   1.503486e+00;
   7.506768e-01   1.503403e+00  -1.060264e+02]
sigmaDot=[ ... 
  -1.694593e+01   9.512077e+00   1.499981e+01;
   1.252135e+01  -9.513998e+00   5.278766e+00;
   1.689146e+01   6.015087e+00   1.139766e+00]
intgraE=[ ...  
   9.541105e-02  -6.456878e-02  -6.784939e-01;
  -6.456878e-02   1.150404e-02   3.409815e-01;
  -6.784939e-01   3.409815e-01   3.604720e+00]
E=[ ...        
   6.649840e+05  -8.275411e+05   3.175638e+00;
  -8.275411e+05   1.803571e+06  -2.435673e+01;
   3.175638e+00  -2.435673e+01  -4.994458e-01]
e=[ ...        
  -1.548284e+05  -7.115772e+04   1.213486e+05;
  -7.115772e+04  -3.270283e+04   5.577052e+04;
   1.213486e+05   5.577052e+04  -9.510757e+04]
intgraF=[ ...  
   9.981293e-01   3.866677e-04  -9.610481e-02;
  -3.448875e-02   9.878713e-01   6.129174e-02;
  -4.397393e-01   2.170674e-01   2.862944e+00]
F=[ ...        
   4.045325e+02  -1.217120e+03   1.976895e-02;
  -1.073970e+03   1.174091e+03  -1.298042e-03;
  -1.136228e+02  -8.644495e+02   2.675489e-02]
R=[ ...        
   6.245680e-03  -6.724523e-01  -7.401141e-01;
  -8.660895e-01   3.663227e-01  -3.401420e-01;
  -4.998499e-01  -6.431295e-01   5.801160e-01]
U=[ ...        
   9.894754e+02  -5.923744e+02  -1.212574e-02;
  -5.923744e+02   1.804504e+03  -3.097603e-02;
  -1.212574e-02  -3.097603e-02   1.331182e-03]
l=[ ...        
  -3.871707e-07  -9.575344e-08   1.899105e-07;
  -4.252145e-08   5.943122e-09  -1.090739e-07;
  -1.317078e-07   4.686273e-08  -2.491995e-07]
d=[ ...        
  -3.871707e-07  -6.913744e-08   2.910131e-08;
  -6.913744e-08   5.943122e-09  -3.110559e-08;
   2.910131e-08  -3.110559e-08  -2.491995e-07]
     iteration=        3000000       process=              2       (i,j,k)=              0              1              0       (x,y,z)=   5.000000e-03   1.500000e-02   5.253276e-03     particles=             81
fabric=[ ...   
   3.310643e-01  -4.712005e-04   1.393061e-03;
  -4.712005e-04   3.223465e-01   1.548632e-02;
   1.393061e-03   1.548632e-02   3.465892e-01]
sigma=[ ...    
  -2.982989e+02  -7.132580e+00   2.963743e+01;
  -7.132423e+00  -2.536411e+02  -3.484295e+01;
   2.963747e+01  -3.484320e+01  -2.910195e+02]
sigmaDot=[ ... 
   2.505396e+00  -4.395331e+00   9.282053e-01;
  -3.719031e+00  -1.154106e+00  -2.466172e-01;
   5.663181e-01  -2.599367e-01   7.877652e-01]
intgraE=[ ...  
   1.494087e+01  -1.572931e+01  -2.006519e-01;
  -1.572931e+01   1.588433e+01   2.068158e-01;
  -2.006519e-01   2.068158e-01  -4.973762e-01]
E=[ ...        
   3.378605e+05   1.168774e+05   6.554533e+02;
   1.168774e+05   1.935660e+05   3.660242e+01;
   6.554533e+02   3.660242e+01   1.009562e+00]
e=[ ...        
  -6.589362e+01   6.450798e+01   1.496715e+01;
   6.450798e+01  -6.217590e+01  -1.454207e+01;
   1.496715e+01  -1.454207e+01  -2.874052e+00]
intgraF=[ ...  
   4.292679e+00  -4.910920e+00  -5.941394e-02;
   1.160568e+00  -9.032858e-01  -1.381205e-02;
   3.332825e+00  -2.799213e+00  -3.907466e-02]
F=[ ...        
  -4.836341e+02   4.884700e+01  -1.250144e+00;
  -3.695868e+02   1.874624e+02  -1.066247e+00;
  -5.524723e+02  -5.912739e+02  -5.651387e-01]
R=[ ...        
  -6.535592e-01   2.624907e-01  -7.099007e-01;
  -5.572780e-01   4.677852e-01   6.860162e-01;
  -5.121539e-01  -8.439643e-01   1.594450e-01]
U=[ ...        
   8.049969e+02   1.664302e+02   1.700677e+00;
   1.664302e+02   5.995281e+02  -3.499687e-01;
   1.700677e+00  -3.499687e-01   6.590696e-02]
l=[ ...        
   5.557179e-04   1.898836e-04   2.769661e-03;
  -1.013730e-03  -3.398357e-05  -8.190825e-04;
   2.080341e-06   9.343862e-06   8.507124e-05]
d=[ ...        
   5.557179e-04  -4.119234e-04   1.385871e-03;
  -4.119234e-04  -3.398357e-05  -4.048693e-04;
   1.385871e-03  -4.048693e-04   8.507124e-05]
     iteration=        3000000       process=              3       (i,j,k)=              0              1              1       (x,y,z)=   5.000000e-03   1.500000e-02   1.575983e-02     particles=             39
fabric=[ ...   
   3.400254e-01   1.749046e-02   2.042836e-02;
   1.749046e-02   3.267252e-01   1.325282e-03;
   2.042836e-02   1.325282e-03   3.332494e-01]
sigma=[ ...    
  -1.011901e+02  -1.033983e+01  -9.169331e+00;
  -1.033840e+01  -8.799327e+01  -1.341396e+00;
  -9.175850e+00  -1.340970e+00  -1.335923e+02]
sigmaDot=[ ... 
   5.446175e-01  -3.580458e+00  -6.427649e-01;
  -2.744424e+00   2.304922e+00   1.686741e+00;
  -5.872787e-01   1.932765e+00  -2.185063e+00]
intgraE=[ ...  
  -4.111339e-02   7.395219e-02  -3.250967e-02;
   7.395219e-02   7.158015e-02  -4.380867e-02;
  -3.250967e-02  -4.380867e-02  -1.447513e-01]
E=[ ...        
   5.288668e+05  -4.702536e+05   9.371268e+00;
  -4.702536e+05   6.974029e+05  -2.276886e+00;
   9.371268e+00  -2.276886e+00  -4.995807e-01]
e=[ ...        
   1.722463e-02   1.421958e+01   2.805768e+01;
   1.421958e+01  -4.183222e+02  -8.264087e+02;
   2.805768e+01  -8.264087e+02  -1.630147e+03]
intgraF=[ ...  
   9.471465e-01  -1.347444e-04  -9.096780e-02;
   1.362075e-01   1.067701e+00  -1.257955e-01;
   4.619819e-02   5.634628e-02   8.284913e-01]
F=[ ...        
  -6.096936e+02  -5.963695e+01  -2.409199e-02;
  -7.429780e+02   1.051698e+03   2.374014e-03;
   3.660491e+02  -5.340244e+02   1.589308e-02]
R=[ ...        
  -8.956771e-01  -4.444387e-01  -1.538894e-02;
  -4.027123e-01   7.959349e-01   4.520071e-01;
   1.886409e-01  -4.110497e-01   8.918816e-01]
U=[ ...        
   9.143468e+02  -4.708550e+02   2.362068e-02;
  -4.708550e+02   1.083098e+03   6.064129e-03;
   2.362068e-02   6.064129e-03   1.561856e-02]
l=[ ...        
   1.157743e-08  -1.893386e-08  -7.450660e-08;
  -5.495478e-08   1.488467e-08   1.209348e-07;
   1.627888e-08  -4.145332e-08  -4.110065e-08]
d=[ ...        
   1.157743e-08  -3.694432e-08  -2.911386e-08;
  -3.694432e-08   1.488467e-08   3.974076e-08;
  -2.911386e-08   3.974076e-08  -4.110065e-08]
     iteration=        3000000       process=              4       (i,j,k)=              1              0              0       (x,y,z)=   1.500000e-02   5.000000e-03   5.253276e-03     particles=             77
fabric=[ ...   
   3.322198e-01   4.587015e-03  -1.146189e-02;
   4.587015e-03   3.198819e-01   2.025013e-02;
  -1.146189e-02   2.025013e-02   3.478983e-01]
sigma=[ ...    
  -2.894167e+02   1.831482e+01  -3.980484e+00;
   1.831691e+01  -2.592553e+02  -4.834048e+01;
  -3.976998e+00  -4.833503e+01  -3.701482e+02]
sigmaDot=[ ... 
  -1.143986e+02   7.767839e+01   8.346673e+01;
   1.093180e+02  -7.908211e+00  -7.084716e+00;
  -2.081666e+00  -1.173450e+02  -8.560375e+01]
intgraE=[ ...  
   1.997194e+01  -1.506901e+00   1.549283e-02;
  -1.506901e+00   2.806991e+00   2.983759e-02;
   1.549283e-02   2.983759e-02  -4.996866e-01]
E=[ ...        
   1.458612e+06  -7.915835e+05   8.648122e+00;
  -7.915835e+05   4.651557e+05  -4.766102e+00;
   8.648122e+00  -4.766102e+00  -4.996759e-01]
e=[ ...        
  -7.130688e+02   2.837038e+02   2.542219e+02;
   2.837038e+02  -1.122962e+02  -1.010746e+02;
   2.542219e+02  -1.010746e+02  -9.007118e+01]
intgraF=[ ...  
   4.235463e+00   9.829384e-01   1.482436e-02;
   8.721557e-01   1.543402e+00   1.753231e-02;
   4.716364e+00  -1.807131e+00  -9.985078e-03]
F=[ ...        
  -7.225055e+00  -1.216791e+02  -2.038560e-02;
  -1.149861e+03   4.504081e+02   1.727995e-03;
   1.262930e+03  -8.441795e+02   1.515200e-02]
R=[ ...        
  -2.039289e-01  -4.245031e-01  -8.821622e-01;
  -8.860318e-01  -3.032095e-01   3.507301e-01;
   4.163660e-01  -8.531478e-01   3.142901e-01]
U=[ ...        
   1.546128e+03  -7.257497e+02   8.934932e-03;
  -7.257497e+02   6.352950e+02  -4.797090e-03;
   8.934932e-03  -4.797090e-03   2.335159e-02]
l=[ ...        
  -8.734085e-07   4.721770e-04   3.414026e-04;
   8.317060e-07   7.210169e-05   5.286258e-05;
  -5.806437e-07   2.705163e-05  -5.995564e-06]
d=[ ...        
  -8.734085e-07   2.365044e-04   1.704110e-04;
   2.365044e-04   7.210169e-05   3.995710e-05;
   1.704110e-04   3.995710e-05  -5.995564e-06]
     iteration=        3000000       process=              5       (i,j,k)=              1              0              1       (x,y,z)=   1.500000e-02   5.000000e-03   1.575983e-02     particles=             35
fabric=[ ...   
   3.330019e-01   1.096332e-02   3.956545e-03;
   1.096332e-02   3.613500e-01   2.199395e-03;
   3.956545e-03   2.199395e-03   3.056481e-01]
sigma=[ ...    
  -1.119933e+02  -1.515144e+00   9.350345e-01;
  -1.515042e+00  -1.197879e+02   1.520528e+01;
   9.347749e-01   1.520534e+01  -1.336985e+02]
sigmaDot=[ ... 
   2.530907e+01   1.440514e+01   1.348020e+01;
   1.257176e+01  -2.421079e+01  -2.542142e+01;
   1.829140e+01  -7.524180e+00   3.708303e+01]
intgraE=[ ...  
  -9.614586e-03   1.044756e-02  -6.499424e-02;
   1.044756e-02   4.347372e-02   1.493197e-01;
  -6.499424e-02   1.493197e-01  -4.027498e-01]
E=[ ...        
   1.446285e+06  -4.948989e+05  -6.632022e+03;
  -4.948989e+05   9.678349e+05   9.123867e+03;
  -6.632022e+03   9.123867e+03   1.197083e+02]
e=[ ...        
   4.994273e-01  -2.034181e-03   3.976824e-04;
  -2.034181e-03   4.927722e-01   1.413318e-03;
   3.976824e-04   1.413318e-03   4.997233e-01]
intgraF=[ ...  
   9.892159e-01   2.952774e-02  -1.144070e-01;
   2.639662e-03   1.015634e+00   2.124687e-01;
  -4.707107e-02   2.335857e-01   3.691455e-01]
F=[ ...        
  -1.124083e+03   1.271325e+03   1.067151e+01;
   5.422837e+02  -2.595664e+02  -1.056540e+01;
   1.155394e+03   5.020246e+02   3.861076e+00]
R=[ ...        
  -5.138166e-01   8.180652e-01  -2.583831e-01;
   3.000325e-01  -1.108089e-01  -9.474713e-01;
   8.037244e-01   5.643499e-01   1.885106e-01]
U=[ ...        
   1.668894e+03  -3.276168e+02  -5.549920e+00;
  -3.276168e+02   1.352107e+03   1.207973e+01;
  -5.549920e+00   1.207973e+01   7.980928e+00]
l=[ ...        
   1.111871e-08   1.905268e-06   3.092267e-06;
  -3.891000e-07   9.035924e-08  -3.704841e-07;
  -1.229884e-06  -2.812784e-07  -6.395047e-07]
d=[ ...        
   1.111871e-08   7.580840e-07   9.311918e-07;
   7.580840e-07   9.035924e-08  -3.258813e-07;
   9.311918e-07  -3.258813e-07  -6.395047e-07]
     iteration=        3000000       process=              6       (i,j,k)=              1              1              0       (x,y,z)=   1.500000e-02   1.500000e-02   5.253276e-03     particles=             70
fabric=[ ...   
   3.123535e-01  -2.581535e-03   9.888695e-03;
  -2.581535e-03   3.305467e-01   2.149992e-02;
   9.888695e-03   2.149992e-02   3.570998e-01]
sigma=[ ...    
  -3.137572e+02  -4.049784e+01   1.806042e+01;
  -4.050439e+01  -3.485404e+02   2.113373e+01;
   1.806217e+01   2.112263e+01  -3.549367e+02]
sigmaDot=[ ... 
   1.412164e+00   2.379204e+00  -1.581412e+00;
   3.043349e+00  -1.008126e+00  -3.381833e+00;
  -2.772299e+00  -2.458643e+00   5.874808e+00]
intgraE=[ ...  
   3.547781e-01  -8.486488e-01  -3.517111e-02;
  -8.486488e-01   3.523254e-01   3.685453e-02;
  -3.517111e-02   3.685453e-02  -4.981688e-01]
E=[ ...        
   1.332509e+06  -1.090068e+06  -1.085371e+00;
  -1.090068e+06   9.197501e+05   1.825929e+00;
  -1.085371e+00   1.825929e+00  -4.999350e-01]
e=[ ...        
  -3.962891e+02  -1.054988e+03   1.328238e+03;
  -1.054988e+03  -2.804515e+03   3.531536e+03;
   1.328238e+03   3.531536e+03  -4.445732e+03]
intgraF=[ ...  
   4.852485e-01  -6.115165e-01  -4.569073e-02;
  -1.110145e+00   1.054560e+00   3.595691e-02;
  -4.915978e-01   4.675483e-01   1.678908e-02]
F=[ ...        
   5.957534e+02  -2.736786e+02   4.828053e-03;
  -1.271821e+03   1.078800e+03  -2.575636e-03;
  -8.322060e+02   7.751079e+02   1.000091e-02]
R=[ ...        
   8.217350e-01   5.223871e-01  -2.277351e-01;
  -5.396297e-01   5.848447e-01  -6.056042e-01;
  -1.831702e-01   6.205388e-01   7.624830e-01]
U=[ ...        
   1.328299e+03  -9.490203e+02   3.525401e-03;
  -9.490203e+02   9.689487e+02   7.221720e-03;
   3.525401e-03   7.221720e-03   8.085825e-03]
l=[ ...        
  -3.534411e-03  -3.304997e-03   4.360399e-03;
   9.092340e-03   2.788918e-02  -3.218674e-02;
   4.823222e-03   7.342193e-03  -6.796490e-03]
d=[ ...        
  -3.534411e-03   2.893672e-03   4.591811e-03;
   2.893672e-03   2.788918e-02  -1.242228e-02;
   4.591811e-03  -1.242228e-02  -6.796490e-03]
     iteration=        3000000       process=              7       (i,j,k)=              1              1              1       (x,y,z)=   1.500000e-02   1.500000e-02   1.575983e-02     particles=             48
fabric=[ ...   
   3.295687e-01  -1.015338e-02  -9.363665e-03;
  -1.015338e-02   3.120910e-01  -6.333302e-03;
  -9.363665e-03  -6.333302e-03   3.583403e-01]
sigma=[ ...    
  -7.721779e+01   4.718933e-01   1.205117e+01;
   4.718916e-01  -7.539962e+01   4.086678e+00;
   1.205117e+01   4.086672e+00  -1.001960e+02]
sigmaDot=[ ... 
   1.163257e+00   6.758146e-01  -1.535966e+00;
  -2.412141e-01   3.630507e+00  -2.303447e-02;
  -2.903303e+00  -9.732794e-01  -7.386081e-01]
intgraE=[ ...  
   1.740594e-02   7.398291e-02  -9.779643e-02;
   7.398291e-02   1.064827e-02  -3.851895e-02;
  -9.779643e-02  -3.851895e-02  -4.664300e-01]
E=[ ...        
   6.940563e+05  -5.277906e+05   1.521941e+01;
  -5.277906e+05   4.208986e+05  -1.237949e+01;
   1.521941e+01  -1.237949e+01  -4.996319e-01]
e=[ ...        
  -2.902217e+04  -1.319202e+04  -7.423262e+04;
  -1.319202e+04  -5.995830e+03  -3.374185e+04;
  -7.423262e+04  -3.374185e+04  -1.898677e+05]
intgraF=[ ...  
   1.008011e+00   2.683121e-02  -1.737981e-01;
   1.045809e-01   9.911030e-01  -3.574203e-02;
  -8.825155e-02  -1.956823e-01   1.888298e-01]
F=[ ...        
  -6.868624e+02   6.663999e+02  -2.046772e-02;
  -8.595599e+02   5.223412e+02  -1.319020e-02;
   4.212961e+02  -3.533681e+02   1.196912e-02]
R=[ ...        
  -9.087298e-02   9.288243e-01   3.592039e-01;
  -9.737723e-01  -1.584258e-01   1.633060e-01;
   2.085898e-01  -3.349427e-01   9.188600e-01]
U=[ ...        
   9.873109e+02  -6.429081e+02   1.720085e-02;
  -6.429081e+02   6.545742e+02  -2.093021e-02;
   1.720085e-02  -2.093021e-02   1.491818e-03]
l=[ ...        
  -1.771231e-08   1.219228e-07  -1.811948e-08;
   8.915494e-08  -3.558381e-08   1.782766e-07;
  -2.597498e-08  -5.596580e-08   9.249175e-08]
d=[ ...        
  -1.771231e-08   1.055389e-07  -2.204723e-08;
   1.055389e-07  -3.558381e-08   6.115538e-08;
  -2.204723e-08   6.115538e-08   9.249175e-08]
