     iteration=        2800000       process=              0       (i,j,k)=              0              0              0       (x,y,z)=   5.000000e-03   5.000000e-03   5.253276e-03     particles=             80
fabric=[ ...   
   3.406880e-01   6.660873e-03  -4.570804e-04;
   6.660873e-03   3.072446e-01   5.879153e-04;
  -4.570804e-04   5.879153e-04   3.520674e-01]
sigma=[ ...    
  -3.168677e+02  -2.422521e+01   2.401362e+01;
  -2.422526e+01  -2.445617e+02  -2.609570e+01;
   2.401359e+01  -2.609587e+01  -3.732098e+02]
sigmaDot=[ ... 
   6.668153e+00   1.892122e+01  -9.826678e+00;
   1.387650e+01  -1.266169e+01   1.652292e-01;
  -6.676430e+00  -1.606652e-01   9.406198e+00]
intgraE=[ ...  
   4.535185e+01  -1.806840e+01  -6.088257e-02;
  -1.806840e+01   1.189099e+01   8.613044e-03;
  -6.088257e-02   8.613044e-03  -4.998743e-01]
E=[ ...        
   1.864829e+05  -5.283047e+04  -1.988203e+00;
  -5.283047e+04   8.842207e+05   1.424757e+00;
  -1.988203e+00   1.424757e+00  -4.997946e-01]
e=[ ...        
  -4.143904e+01  -3.987079e+00  -2.354043e+02;
  -3.987079e+00   1.209537e-01  -2.237952e+01;
  -2.354043e+02  -2.237952e+01  -1.320827e+03]
intgraF=[ ...  
   6.095351e+00  -3.972440e+00  -3.536715e-03;
  -5.111661e-01   2.634603e+00  -6.448025e-03;
  -7.368115e+00   1.435464e+00   1.404751e-02]
F=[ ...        
   5.032048e+02  -8.530009e+02  -2.710958e-03;
  -3.357109e+02  -1.006115e+03   2.807048e-03;
  -8.396373e+01   1.690093e+02   1.988814e-02]
R=[ ...        
   7.725473e-01  -6.102611e-01   1.753627e-01;
  -6.221088e-01  -7.827531e-01   1.667797e-02;
  -1.270878e-01   1.219792e-01   9.843626e-01]
U=[ ...        
   6.082689e+02  -5.454939e+01  -6.368173e-03;
  -5.454939e+01   1.328709e+03   1.883106e-03;
  -6.368173e-03   1.883106e-03   1.914855e-02]
l=[ ...        
   1.958760e-02   2.717951e-03  -8.437264e-04;
   1.808833e-02   2.508790e-03  -7.784696e-04;
  -2.065908e-05  -2.915620e-06   8.801580e-07]
d=[ ...        
   1.958760e-02   1.040314e-02  -4.321927e-04;
   1.040314e-02   2.508790e-03  -3.906926e-04;
  -4.321927e-04  -3.906926e-04   8.801580e-07]
     iteration=        2800000       process=              1       (i,j,k)=              0              0              1       (x,y,z)=   5.000000e-03   5.000000e-03   1.575983e-02     particles=             46
fabric=[ ...   
   3.564787e-01  -1.130125e-02   2.350287e-02;
  -1.130125e-02   3.196542e-01   3.392483e-04;
   2.350287e-02   3.392483e-04   3.238671e-01]
sigma=[ ...    
  -6.730874e+01   8.019349e+00   7.397432e-01;
   8.019499e+00  -7.668844e+01   1.506007e+00;
   7.396172e-01   1.506037e+00  -1.060216e+02]
sigmaDot=[ ... 
  -2.854269e+01   1.089153e+01   3.124942e+01;
   1.522434e+01  -1.520321e+01  -1.091940e+01;
   3.347411e+01  -9.678415e+00  -2.178595e+01]
intgraE=[ ...  
   9.541101e-02  -6.456876e-02  -6.784939e-01;
  -6.456876e-02   1.150404e-02   3.409815e-01;
  -6.784939e-01   3.409815e-01   3.604720e+00]
E=[ ...        
   6.649840e+05  -8.275411e+05   3.175638e+00;
  -8.275411e+05   1.803571e+06  -2.435673e+01;
   3.175638e+00  -2.435673e+01  -4.994458e-01]
e=[ ...        
  -1.548338e+05  -7.116022e+04   1.213529e+05;
  -7.116022e+04  -3.270398e+04   5.577248e+04;
   1.213529e+05   5.577248e+04  -9.511092e+04]
intgraF=[ ...  
   9.981292e-01   3.866893e-04  -9.610476e-02;
  -3.448873e-02   9.878713e-01   6.129171e-02;
  -4.397393e-01   2.170674e-01   2.862944e+00]
F=[ ...        
   4.045325e+02  -1.217120e+03   1.976895e-02;
  -1.073970e+03   1.174091e+03  -1.298042e-03;
  -1.136228e+02  -8.644495e+02   2.675489e-02]
R=[ ...        
   6.245678e-03  -6.724523e-01  -7.401141e-01;
  -8.660895e-01   3.663227e-01  -3.401420e-01;
  -4.998499e-01  -6.431295e-01   5.801160e-01]
U=[ ...        
   9.894754e+02  -5.923744e+02  -1.212574e-02;
  -5.923744e+02   1.804504e+03  -3.097603e-02;
  -1.212574e-02  -3.097603e-02   1.331182e-03]
l=[ ...        
  -1.170434e-06   4.515351e-07   5.968853e-07;
   1.082965e-07  -2.677876e-07  -2.761288e-07;
  -5.041970e-07  -3.656037e-08  -2.811519e-07]
d=[ ...        
  -1.170434e-06   2.799158e-07   4.634413e-08;
   2.799158e-07  -2.677876e-07  -1.563446e-07;
   4.634413e-08  -1.563446e-07  -2.811519e-07]
     iteration=        2800000       process=              2       (i,j,k)=              0              1              0       (x,y,z)=   5.000000e-03   1.500000e-02   5.253276e-03     particles=             81
fabric=[ ...   
   3.310617e-01  -4.732298e-04   1.415586e-03;
  -4.732298e-04   3.223477e-01   1.547656e-02;
   1.415586e-03   1.547656e-02   3.465905e-01]
sigma=[ ...    
  -2.982851e+02  -7.139816e+00   2.963585e+01;
  -7.139729e+00  -2.536352e+02  -3.484514e+01;
   2.963587e+01  -3.484537e+01  -2.910246e+02]
sigmaDot=[ ... 
   5.475999e-02  -8.801632e-01  -3.882294e-01;
  -1.054421e+00   1.566341e+00  -1.712089e-01;
  -7.723351e-01  -4.764226e-01   4.011409e-01]
intgraE=[ ...  
   1.494160e+01  -1.572999e+01  -2.006610e-01;
  -1.572999e+01   1.588492e+01   2.068240e-01;
  -2.006610e-01   2.068240e-01  -4.973761e-01]
E=[ ...        
   3.378623e+05   1.168796e+05   6.554862e+02;
   1.168796e+05   1.935686e+05   3.660621e+01;
   6.554862e+02   3.660621e+01   1.009707e+00]
e=[ ...        
  -6.591916e+01   6.453255e+01   1.497303e+01;
   6.453255e+01  -6.219952e+01  -1.454772e+01;
   1.497303e+01  -1.454772e+01  -2.875407e+00]
intgraF=[ ...  
   4.292776e+00  -4.910981e+00  -5.941494e-02;
   1.160828e+00  -9.035892e-01  -1.381569e-02;
   3.332830e+00  -2.799218e+00  -3.907472e-02]
F=[ ...        
  -4.836338e+02   4.884607e+01  -1.250192e+00;
  -3.695859e+02   1.874642e+02  -1.066309e+00;
  -5.524764e+02  -5.912777e+02  -5.651727e-01]
R=[ ...        
  -6.535581e-01   2.624901e-01  -7.099019e-01;
  -5.572778e-01   4.677878e-01   6.860146e-01;
  -5.121555e-01  -8.439630e-01   1.594466e-01]
U=[ ...        
   8.049986e+02   1.664328e+02   1.700760e+00;
   1.664328e+02   5.995316e+02  -3.499843e-01;
   1.700760e+00  -3.499843e-01   6.589567e-02]
l=[ ...        
  -6.709703e-04   4.118035e-04   5.172962e-03;
   3.708539e-03  -1.970056e-04  -8.627476e-04;
   4.489595e-05   9.172433e-06   1.430877e-04]
d=[ ...        
  -6.709703e-04   2.060171e-03   2.608929e-03;
   2.060171e-03  -1.970056e-04  -4.267876e-04;
   2.608929e-03  -4.267876e-04   1.430877e-04]
     iteration=        2800000       process=              3       (i,j,k)=              0              1              1       (x,y,z)=   5.000000e-03   1.500000e-02   1.575983e-02     particles=             39
fabric=[ ...   
   3.400342e-01   1.739055e-02   2.028500e-02;
   1.739055e-02   3.267086e-01   1.363680e-03;
   2.028500e-02   1.363680e-03   3.332573e-01]
sigma=[ ...    
  -1.011657e+02  -1.034966e+01  -9.167811e+00;
  -1.034845e+01  -8.795815e+01  -1.336581e+00;
  -9.172156e+00  -1.336392e+00  -1.335975e+02]
sigmaDot=[ ... 
   2.694198e+00  -5.643518e+00  -1.953393e+00;
  -4.963315e+00   9.028187e+00   1.592398e+00;
  -1.021677e+00   1.627340e+00  -4.962646e+00]
intgraE=[ ...  
  -4.111339e-02   7.395219e-02  -3.250967e-02;
   7.395219e-02   7.158015e-02  -4.380868e-02;
  -3.250967e-02  -4.380868e-02  -1.447513e-01]
E=[ ...        
   5.288014e+05  -4.723188e+05   9.338217e+00;
  -4.723188e+05   7.013169e+05  -2.225880e+00;
   9.338217e+00  -2.225880e+00  -4.995779e-01]
e=[ ...        
   1.509122e-01   1.198289e+01   2.374050e+01;
   1.198289e+01  -4.108306e+02  -8.149279e+02;
   2.374050e+01  -8.149279e+02  -1.614035e+03]
intgraF=[ ...  
   9.471465e-01  -1.347495e-04  -9.096779e-02;
   1.362075e-01   1.067701e+00  -1.257955e-01;
   4.619818e-02   5.634627e-02   8.284913e-01]
F=[ ...        
  -6.096547e+02  -5.744867e+01  -2.414481e-02;
  -7.429329e+02   1.055697e+03   2.538502e-03;
   3.660269e+02  -5.337023e+02   1.596159e-02]
R=[ ...        
  -8.964798e-01  -4.428889e-01  -1.316878e-02;
  -4.007324e-01   7.977511e-01   4.505627e-01;
   1.890438e-01  -4.091975e-01   8.926477e-01]
U=[ ...        
   9.134555e+02  -4.724435e+02   2.364552e-02;
  -4.724435e+02   1.086017e+03   6.187119e-03;
   2.364552e-02   6.187119e-03   1.570979e-02]
l=[ ...        
   8.139300e-08  -1.448588e-07   2.230482e-08;
  -1.092590e-07   1.275577e-07   8.215688e-08;
  -7.818232e-08   5.135346e-08  -5.173231e-08]
d=[ ...        
   8.139300e-08  -1.270589e-07  -2.793875e-08;
  -1.270589e-07   1.275577e-07   6.675517e-08;
  -2.793875e-08   6.675517e-08  -5.173231e-08]
     iteration=        2800000       process=              4       (i,j,k)=              1              0              0       (x,y,z)=   1.500000e-02   5.000000e-03   5.253276e-03     particles=             77
fabric=[ ...   
   3.322013e-01   4.590293e-03  -1.144348e-02;
   4.590293e-03   3.199058e-01   2.026679e-02;
  -1.144348e-02   2.026679e-02   3.478929e-01]
sigma=[ ...    
  -2.894056e+02   1.829925e+01  -3.949229e+00;
   1.829854e+01  -2.591859e+02  -4.831501e+01;
  -3.942495e+00  -4.830784e+01  -3.700947e+02]
sigmaDot=[ ... 
   5.723143e+01   1.149466e+02  -4.043178e+01;
   9.904519e+01  -2.927559e+01  -9.237545e+01;
  -1.474065e+02  -2.025516e+02   1.001122e+02]
intgraE=[ ...  
   1.997170e+01  -1.506957e+00   1.549190e-02;
  -1.506957e+00   2.806994e+00   2.983753e-02;
   1.549190e-02   2.983753e-02  -4.996866e-01]
E=[ ...        
   1.458593e+06  -7.915678e+05   8.648051e+00;
  -7.915678e+05   4.651440e+05  -4.766025e+00;
   8.648051e+00  -4.766025e+00  -4.996759e-01]
e=[ ...        
  -7.130691e+02   2.837054e+02   2.542245e+02;
   2.837054e+02  -1.122974e+02  -1.010762e+02;
   2.542245e+02  -1.010762e+02  -9.007298e+01]
intgraF=[ ...  
   4.235406e+00   9.829338e-01   1.482421e-02;
   8.721468e-01   1.543401e+00   1.753229e-02;
   4.716364e+00  -1.807136e+00  -9.985126e-03]
F=[ ...        
  -7.224387e+00  -1.216800e+02  -2.038555e-02;
  -1.149856e+03   4.504016e+02   1.727980e-03;
   1.262920e+03  -8.441691e+02   1.515200e-02]
R=[ ...        
  -2.039285e-01  -4.245062e-01  -8.821608e-01;
  -8.860311e-01  -3.032100e-01   3.507314e-01;
   4.163676e-01  -8.531460e-01   3.142926e-01]
U=[ ...        
   1.546120e+03  -7.257405e+02   8.934950e-03;
  -7.257405e+02   6.352872e+02  -4.797016e-03;
   8.934950e-03  -4.797016e-03   2.335155e-02]
l=[ ...        
   1.002953e-06  -1.396366e-04  -1.225161e-04;
  -1.869045e-06  -2.445668e-05  -1.789586e-05;
  -3.378009e-07   2.671594e-05  -4.592045e-06]
d=[ ...        
   1.002953e-06  -7.075281e-05  -6.142693e-05;
  -7.075281e-05  -2.445668e-05   4.410038e-06;
  -6.142693e-05   4.410038e-06  -4.592045e-06]
     iteration=        2800000       process=              5       (i,j,k)=              1              0              1       (x,y,z)=   1.500000e-02   5.000000e-03   1.575983e-02     particles=             35
fabric=[ ...   
   3.330019e-01   1.096332e-02   3.956544e-03;
   1.096332e-02   3.613500e-01   2.199393e-03;
   3.956544e-03   2.199393e-03   3.056481e-01]
sigma=[ ...    
  -1.120788e+02  -1.595330e+00   9.659627e-01;
  -1.594925e+00  -1.197563e+02   1.526263e+01;
   9.659663e-01   1.526281e+01  -1.337043e+02]
sigmaDot=[ ... 
   1.841581e+01   1.408040e+01   1.352021e+01;
   1.341184e+01  -1.399539e+00  -3.753172e+01;
   2.889651e+01  -3.161552e+01  -1.800229e+01]
intgraE=[ ...  
  -9.614576e-03   1.044756e-02  -6.499424e-02;
   1.044756e-02   4.347370e-02   1.493197e-01;
  -6.499424e-02   1.493197e-01  -4.027499e-01]
E=[ ...        
   1.446285e+06  -4.948988e+05  -6.632022e+03;
  -4.948988e+05   9.678349e+05   9.123866e+03;
  -6.632022e+03   9.123866e+03   1.197083e+02]
e=[ ...        
   4.994273e-01  -2.034181e-03   3.976825e-04;
  -2.034181e-03   4.927722e-01   1.413318e-03;
   3.976825e-04   1.413318e-03   4.997233e-01]
intgraF=[ ...  
   9.892160e-01   2.952773e-02  -1.144070e-01;
   2.639666e-03   1.015634e+00   2.124687e-01;
  -4.707105e-02   2.335857e-01   3.691454e-01]
F=[ ...        
  -1.124083e+03   1.271325e+03   1.067151e+01;
   5.422837e+02  -2.595664e+02  -1.056540e+01;
   1.155394e+03   5.020246e+02   3.861076e+00]
R=[ ...        
  -5.138166e-01   8.180652e-01  -2.583831e-01;
   3.000325e-01  -1.108089e-01  -9.474713e-01;
   8.037244e-01   5.643498e-01   1.885107e-01]
U=[ ...        
   1.668894e+03  -3.276168e+02  -5.549920e+00;
  -3.276168e+02   1.352107e+03   1.207973e+01;
  -5.549920e+00   1.207973e+01   7.980928e+00]
l=[ ...        
   2.750096e-07   1.806735e-06   2.761037e-06;
  -2.347761e-07  -8.681394e-07  -1.765465e-06;
   6.713612e-07  -9.258211e-07  -1.185149e-06]
d=[ ...        
   2.750096e-07   7.859793e-07   1.716199e-06;
   7.859793e-07  -8.681394e-07  -1.345643e-06;
   1.716199e-06  -1.345643e-06  -1.185149e-06]
     iteration=        2800000       process=              6       (i,j,k)=              1              1              0       (x,y,z)=   1.500000e-02   1.500000e-02   5.253276e-03     particles=             70
fabric=[ ...   
   3.125470e-01  -1.346830e-03   1.040498e-02;
  -1.346830e-03   3.303500e-01   2.032825e-02;
   1.040498e-02   2.032825e-02   3.571031e-01]
sigma=[ ...    
  -3.135621e+02  -4.047043e+01   1.804159e+01;
  -4.046802e+01  -3.482758e+02   2.113799e+01;
   1.804696e+01   2.114685e+01  -3.547184e+02]
sigmaDot=[ ... 
   1.358543e+01   1.495945e+00   3.141757e+00;
  -4.711247e-01   4.527022e+00  -1.884232e+00;
   3.965489e+00  -6.482747e-01   1.417458e+01]
intgraE=[ ...  
   3.568386e-01  -8.501579e-01  -3.514913e-02;
  -8.501579e-01   3.533147e-01   3.681538e-02;
  -3.514913e-02   3.681538e-02  -4.981731e-01]
E=[ ...        
   1.479451e+06  -1.230513e+06  -5.774755e-01;
  -1.230513e+06   1.053977e+06   1.390149e+00;
  -5.774755e-01   1.390149e+00  -4.999369e-01]
e=[ ...        
  -3.412869e+02  -9.151231e+02   1.199423e+03;
  -9.151231e+02  -2.449712e+03   3.211415e+03;
   1.199423e+03   3.211415e+03  -4.208599e+03]
intgraF=[ ...  
   4.846641e-01  -6.108390e-01  -4.564694e-02;
  -1.112514e+00   1.056218e+00   3.591752e-02;
  -4.910106e-01   4.668078e-01   1.673305e-02]
F=[ ...        
   5.759536e+02  -2.527497e+02   4.655176e-03;
  -1.363585e+03   1.170474e+03  -3.383962e-03;
  -8.762508e+02   8.210130e+02   9.643858e-03]
R=[ ...        
   8.095680e-01   5.438718e-01  -2.209143e-01;
  -5.545785e-01   5.852110e-01  -5.915833e-01;
  -1.924640e-01   6.014412e-01   7.753877e-01]
U=[ ...        
   1.391135e+03  -1.011753e+03   3.789259e-03;
  -1.011753e+03   1.041302e+03   6.351701e-03;
   3.789259e-03   6.351701e-03   8.451229e-03]
l=[ ...        
  -3.577358e-02  -8.388161e-03   1.406455e-02;
   1.901198e-01   9.895590e-02  -1.224783e-01;
   5.227200e-02   2.343486e-02  -2.172474e-02]
d=[ ...        
  -3.577358e-02   9.086581e-02   3.316827e-02;
   9.086581e-02   9.895590e-02  -4.952173e-02;
   3.316827e-02  -4.952173e-02  -2.172474e-02]
     iteration=        2800000       process=              7       (i,j,k)=              1              1              1       (x,y,z)=   1.500000e-02   1.500000e-02   1.575983e-02     particles=             48
fabric=[ ...   
   3.295687e-01  -1.015338e-02  -9.363665e-03;
  -1.015338e-02   3.120910e-01  -6.333301e-03;
  -9.363665e-03  -6.333301e-03   3.583403e-01]
sigma=[ ...    
  -7.721859e+01   4.708689e-01   1.205795e+01;
   4.708625e-01  -7.538721e+01   4.090923e+00;
   1.205794e+01   4.090913e+00  -1.001946e+02]
sigmaDot=[ ... 
  -4.166004e+00  -8.836037e-01   1.222919e+00;
  -1.422811e+00   2.406479e+00  -1.604074e+00;
   3.557082e-01  -1.192793e+00  -4.990566e+00]
intgraE=[ ...  
   1.740594e-02   7.398291e-02  -9.779643e-02;
   7.398291e-02   1.064827e-02  -3.851894e-02;
  -9.779643e-02  -3.851894e-02  -4.664300e-01]
E=[ ...        
   6.940563e+05  -5.277906e+05   1.521941e+01;
  -5.277906e+05   4.208986e+05  -1.237949e+01;
   1.521941e+01  -1.237949e+01  -4.996319e-01]
e=[ ...        
  -2.901399e+04  -1.318831e+04  -7.421171e+04;
  -1.318831e+04  -5.994140e+03  -3.373234e+04;
  -7.421171e+04  -3.373234e+04  -1.898142e+05]
intgraF=[ ...  
   1.008011e+00   2.683120e-02  -1.737981e-01;
   1.045809e-01   9.911030e-01  -3.574203e-02;
  -8.825155e-02  -1.956823e-01   1.888298e-01]
F=[ ...        
  -6.868624e+02   6.663999e+02  -2.046772e-02;
  -8.595599e+02   5.223412e+02  -1.319020e-02;
   4.212961e+02  -3.533681e+02   1.196912e-02]
R=[ ...        
  -9.087298e-02   9.288243e-01   3.592039e-01;
  -9.737723e-01  -1.584258e-01   1.633060e-01;
   2.085898e-01  -3.349427e-01   9.188600e-01]
U=[ ...        
   9.873109e+02  -6.429081e+02   1.720085e-02;
  -6.429081e+02   6.545742e+02  -2.093021e-02;
   1.720085e-02  -2.093021e-02   1.491818e-03]
l=[ ...        
  -5.222153e-08  -1.710814e-07   1.599392e-08;
   3.339580e-07   1.181860e-07   3.007041e-08;
   4.188801e-08   3.452317e-08  -1.761669e-07]
d=[ ...        
  -5.222153e-08   8.143831e-08   2.894096e-08;
   8.143831e-08   1.181860e-07   3.229679e-08;
   2.894096e-08   3.229679e-08  -1.761669e-07]
