     iteration=        3050000       process=              0       (i,j,k)=              0              0              0       (x,y,z)=   5.000000e-03   5.000000e-03   5.253276e-03     particles=             80
fabric=[ ...   
   3.406813e-01   6.659313e-03  -4.534672e-04;
   6.659313e-03   3.072573e-01   5.939558e-04;
  -4.534672e-04   5.939558e-04   3.520614e-01]
sigma=[ ...    
  -3.167887e+02  -2.422697e+01   2.403713e+01;
  -2.422695e+01  -2.445387e+02  -2.609475e+01;
   2.403694e+01  -2.609482e+01  -3.730873e+02]
sigmaDot=[ ... 
   2.713471e+01   1.151273e+01  -7.887238e+00;
   1.035653e+01  -4.924419e+00   2.454845e+00;
  -1.260078e+00   1.154267e+00   4.395398e+00]
intgraE=[ ...  
   4.535491e+01  -1.806972e+01  -6.088631e-02;
  -1.806972e+01   1.189149e+01   8.614852e-03;
  -6.088631e-02   8.614852e-03  -4.998743e-01]
E=[ ...        
   1.867485e+05  -5.227511e+04  -1.986894e+00;
  -5.227511e+04   8.847294e+05   1.430734e+00;
  -1.986894e+00   1.430734e+00  -4.997946e-01]
e=[ ...        
  -4.130276e+01  -4.103025e+00  -2.349776e+02;
  -4.103025e+00   9.727890e-02  -2.306353e+01;
  -2.349776e+02  -2.306353e+01  -1.320333e+03]
intgraF=[ ...  
   6.095902e+00  -3.972759e+00  -3.537152e-03;
  -5.106716e-01   2.634317e+00  -6.448417e-03;
  -7.368108e+00   1.435460e+00   1.404750e-02]
F=[ ...        
   5.032691e+02  -8.527389e+02  -2.715859e-03;
  -3.364816e+02  -1.006797e+03   2.802538e-03;
  -8.365666e+01   1.692832e+02   1.989055e-02]
R=[ ...        
   7.726346e-01  -6.102213e-01   1.751165e-01;
  -6.221041e-01  -7.827457e-01   1.719454e-02;
  -1.265792e-01   1.222258e-01   9.843976e-01]
U=[ ...        
   6.087588e+02  -5.395096e+01  -6.359567e-03;
  -5.395096e+01   1.329116e+03   1.894738e-03;
  -6.359567e-03   1.894738e-03   1.915281e-02]
l=[ ...        
   1.947083e-02   2.700101e-03  -8.378513e-04;
   1.781491e-02   2.470502e-03  -7.666608e-04;
   6.119610e-05   8.945296e-06  -3.048319e-06]
d=[ ...        
   1.947083e-02   1.025750e-02  -3.883276e-04;
   1.025750e-02   2.470502e-03  -3.788578e-04;
  -3.883276e-04  -3.788578e-04  -3.048319e-06]
     iteration=        3050000       process=              1       (i,j,k)=              0              0              1       (x,y,z)=   5.000000e-03   5.000000e-03   1.575983e-02     particles=             46
fabric=[ ...   
   3.564787e-01  -1.130125e-02   2.350287e-02;
  -1.130125e-02   3.196542e-01   3.392488e-04;
   2.350287e-02   3.392488e-04   3.238671e-01]
sigma=[ ...    
  -6.731237e+01   8.034507e+00   7.543233e-01;
   8.034634e+00  -7.668679e+01   1.506428e+00;
   7.542920e-01   1.506384e+00  -1.060265e+02]
sigmaDot=[ ... 
  -3.004025e+01   1.157111e+01   2.603142e+01;
   1.554736e+01  -8.357058e+00  -3.680355e+00;
   2.578502e+01   4.314166e-01   2.311932e+00]
intgraE=[ ...  
   9.541103e-02  -6.456877e-02  -6.784939e-01;
  -6.456877e-02   1.150404e-02   3.409815e-01;
  -6.784939e-01   3.409815e-01   3.604720e+00]
E=[ ...        
   6.649840e+05  -8.275411e+05   3.175638e+00;
  -8.275411e+05   1.803571e+06  -2.435673e+01;
   3.175638e+00  -2.435673e+01  -4.994458e-01]
e=[ ...        
  -1.548338e+05  -7.116022e+04   1.213528e+05;
  -7.116022e+04  -3.270398e+04   5.577248e+04;
   1.213528e+05   5.577248e+04  -9.511092e+04]
intgraF=[ ...  
   9.981292e-01   3.866768e-04  -9.610479e-02;
  -3.448874e-02   9.878713e-01   6.129173e-02;
  -4.397393e-01   2.170674e-01   2.862944e+00]
F=[ ...        
   4.045325e+02  -1.217120e+03   1.976895e-02;
  -1.073970e+03   1.174091e+03  -1.298042e-03;
  -1.136228e+02  -8.644495e+02   2.675489e-02]
R=[ ...        
   6.245681e-03  -6.724523e-01  -7.401141e-01;
  -8.660895e-01   3.663227e-01  -3.401420e-01;
  -4.998499e-01  -6.431295e-01   5.801160e-01]
U=[ ...        
   9.894754e+02  -5.923744e+02  -1.212574e-02;
  -5.923744e+02   1.804504e+03  -3.097603e-02;
  -1.212574e-02  -3.097603e-02   1.331181e-03]
l=[ ...        
  -1.052361e-06   3.054430e-07   2.751571e-07;
   1.653631e-07  -1.532511e-08  -2.533994e-07;
  -4.409423e-07   8.884198e-08  -1.623582e-07]
d=[ ...        
  -1.052361e-06   2.354030e-07  -8.289259e-08;
   2.354030e-07  -1.532511e-08  -8.227870e-08;
  -8.289259e-08  -8.227870e-08  -1.623582e-07]
     iteration=        3050000       process=              2       (i,j,k)=              0              1              0       (x,y,z)=   5.000000e-03   1.500000e-02   5.253276e-03     particles=             81
fabric=[ ...   
   3.310455e-01  -4.768556e-04   1.578187e-03;
  -4.768556e-04   3.223640e-01   1.542999e-02;
   1.578187e-03   1.542999e-02   3.465904e-01]
sigma=[ ...    
  -2.983159e+02  -7.127702e+00   2.963024e+01;
  -7.127752e+00  -2.536565e+02  -3.484050e+01;
   2.963025e+01  -3.484049e+01  -2.910369e+02]
sigmaDot=[ ... 
  -2.299314e+00  -1.537683e+00   5.669844e-01;
  -7.628180e-01  -7.552981e-01  -4.721470e-01;
  -1.260912e-01  -5.946572e-01   2.595974e+00]
intgraE=[ ...  
   1.494347e+01  -1.573159e+01  -2.006836e-01;
  -1.573159e+01   1.588613e+01   2.068424e-01;
  -2.006836e-01   2.068424e-01  -4.973758e-01]
E=[ ...        
   3.427905e+05   1.217248e+05   6.583932e+02;
   1.217248e+05   1.983618e+05   3.938723e+01;
   6.583932e+02   3.938723e+01   1.010136e+00]
e=[ ...        
  -6.369277e+01   6.236886e+01   1.441233e+01;
   6.236886e+01  -6.009677e+01  -1.400283e+01;
   1.441233e+01  -1.400283e+01  -2.735804e+00]
intgraF=[ ...  
   4.292899e+00  -4.910982e+00  -5.941568e-02;
   1.162011e+00  -9.049523e-01  -1.383213e-02;
   3.332820e+00  -2.799210e+00  -3.907461e-02]
F=[ ...        
  -4.846891e+02   4.784485e+01  -1.250822e+00;
  -3.693215e+02   1.877374e+02  -1.065956e+00;
  -5.605890e+02  -5.993248e+02  -5.652022e-01]
R=[ ...        
  -6.529368e-01   2.638256e-01  -7.099786e-01;
  -5.568227e-01   4.682337e-01   6.860800e-01;
  -5.134413e-01  -8.432990e-01   1.588229e-01]
U=[ ...        
   8.099475e+02   1.719420e+02   1.700455e+00;
   1.719420e+02   6.059377e+02  -3.524810e-01;
   1.700455e+00  -3.524810e-01   6.695823e-02]
l=[ ...        
  -3.738181e-03   6.748344e-04   7.219326e-03;
   1.388986e-02  -5.252567e-04  -3.855055e-04;
   8.496668e-06  -5.012449e-06  -6.227513e-05]
d=[ ...        
  -3.738181e-03   7.282345e-03   3.613911e-03;
   7.282345e-03  -5.252567e-04  -1.952590e-04;
   3.613911e-03  -1.952590e-04  -6.227513e-05]
     iteration=        3050000       process=              3       (i,j,k)=              0              1              1       (x,y,z)=   5.000000e-03   1.500000e-02   1.575983e-02     particles=             39
fabric=[ ...   
   3.400866e-01   1.712910e-02   1.993963e-02;
   1.712910e-02   3.266319e-01   1.367825e-03;
   1.993963e-02   1.367825e-03   3.332816e-01]
sigma=[ ...    
  -1.011702e+02  -1.031520e+01  -9.158312e+00;
  -1.031569e+01  -8.799605e+01  -1.340627e+00;
  -9.157166e+00  -1.340906e+00  -1.335953e+02]
sigmaDot=[ ... 
   2.437276e+00  -5.056321e+00  -5.011786e+00;
  -4.697078e+00   1.354296e+00   1.606158e+00;
  -4.043559e+00   1.962681e+00  -3.287461e+00]
intgraE=[ ...  
  -4.111339e-02   7.395219e-02  -3.250967e-02;
   7.395219e-02   7.158015e-02  -4.380867e-02;
  -3.250967e-02  -4.380867e-02  -1.447513e-01]
E=[ ...        
   5.472055e+05  -5.409056e+05   9.111178e+00;
  -5.409056e+05   9.240380e+05  -1.696551e+00;
   9.111178e+00  -1.696551e+00  -4.995769e-01]
e=[ ...        
  -2.805204e+00   3.855677e+01   6.829024e+01;
   3.855677e+01  -4.492832e+02  -7.966384e+02;
   6.829024e+01  -7.966384e+02  -1.410475e+03]
intgraF=[ ...  
   9.471465e-01  -1.347483e-04  -9.096780e-02;
   1.362075e-01   1.067701e+00  -1.257955e-01;
   4.619819e-02   5.634627e-02   8.284913e-01]
F=[ ...        
  -5.672373e+02  -1.798313e+02  -2.403694e-02;
  -7.769035e+02   1.169642e+03   2.650341e-03;
   4.111870e+02  -6.690854e+02   1.616482e-02]
R=[ ...        
  -8.744123e-01  -4.833494e-01  -4.214826e-02;
  -4.394074e-01   7.520842e-01   4.912133e-01;
   2.057286e-01  -4.480432e-01   8.700190e-01]
U=[ ...        
   9.219693e+02  -4.943526e+02   2.317919e-02;
  -4.943526e+02   1.266370e+03   6.368982e-03;
   2.317919e-02   6.368982e-03   1.637870e-02]
l=[ ...        
  -2.975398e-08  -1.417651e-07  -8.570432e-08;
  -4.638178e-09  -2.523884e-08   2.046418e-07;
  -2.141736e-08  -1.224773e-07  -5.080430e-08]
d=[ ...        
  -2.975398e-08  -7.320166e-08  -5.356084e-08;
  -7.320166e-08  -2.523884e-08   4.108227e-08;
  -5.356084e-08   4.108227e-08  -5.080430e-08]
     iteration=        3050000       process=              4       (i,j,k)=              1              0              0       (x,y,z)=   1.500000e-02   5.000000e-03   5.253276e-03     particles=             77
fabric=[ ...   
   3.321960e-01   4.590809e-03  -1.143482e-02;
   4.590809e-03   3.199135e-01   2.027327e-02;
  -1.143482e-02   2.027327e-02   3.478904e-01]
sigma=[ ...    
  -2.894225e+02   1.831791e+01  -3.986683e+00;
   1.831864e+01  -2.592733e+02  -4.835129e+01;
  -3.982633e+00  -4.834847e+01  -3.701648e+02]
sigmaDot=[ ... 
   8.006259e+01   9.393229e+01  -1.367226e+02;
   3.672698e+01   4.135316e+01  -2.269207e+02;
  -4.263079e+01  -1.470600e+02   1.098765e+02]
intgraE=[ ...  
   1.997171e+01  -1.506937e+00   1.549213e-02;
  -1.506937e+00   2.806987e+00   2.983750e-02;
   1.549213e-02   2.983750e-02  -4.996866e-01]
E=[ ...        
   1.458616e+06  -7.915871e+05   8.648120e+00;
  -7.915871e+05   4.651586e+05  -4.766097e+00;
   8.648120e+00  -4.766097e+00  -4.996759e-01]
e=[ ...        
  -7.130649e+02   2.837036e+02   2.542229e+02;
   2.837036e+02  -1.122967e+02  -1.010755e+02;
   2.542229e+02  -1.010755e+02  -9.007240e+01]
intgraF=[ ...  
   4.235411e+00   9.829368e-01   1.482425e-02;
   8.721475e-01   1.543401e+00   1.753228e-02;
   4.716363e+00  -1.807132e+00  -9.985081e-03]
F=[ ...        
  -7.222459e+00  -1.216817e+02  -2.038562e-02;
  -1.149862e+03   4.504089e+02   1.727990e-03;
   1.262932e+03  -8.441822e+02   1.515200e-02]
R=[ ...        
  -2.039288e-01  -4.245060e-01  -8.821608e-01;
  -8.860314e-01  -3.032092e-01   3.507314e-01;
   4.163668e-01  -8.531464e-01   3.142925e-01]
U=[ ...        
   1.546130e+03  -7.257515e+02   8.934954e-03;
  -7.257515e+02   6.352976e+02  -4.797003e-03;
   8.934954e-03  -4.797003e-03   2.335162e-02]
l=[ ...        
   5.729990e-07  -4.587751e-04  -3.558872e-04;
   9.965320e-08  -9.408650e-05  -5.197291e-05;
   4.721032e-07  -6.387094e-06  -1.839234e-06]
d=[ ...        
   5.729990e-07  -2.293377e-04  -1.777075e-04;
  -2.293377e-04  -9.408650e-05  -2.918000e-05;
  -1.777075e-04  -2.918000e-05  -1.839234e-06]
     iteration=        3050000       process=              5       (i,j,k)=              1              0              1       (x,y,z)=   1.500000e-02   5.000000e-03   1.575983e-02     particles=             35
fabric=[ ...   
   3.330019e-01   1.096332e-02   3.956546e-03;
   1.096332e-02   3.613500e-01   2.199395e-03;
   3.956546e-03   2.199395e-03   3.056481e-01]
sigma=[ ...    
  -1.119744e+02  -1.490723e+00   9.290043e-01;
  -1.490405e+00  -1.197970e+02   1.518913e+01;
   9.286894e-01   1.518918e+01  -1.336955e+02]
sigmaDot=[ ... 
   3.993359e+01   1.134252e+01   1.494088e+01;
   1.461099e+01   1.311048e+01  -2.639553e+01;
   3.677563e+01  -2.512676e+01   3.084045e+01]
intgraE=[ ...  
  -9.614585e-03   1.044758e-02  -6.499422e-02;
   1.044758e-02   4.347371e-02   1.493197e-01;
  -6.499422e-02   1.493197e-01  -4.027499e-01]
E=[ ...        
   1.446285e+06  -4.948989e+05  -6.632022e+03;
  -4.948989e+05   9.678349e+05   9.123867e+03;
  -6.632022e+03   9.123867e+03   1.197083e+02]
e=[ ...        
   4.994273e-01  -2.034181e-03   3.976824e-04;
  -2.034181e-03   4.927722e-01   1.413318e-03;
   3.976824e-04   1.413318e-03   4.997233e-01]
intgraF=[ ...  
   9.892159e-01   2.952782e-02  -1.144070e-01;
   2.639647e-03   1.015634e+00   2.124687e-01;
  -4.707111e-02   2.335857e-01   3.691455e-01]
F=[ ...        
  -1.124083e+03   1.271325e+03   1.067151e+01;
   5.422837e+02  -2.595664e+02  -1.056540e+01;
   1.155394e+03   5.020246e+02   3.861076e+00]
R=[ ...        
  -5.138166e-01   8.180652e-01  -2.583831e-01;
   3.000325e-01  -1.108089e-01  -9.474713e-01;
   8.037244e-01   5.643499e-01   1.885106e-01]
U=[ ...        
   1.668894e+03  -3.276168e+02  -5.549920e+00;
  -3.276168e+02   1.352107e+03   1.207973e+01;
  -5.549920e+00   1.207973e+01   7.980928e+00]
l=[ ...        
   1.293565e-07   2.082688e-06   3.549971e-06;
  -6.068644e-07  -2.563769e-07  -7.766084e-07;
  -1.539097e-06  -5.498613e-07  -3.571925e-07]
d=[ ...        
   1.293565e-07   7.379118e-07   1.005437e-06;
   7.379118e-07  -2.563769e-07  -6.632348e-07;
   1.005437e-06  -6.632348e-07  -3.571925e-07]
     iteration=        3050000       process=              6       (i,j,k)=              1              1              0       (x,y,z)=   1.500000e-02   1.500000e-02   5.253276e-03     particles=             70
fabric=[ ...   
   3.125869e-01  -1.590312e-03   1.055530e-02;
  -1.590312e-03   3.302604e-01   2.053816e-02;
   1.055530e-02   2.053816e-02   3.571527e-01]
sigma=[ ...    
  -3.139999e+02  -4.052767e+01   1.806785e+01;
  -4.052456e+01  -3.488051e+02   2.115884e+01;
   1.806979e+01   2.116882e+01  -3.551971e+02]
sigmaDot=[ ... 
  -2.202569e+01   1.122707e+00   4.445423e+00;
   9.782429e-01  -3.447956e+01  -2.978157e-01;
   2.224282e+00   2.006518e+00  -1.807474e+01]
intgraE=[ ...  
   3.551599e-01  -8.487549e-01  -3.513401e-02;
  -8.487549e-01   3.521624e-01   3.680693e-02;
  -3.513401e-02   3.680693e-02  -4.981724e-01]
E=[ ...        
   1.252670e+06  -1.018170e+06   5.364688e-01;
  -1.018170e+06   8.575223e+05   4.559309e-01;
   5.364688e-01   4.559309e-01  -4.999365e-01]
e=[ ...        
  -4.523667e+02  -1.090389e+03   1.299266e+03;
  -1.090389e+03  -2.624881e+03   3.128304e+03;
   1.299266e+03   3.128304e+03  -3.727068e+03]
intgraF=[ ...  
   4.849300e-01  -6.110818e-01  -4.565387e-02;
  -1.110922e+00   1.055014e+00   3.592899e-02;
  -4.909330e-01   4.667439e-01   1.673299e-02]
F=[ ...        
   5.895589e+02  -2.609959e+02   4.539001e-03;
  -1.219902e+03   1.026366e+03  -4.808830e-03;
  -8.182900e+02   7.703898e+02   9.128029e-03]
R=[ ...        
   8.177362e-01   5.145723e-01  -2.579202e-01;
  -5.482957e-01   5.600181e-01  -6.210890e-01;
  -1.751552e-01   6.493035e-01   7.400849e-01]
U=[ ...        
   1.294299e+03  -9.111154e+02   4.749545e-03;
  -9.111154e+02   9.406989e+02   5.569473e-03;
   4.749545e-03   5.569473e-03   8.571527e-03]
l=[ ...        
  -3.506641e-02  -9.342034e-03   1.239937e-02;
   7.626663e-02  -2.171184e-02   1.875398e-01;
   4.589914e-02  -6.012371e-04  -7.430172e-03]
d=[ ...        
  -3.506641e-02   3.346230e-02   2.914926e-02;
   3.346230e-02  -2.171184e-02   9.346930e-02;
   2.914926e-02   9.346930e-02  -7.430172e-03]
     iteration=        3050000       process=              7       (i,j,k)=              1              1              1       (x,y,z)=   1.500000e-02   1.500000e-02   1.575983e-02     particles=             48
fabric=[ ...   
   3.295687e-01  -1.015339e-02  -9.363665e-03;
  -1.015339e-02   3.120910e-01  -6.333302e-03;
  -9.363665e-03  -6.333302e-03   3.583403e-01]
sigma=[ ...    
  -7.722617e+01   4.737720e-01   1.205930e+01;
   4.737709e-01  -7.540349e+01   4.088464e+00;
   1.205930e+01   4.088445e+00  -1.002012e+02]
sigmaDot=[ ... 
   4.168743e-02   1.057927e+00  -4.760906e-01;
   1.057051e+00   4.445245e-01  -6.125344e-01;
  -2.359793e+00  -1.402705e+00  -7.214557e+00]
intgraE=[ ...  
   1.740594e-02   7.398291e-02  -9.779643e-02;
   7.398291e-02   1.064827e-02  -3.851895e-02;
  -9.779643e-02  -3.851895e-02  -4.664300e-01]
E=[ ...        
   6.940563e+05  -5.277906e+05   1.521941e+01;
  -5.277906e+05   4.208986e+05  -1.237949e+01;
   1.521941e+01  -1.237949e+01  -4.996319e-01]
e=[ ...        
  -2.902025e+04  -1.319115e+04  -7.422770e+04;
  -1.319115e+04  -5.995433e+03  -3.373961e+04;
  -7.422770e+04  -3.373961e+04  -1.898551e+05]
intgraF=[ ...  
   1.008011e+00   2.683121e-02  -1.737981e-01;
   1.045809e-01   9.911030e-01  -3.574203e-02;
  -8.825155e-02  -1.956823e-01   1.888298e-01]
F=[ ...        
  -6.868624e+02   6.663999e+02  -2.046772e-02;
  -8.595599e+02   5.223412e+02  -1.319020e-02;
   4.212961e+02  -3.533681e+02   1.196912e-02]
R=[ ...        
  -9.087298e-02   9.288243e-01   3.592039e-01;
  -9.737723e-01  -1.584258e-01   1.633060e-01;
   2.085898e-01  -3.349427e-01   9.188600e-01]
U=[ ...        
   9.873109e+02  -6.429081e+02   1.720085e-02;
  -6.429081e+02   6.545742e+02  -2.093021e-02;
   1.720085e-02  -2.093021e-02   1.491818e-03]
l=[ ...        
   1.680741e-09   3.847756e-08  -3.795409e-08;
  -4.571538e-08  -4.400479e-08   1.178692e-07;
  -1.431850e-07   1.128460e-07  -1.047309e-07]
d=[ ...        
   1.680741e-09  -3.618910e-09  -9.056952e-08;
  -3.618910e-09  -4.400479e-08   1.153576e-07;
  -9.056952e-08   1.153576e-07  -1.047309e-07]
