     iteration=         300000       process=              0       (i,j,k)=              0              0              0       (x,y,z)=   5.000000e-03   5.000000e-03   1.100735e-01     particles=            142
fabric=[ ...   
   3.355264e-01   4.363232e-03  -4.797587e-03;
   4.363232e-03   2.737716e-01  -2.216282e-02;
  -4.797587e-03  -2.216282e-02   3.907020e-01]
sigma=[ ...    
  -6.219483e+01   5.072411e+00  -2.081522e+00;
   2.772836e+00  -6.297728e+01   8.016778e-01;
   3.581495e+00   1.114098e+01  -6.348966e+01]
sigmaDot=[ ... 
   1.529522e+06   7.524891e+05   8.193139e+06;
  -1.181489e+07   3.660169e+06  -8.251188e+05;
  -1.716268e+06   2.030386e+07  -2.868224e+06]
intgraE=[ ...  
   1.571120e+01  -7.878893e+00  -3.440199e-01;
  -7.878893e+00   7.686313e+00   6.408679e-02;
  -3.440199e-01   6.408679e-02  -4.859117e-01]
E=[ ...        
   1.257142e+05   2.653131e+05  -3.262099e+02;
   2.653131e+05   5.922353e+05  -7.210818e+02;
  -3.262099e+02  -7.210818e+02   3.828414e-01]
e=[ ...        
  -1.048720e+00  -1.051939e+01  -6.520028e-01;
  -1.051939e+01  -7.095302e+01  -4.428734e+00;
  -6.520028e-01  -4.428734e+00   2.255021e-01]
intgraF=[ ...  
   3.839802e+00  -2.356743e+00  -2.786856e-03;
  -1.007123e+00   3.174684e+00  -7.125031e-03;
  -4.082158e+00   8.600998e-01   1.676845e-01]
F=[ ...        
  -9.498048e+01   4.639696e+01   9.121005e-03;
   4.437532e+01   6.045999e+01  -4.903412e-05;
  -4.903458e+02  -1.085663e+03   1.328759e+00]
R=[ ...        
  -9.002912e-01   4.102928e-01   1.453806e-01;
   1.581468e-01  -2.857255e-03   9.874115e-01;
  -4.055432e-01  -9.119494e-01   6.231413e-02]
U=[ ...        
   2.913843e+02   4.080739e+02  -5.470884e-01;
   4.080739e+02   1.008933e+03  -1.208018e+00;
  -5.470884e-01  -1.208018e+00   8.407804e-02]
l=[ ...        
   3.008584e+00  -6.674559e+00  -7.231981e-03;
   2.951013e+00   1.993376e+01   6.504872e-02;
  -5.951350e+00  -1.597653e+00  -1.378430e+01]
d=[ ...        
   3.008584e+00  -1.861773e+00  -2.979291e+00;
  -1.861773e+00   1.993376e+01  -7.663020e-01;
  -2.979291e+00  -7.663020e-01  -1.378430e+01]
     iteration=         300000       process=              1       (i,j,k)=              0              0              1       (x,y,z)=   5.000000e-03   5.000000e-03   3.302205e-01     particles=             40
fabric=[ ...   
   0.000000e+00   0.000000e+00   0.000000e+00;
   0.000000e+00   0.000000e+00   0.000000e+00;
   0.000000e+00   0.000000e+00   0.000000e+00]
sigma=[ ...    
   0.000000e+00   0.000000e+00   0.000000e+00;
   0.000000e+00   0.000000e+00   0.000000e+00;
   0.000000e+00   0.000000e+00   0.000000e+00]
sigmaDot=[ ... 
   0.000000e+00   0.000000e+00   0.000000e+00;
   0.000000e+00   0.000000e+00   0.000000e+00;
   0.000000e+00   0.000000e+00   0.000000e+00]
intgraE=[ ...  
   5.838566e-02  -2.651055e-02  -3.575907e-01;
  -2.651055e-02   1.203736e-02   1.623674e-01;
  -3.575907e-01   1.623674e-01   1.690111e+00]
E=[ ...        
   8.283038e-03   2.008415e-02   1.874085e-01;
   2.008415e-02   4.869871e-02   4.544155e-01;
   1.874085e-01   4.544155e-01   3.740223e+00]
e=[ ...        
  -9.767219e-04  -2.368290e-03   7.588590e-03;
  -2.368290e-03  -5.742470e-03   1.840030e-02;
   7.588590e-03   1.840030e-02   4.410408e-01]
intgraF=[ ...  
   1.000000e+00   0.000000e+00   0.000000e+00;
   0.000000e+00   1.000000e+00   0.000000e+00;
  -3.417182e-01   1.551603e-01   2.092898e+00]
F=[ ...        
   1.000000e+00   1.038371e-17  -4.436559e-18;
  -2.336575e-17   1.000000e+00  -3.348119e-18;
   1.287093e-01   3.120856e-01   2.912121e+00]
R=[ ...        
   9.994618e-01  -1.305004e-03  -3.277832e-02;
  -1.305004e-03   9.968357e-01  -7.947866e-02;
   3.277832e-02   7.947866e-02   9.962975e-01]
U=[ ...        
   1.003681e+00   8.924636e-03   9.545441e-02;
   8.924636e-03   1.021640e+00   2.314514e-01;
   9.545441e-02   2.314514e-01   2.901339e+00]
l=[ ...        
   0.000000e+00   0.000000e+00   0.000000e+00;
   0.000000e+00   0.000000e+00   0.000000e+00;
   3.692098e-01   8.670445e-01   4.272641e+00]
d=[ ...        
   0.000000e+00   0.000000e+00   1.846049e-01;
   0.000000e+00   0.000000e+00   4.335223e-01;
   1.846049e-01   4.335223e-01   4.272641e+00]
     iteration=         300000       process=              2       (i,j,k)=              0              1              0       (x,y,z)=   5.000000e-03   1.500000e-02   1.100735e-01     particles=             98
fabric=[ ...   
   2.555029e-01  -1.582945e-02  -2.107054e-02;
  -1.582945e-02   3.522610e-01  -3.384709e-02;
  -2.107054e-02  -3.384709e-02   3.922361e-01]
sigma=[ ...    
  -1.039995e+02   3.432116e+01   1.383945e+01;
   3.771632e+01  -1.772255e+02   2.059456e+01;
   7.168952e+00   1.476067e+01  -1.353000e+02]
sigmaDot=[ ... 
   1.961680e+06  -7.446959e+05   6.747734e+06;
  -5.909153e+06   2.004212e+06  -3.633197e+06;
   3.877688e+06   1.887579e+06   3.417150e+06]
intgraE=[ ...  
   1.015007e+01  -1.227127e+01  -3.621383e-01;
  -1.227127e+01   1.380788e+01   4.215980e-01;
  -3.621383e-01   4.215980e-01  -4.757686e-01]
E=[ ...        
   6.724980e+08  -7.210544e+08   8.403275e+03;
  -7.210544e+08   7.746198e+08  -9.078473e+03;
   8.403275e+03  -9.078473e+03  -3.916903e-01]
e=[ ...        
  -1.330098e+03  -4.282300e+01  -2.700403e+00;
  -4.282300e+01  -8.781848e-01  -8.690781e-02;
  -2.700403e+00  -8.690781e-02   4.945196e-01]
intgraF=[ ...  
   3.893062e+00  -4.570257e+00  -5.511316e-02;
   7.516824e-01  -2.931872e-01  -8.964522e-03;
  -2.362028e+00   2.764515e+00   2.129438e-01]
F=[ ...        
  -1.319830e+02   8.598171e+01   2.024468e-02;
   1.791094e+03  -1.896100e+02  -5.582754e-02;
   3.663019e+04  -3.935983e+04   4.616197e-01]
R=[ ...        
  -2.539095e-02  -1.975993e-02   9.994823e-01;
   7.482759e-01   6.626101e-01   3.210919e-02;
   6.629015e-01  -7.487038e-01   2.038423e-03]
U=[ ...        
   2.562579e+04  -2.623576e+04   2.637200e-01;
  -2.623576e+04   2.934152e+04  -3.830084e-01;
   2.637200e-01  -3.830084e-01   1.938260e-02]
l=[ ...        
   1.289335e+00  -8.543195e+00  -1.133908e-01;
  -6.524086e+00  -5.007951e-01   1.283286e-01;
  -2.309897e+00  -5.824651e-01  -1.248208e+01]
d=[ ...        
   1.289335e+00  -7.533640e+00  -1.211644e+00;
  -7.533640e+00  -5.007951e-01  -2.270682e-01;
  -1.211644e+00  -2.270682e-01  -1.248208e+01]
     iteration=         300000       process=              3       (i,j,k)=              0              1              1       (x,y,z)=   5.000000e-03   1.500000e-02   3.302205e-01     particles=              8
fabric=[ ...   
   0.000000e+00   0.000000e+00   0.000000e+00;
   0.000000e+00   0.000000e+00   0.000000e+00;
   0.000000e+00   0.000000e+00   0.000000e+00]
sigma=[ ...    
   0.000000e+00   0.000000e+00   0.000000e+00;
   0.000000e+00   0.000000e+00   0.000000e+00;
   0.000000e+00   0.000000e+00   0.000000e+00]
sigmaDot=[ ... 
   0.000000e+00   0.000000e+00   0.000000e+00;
   0.000000e+00   0.000000e+00   0.000000e+00;
   0.000000e+00   0.000000e+00   0.000000e+00]
intgraE=[ ...  
   0.000000e+00   0.000000e+00   0.000000e+00;
   0.000000e+00   0.000000e+00   0.000000e+00;
   0.000000e+00   0.000000e+00   0.000000e+00]
E=[ ...        
  -5.000000e-01   0.000000e+00   0.000000e+00;
   0.000000e+00  -5.000000e-01   0.000000e+00;
   0.000000e+00   0.000000e+00  -5.000000e-01]
e=[ ...        
   0.000000e+00   0.000000e+00   0.000000e+00;
   0.000000e+00   0.000000e+00   0.000000e+00;
   0.000000e+00   0.000000e+00   0.000000e+00]
intgraF=[ ...  
   1.000000e+00   0.000000e+00   0.000000e+00;
   0.000000e+00   1.000000e+00   0.000000e+00;
   0.000000e+00   0.000000e+00   1.000000e+00]
F=[ ...        
   0.000000e+00   0.000000e+00   0.000000e+00;
   0.000000e+00   0.000000e+00   0.000000e+00;
   0.000000e+00   0.000000e+00   0.000000e+00]
R=[ ...        
   0.000000e+00   0.000000e+00   0.000000e+00;
   0.000000e+00   0.000000e+00   0.000000e+00;
   0.000000e+00   0.000000e+00   0.000000e+00]
U=[ ...        
   0.000000e+00   0.000000e+00   0.000000e+00;
   0.000000e+00   0.000000e+00   0.000000e+00;
   0.000000e+00   0.000000e+00   0.000000e+00]
l=[ ...        
   0.000000e+00   0.000000e+00   0.000000e+00;
   0.000000e+00   0.000000e+00   0.000000e+00;
   0.000000e+00   0.000000e+00   0.000000e+00]
d=[ ...        
   0.000000e+00   0.000000e+00   0.000000e+00;
   0.000000e+00   0.000000e+00   0.000000e+00;
   0.000000e+00   0.000000e+00   0.000000e+00]
     iteration=         300000       process=              4       (i,j,k)=              1              0              0       (x,y,z)=   1.500000e-02   5.000000e-03   1.100735e-01     particles=             85
fabric=[ ...   
   2.817771e-01   2.083820e-02  -4.342603e-02;
   2.083820e-02   2.625755e-01   2.817114e-02;
  -4.342603e-02   2.817114e-02   4.419488e-01]
sigma=[ ...    
  -2.629517e+02  -7.702992e+01   1.201040e+02;
  -6.570552e+01  -1.082324e+02   4.301765e+01;
   1.175201e+02   7.031868e+01  -2.291076e+02]
sigmaDot=[ ... 
   8.888796e+06  -1.297540e+07   1.327015e+07;
   1.954207e+07  -9.060443e+06  -1.783606e+07;
  -4.468485e+06   1.503044e+07   4.941706e+06]
intgraE=[ ...  
   4.851064e+00  -1.242903e+00   3.914325e-02;
  -1.242903e+00   1.136905e+00  -1.138464e-02;
   3.914325e-02  -1.138464e-02  -4.847199e-01]
E=[ ...        
   1.006791e+08  -5.379235e+07   5.215089e+03;
  -5.379235e+07   2.880905e+07  -2.781655e+03;
   5.215089e+03  -2.781655e+03  -2.267730e-01]
e=[ ...        
  -3.541597e+01   4.418999e+01   3.311774e+00;
   4.418999e+01  -5.387012e+01  -4.074714e+00;
   3.311774e+00  -4.074714e+00   1.946247e-01]
intgraF=[ ...  
   3.190273e+00  -9.278687e-01  -9.215825e-03;
   4.321801e-01   1.521059e+00   1.542447e-02;
   5.809539e-01  -3.150397e-01   1.738888e-01]
F=[ ...        
   5.264464e+02  -5.675794e+02  -3.945405e-02;
  -6.337908e+02   1.059190e+02   8.512345e-03;
   1.416613e+04  -7.568668e+03   7.381226e-01]
R=[ ...        
  -3.254536e-01  -7.053515e-01  -6.297295e-01;
  -3.310112e-01  -5.388572e-01   7.746383e-01;
   8.857266e-01  -4.605563e-01   5.810627e-02]
U=[ ...        
   1.258578e+04  -6.554110e+03   6.637975e-01;
  -6.554110e+03   3.829066e+03  -3.167050e-01;
   6.637975e-01  -3.167050e-01   7.432891e-02]
l=[ ...        
  -3.785681e-02   5.247049e+00   2.905389e-01;
   6.961089e-01   1.816065e+00   1.676694e-02;
   3.093376e+00  -1.013001e+00  -1.258493e+01]
d=[ ...        
  -3.785681e-02   2.971579e+00   1.691958e+00;
   2.971579e+00   1.816065e+00  -4.981172e-01;
   1.691958e+00  -4.981172e-01  -1.258493e+01]
     iteration=         300000       process=              5       (i,j,k)=              1              0              1       (x,y,z)=   1.500000e-02   5.000000e-03   3.302205e-01     particles=              8
fabric=[ ...   
   0.000000e+00   0.000000e+00   0.000000e+00;
   0.000000e+00   0.000000e+00   0.000000e+00;
   0.000000e+00   0.000000e+00   0.000000e+00]
sigma=[ ...    
   0.000000e+00   0.000000e+00   0.000000e+00;
   0.000000e+00   0.000000e+00   0.000000e+00;
   0.000000e+00   0.000000e+00   0.000000e+00]
sigmaDot=[ ... 
   0.000000e+00   0.000000e+00   0.000000e+00;
   0.000000e+00   0.000000e+00   0.000000e+00;
   0.000000e+00   0.000000e+00   0.000000e+00]
intgraE=[ ...  
   0.000000e+00   0.000000e+00   0.000000e+00;
   0.000000e+00   0.000000e+00   0.000000e+00;
   0.000000e+00   0.000000e+00   0.000000e+00]
E=[ ...        
  -5.000000e-01   0.000000e+00   0.000000e+00;
   0.000000e+00  -5.000000e-01   0.000000e+00;
   0.000000e+00   0.000000e+00  -5.000000e-01]
e=[ ...        
   0.000000e+00   0.000000e+00   0.000000e+00;
   0.000000e+00   0.000000e+00   0.000000e+00;
   0.000000e+00   0.000000e+00   0.000000e+00]
intgraF=[ ...  
   1.000000e+00   0.000000e+00   0.000000e+00;
   0.000000e+00   1.000000e+00   0.000000e+00;
   0.000000e+00   0.000000e+00   1.000000e+00]
F=[ ...        
   0.000000e+00   0.000000e+00   0.000000e+00;
   0.000000e+00   0.000000e+00   0.000000e+00;
   0.000000e+00   0.000000e+00   0.000000e+00]
R=[ ...        
   0.000000e+00   0.000000e+00   0.000000e+00;
   0.000000e+00   0.000000e+00   0.000000e+00;
   0.000000e+00   0.000000e+00   0.000000e+00]
U=[ ...        
   0.000000e+00   0.000000e+00   0.000000e+00;
   0.000000e+00   0.000000e+00   0.000000e+00;
   0.000000e+00   0.000000e+00   0.000000e+00]
l=[ ...        
   0.000000e+00   0.000000e+00   0.000000e+00;
   0.000000e+00   0.000000e+00   0.000000e+00;
   0.000000e+00   0.000000e+00   0.000000e+00]
d=[ ...        
   0.000000e+00   0.000000e+00   0.000000e+00;
   0.000000e+00   0.000000e+00   0.000000e+00;
   0.000000e+00   0.000000e+00   0.000000e+00]
     iteration=         300000       process=              6       (i,j,k)=              1              1              0       (x,y,z)=   1.500000e-02   1.500000e-02   1.100735e-01     particles=             87
fabric=[ ...   
   3.146706e-01   1.122645e-02  -4.765310e-02;
   1.122645e-02   2.940273e-01  -2.053337e-02;
  -4.765310e-02  -2.053337e-02   3.913021e-01]
sigma=[ ...    
  -6.323652e+01  -9.180866e+00   2.146008e+01;
  -6.485457e+00  -6.412097e+01   2.174097e+01;
   1.846841e+01   2.878756e+01  -6.723003e+01]
sigmaDot=[ ... 
   1.188290e+06   1.031353e+06   6.787909e+06;
  -8.063077e+06   1.145788e+06  -4.097260e+05;
  -5.536925e+05  -1.006001e+07  -2.494623e+05]
intgraE=[ ...  
   4.759384e-01  -9.913232e-01  -3.486998e-02;
  -9.913232e-01   5.464928e-01   5.746490e-02;
  -3.486998e-02   5.746490e-02  -4.840369e-01]
E=[ ...        
   5.373574e+07  -1.041273e+07   4.433526e+03;
  -1.041273e+07   2.057086e+06  -8.763752e+02;
   4.433526e+03  -8.763752e+02  -1.236782e-01]
e=[ ...        
   4.996505e-01  -1.690891e-01  -2.061931e-02;
  -1.690891e-01  -8.284906e+01  -1.016336e+01;
  -2.061931e-02  -1.016336e+01  -7.392923e-01]
intgraF=[ ...  
   8.348114e-01  -9.919173e-01  -6.707923e-02;
  -1.110147e+00   1.050357e+00   3.428991e-02;
   1.501372e-01   7.638570e-02   1.620210e-01]
F=[ ...        
  -1.692249e+03   5.117312e+01  -1.804457e-02;
  -1.234597e+03   2.453317e+02  -2.821886e-02;
   1.015301e+04  -2.012801e+03   8.669035e-01]
R=[ ...        
  -3.433200e-01  -9.392154e-01   2.426711e-03;
  -1.129949e-01   4.386877e-02   9.926267e-01;
   9.323967e-01  -3.405144e-01   1.211876e-01]
U=[ ...        
   1.018712e+04  -1.922019e+03   8.176816e-01;
  -1.922019e+03   6.480874e+02  -2.794833e-01;
   8.176816e-01  -2.794833e-01   7.700334e-02]
l=[ ...        
  -1.076077e+01  -2.536374e-01   9.693474e-02;
  -3.555512e+00   2.495594e+00  -1.818152e-01;
  -7.610106e+00   1.173831e-01  -1.284843e+01]
d=[ ...        
  -1.076077e+01  -1.904575e+00  -3.756586e+00;
  -1.904575e+00   2.495594e+00  -3.221608e-02;
  -3.756586e+00  -3.221608e-02  -1.284843e+01]
     iteration=         300000       process=              7       (i,j,k)=              1              1              1       (x,y,z)=   1.500000e-02   1.500000e-02   3.302205e-01     particles=              8
fabric=[ ...   
   0.000000e+00   0.000000e+00   0.000000e+00;
   0.000000e+00   0.000000e+00   0.000000e+00;
   0.000000e+00   0.000000e+00   0.000000e+00]
sigma=[ ...    
   0.000000e+00   0.000000e+00   0.000000e+00;
   0.000000e+00   0.000000e+00   0.000000e+00;
   0.000000e+00   0.000000e+00   0.000000e+00]
sigmaDot=[ ... 
   0.000000e+00   0.000000e+00   0.000000e+00;
   0.000000e+00   0.000000e+00   0.000000e+00;
   0.000000e+00   0.000000e+00   0.000000e+00]
intgraE=[ ...  
   0.000000e+00   0.000000e+00   0.000000e+00;
   0.000000e+00   0.000000e+00   0.000000e+00;
   0.000000e+00   0.000000e+00   0.000000e+00]
E=[ ...        
  -5.000000e-01   0.000000e+00   0.000000e+00;
   0.000000e+00  -5.000000e-01   0.000000e+00;
   0.000000e+00   0.000000e+00  -5.000000e-01]
e=[ ...        
   0.000000e+00   0.000000e+00   0.000000e+00;
   0.000000e+00   0.000000e+00   0.000000e+00;
   0.000000e+00   0.000000e+00   0.000000e+00]
intgraF=[ ...  
   1.000000e+00   0.000000e+00   0.000000e+00;
   0.000000e+00   1.000000e+00   0.000000e+00;
   0.000000e+00   0.000000e+00   1.000000e+00]
F=[ ...        
   0.000000e+00   0.000000e+00   0.000000e+00;
   0.000000e+00   0.000000e+00   0.000000e+00;
   0.000000e+00   0.000000e+00   0.000000e+00]
R=[ ...        
   0.000000e+00   0.000000e+00   0.000000e+00;
   0.000000e+00   0.000000e+00   0.000000e+00;
   0.000000e+00   0.000000e+00   0.000000e+00]
U=[ ...        
   0.000000e+00   0.000000e+00   0.000000e+00;
   0.000000e+00   0.000000e+00   0.000000e+00;
   0.000000e+00   0.000000e+00   0.000000e+00]
l=[ ...        
   0.000000e+00   0.000000e+00   0.000000e+00;
   0.000000e+00   0.000000e+00   0.000000e+00;
   0.000000e+00   0.000000e+00   0.000000e+00]
d=[ ...        
   0.000000e+00   0.000000e+00   0.000000e+00;
   0.000000e+00   0.000000e+00   0.000000e+00;
   0.000000e+00   0.000000e+00   0.000000e+00]
