     iteration=        1600000       process=              0       (i,j,k)=              0              0              0       (x,y,z)=   5.000000e-03   5.000000e-03   5.253276e-03     particles=             80
fabric=[ ...   
   3.406897e-01   6.661219e-03  -4.581073e-04;
   6.661219e-03   3.072412e-01   5.866537e-04;
  -4.581073e-04   5.866537e-04   3.520691e-01]
sigma=[ ...    
  -3.170231e+02  -2.415744e+01   2.392655e+01;
  -2.415719e+01  -2.445481e+02  -2.606535e+01;
   2.392613e+01  -2.606530e+01  -3.735134e+02]
sigmaDot=[ ... 
   7.246847e+01   1.862950e+01  -1.953898e-01;
   1.580836e+01   9.670502e+01  -3.372380e-01;
  -1.482144e-02  -9.957143e+00   1.707084e+02]
intgraE=[ ...  
   4.535065e+01  -1.806788e+01  -6.088110e-02;
  -1.806788e+01   1.189079e+01   8.612333e-03;
  -6.088110e-02   8.612333e-03  -4.998743e-01]
E=[ ...        
   1.864148e+05  -5.297286e+04  -1.988540e+00;
  -5.297286e+04   8.840902e+05   1.423224e+00;
  -1.988540e+00   1.423224e+00  -4.997946e-01]
e=[ ...        
  -4.147416e+01  -3.957187e+00  -2.355141e+02;
  -3.957187e+00   1.269284e-01  -2.220351e+01;
  -2.355141e+02  -2.220351e+01  -1.320954e+03]
intgraF=[ ...  
   6.095135e+00  -3.972316e+00  -3.536544e-03;
  -5.113600e-01   2.634715e+00  -6.447871e-03;
  -7.368116e+00   1.435465e+00   1.404751e-02]
F=[ ...        
   5.031882e+02  -8.530681e+02  -2.709703e-03;
  -3.355131e+02  -1.005940e+03   2.808208e-03;
  -8.404257e+01   1.689390e+02   1.988751e-02]
R=[ ...        
   7.725248e-01  -6.102714e-01   1.754261e-01;
  -6.221100e-01  -7.827550e-01   1.654510e-02;
  -1.272186e-01   1.219158e-01   9.843536e-01]
U=[ ...        
   6.081432e+02  -5.470291e+01  -6.370390e-03;
  -5.470291e+01   1.328604e+03   1.880118e-03;
  -6.370390e-03   1.880118e-03   1.914745e-02]
l=[ ...        
   1.857423e-02   2.576488e-03  -7.989440e-04;
   1.719394e-02   2.386195e-03  -7.384336e-04;
  -4.092100e-05  -5.266460e-06   3.857993e-06]
d=[ ...        
   1.857423e-02   9.885214e-03  -4.199325e-04;
   9.885214e-03   2.386195e-03  -3.718500e-04;
  -4.199325e-04  -3.718500e-04   3.857993e-06]
     iteration=        1600000       process=              1       (i,j,k)=              0              0              1       (x,y,z)=   5.000000e-03   5.000000e-03   1.575983e-02     particles=             46
fabric=[ ...   
   3.545068e-01  -8.151089e-03   2.264866e-02;
  -8.151089e-03   3.195766e-01   1.075598e-03;
   2.264866e-02   1.075598e-03   3.259166e-01]
sigma=[ ...    
  -6.708684e+01   7.828352e+00   6.528917e-01;
   7.825225e+00  -7.672895e+01   1.539140e+00;
   6.513657e-01   1.539029e+00  -1.059557e+02]
sigmaDot=[ ... 
   1.536409e+02  -7.481330e+01  -1.154878e+02;
  -6.579780e+01   1.869411e+02   1.959064e+02;
  -3.227665e+01   1.476650e+02   1.687855e+02]
intgraE=[ ...  
   9.541159e-02  -6.456919e-02  -6.784948e-01;
  -6.456919e-02   1.150383e-02   3.409817e-01;
  -6.784948e-01   3.409817e-01   3.604721e+00]
E=[ ...        
   6.649858e+05  -8.275363e+05   3.175425e+00;
  -8.275363e+05   1.803561e+06  -2.435640e+01;
   3.175425e+00  -2.435640e+01  -4.994458e-01]
e=[ ...        
  -1.548341e+05  -7.115970e+04   1.213547e+05;
  -7.115970e+04  -3.270344e+04   5.577282e+04;
   1.213547e+05   5.577282e+04  -9.511363e+04]
intgraF=[ ...  
   9.981298e-01   3.860687e-04  -9.610683e-02;
  -3.448900e-02   9.878711e-01   6.129202e-02;
  -4.397392e-01   2.170674e-01   2.862944e+00]
F=[ ...        
   4.045255e+02  -1.217118e+03   1.976892e-02;
  -1.073974e+03   1.174089e+03  -1.297852e-03;
  -1.136266e+02  -8.644433e+02   2.675467e-02]
R=[ ...        
   6.239119e-03  -6.724552e-01  -7.401115e-01;
  -8.660908e-01   3.663236e-01  -3.401377e-01;
  -4.998477e-01  -6.431260e-01   5.801217e-01]
U=[ ...        
   9.894791e+02  -5.923711e+02  -1.212586e-02;
  -5.923711e+02   1.804500e+03  -3.097577e-02;
  -1.212586e-02  -3.097577e-02   1.331209e-03]
l=[ ...        
   3.103841e-05  -1.558855e-05  -6.630730e-05;
  -2.470167e-05   4.127982e-05   8.104057e-05;
   8.333908e-06  -1.198155e-05  -1.922501e-05]
d=[ ...        
   3.103841e-05  -2.014511e-05  -2.898670e-05;
  -2.014511e-05   4.127982e-05   3.452951e-05;
  -2.898670e-05   3.452951e-05  -1.922501e-05]
     iteration=        1600000       process=              2       (i,j,k)=              0              1              0       (x,y,z)=   5.000000e-03   1.500000e-02   5.253276e-03     particles=             81
fabric=[ ...   
   3.310374e-01  -4.806236e-04   1.717015e-03;
  -4.806236e-04   3.223782e-01   1.540484e-02;
   1.717015e-03   1.540484e-02   3.465844e-01]
sigma=[ ...    
  -2.982035e+02  -7.190003e+00   2.962993e+01;
  -7.190095e+00  -2.535568e+02  -3.480408e+01;
   2.962963e+01  -3.480402e+01  -2.911642e+02]
sigmaDot=[ ... 
  -1.823387e+01   2.068129e+01  -5.115027e+01;
   1.815924e+01  -6.409767e+01  -2.290322e+01;
  -4.252587e+01  -2.202671e+01  -1.085514e+01]
intgraE=[ ...  
   1.494372e+01  -1.573171e+01  -2.006861e-01;
  -1.573171e+01   1.588609e+01   2.068430e-01;
  -2.006861e-01   2.068430e-01  -4.973758e-01]
E=[ ...        
   3.428453e+05   1.217764e+05   6.584909e+02;
   1.217764e+05   1.984272e+05   3.942986e+01;
   6.584909e+02   3.942986e+01   1.010427e+00]
e=[ ...        
  -6.241635e+01   6.113313e+01   1.412841e+01;
   6.113313e+01  -5.890046e+01  -1.372797e+01;
   1.412841e+01  -1.372797e+01  -2.672657e+00]
intgraF=[ ...  
   4.292821e+00  -4.910869e+00  -5.941444e-02;
   1.162543e+00  -9.055506e-01  -1.383942e-02;
   3.332810e+00  -2.799199e+00  -3.907447e-02]
F=[ ...        
  -4.847248e+02   4.784251e+01  -1.251406e+00;
  -3.692863e+02   1.877703e+02  -1.065535e+00;
  -5.606790e+02  -5.994237e+02  -5.652195e-01]
R=[ ...        
  -6.529581e-01   2.638468e-01  -7.099511e-01;
  -5.567771e-01   4.682543e-01   6.861029e-01;
  -5.134637e-01  -8.432810e-01   1.588465e-01]
U=[ ...        
   8.100035e+02   1.719970e+02   1.700601e+00;
   1.719970e+02   6.060299e+02  -3.524820e-01;
   1.700601e+00  -3.524820e-01   6.758708e-02]
l=[ ...        
  -3.346154e-03   2.819972e-04   2.168795e-03;
   1.092732e-02  -3.466020e-04   6.017716e-04;
  -7.044649e-05  -6.695062e-06  -1.043222e-04]
d=[ ...        
  -3.346154e-03   5.604656e-03   1.049174e-03;
   5.604656e-03  -3.466020e-04   2.975383e-04;
   1.049174e-03   2.975383e-04  -1.043222e-04]
     iteration=        1600000       process=              3       (i,j,k)=              0              1              1       (x,y,z)=   5.000000e-03   1.500000e-02   1.575983e-02     particles=             39
fabric=[ ...   
   3.401173e-01   1.702945e-02   1.983083e-02;
   1.702945e-02   3.265892e-01   1.336926e-03;
   1.983083e-02   1.336926e-03   3.332936e-01]
sigma=[ ...    
  -1.010380e+02  -1.024709e+01  -9.199144e+00;
  -1.023119e+01  -8.757619e+01  -1.352953e+00;
  -9.179987e+00  -1.360580e+00  -1.335376e+02]
sigmaDot=[ ... 
   1.612978e+02  -2.707445e+01  -2.492295e+02;
  -7.062265e+02   7.642013e+01   8.915502e+01;
  -5.274141e+02   5.716204e+02  -2.996130e+01]
intgraE=[ ...  
  -4.111325e-02   7.395207e-02  -3.251030e-02;
   7.395207e-02   7.157997e-02  -4.380835e-02;
  -3.251030e-02  -4.380835e-02  -1.447501e-01]
E=[ ...        
   5.584185e+05  -5.769656e+05   7.794335e+00;
  -5.769656e+05   9.091045e+05  -4.889207e-01;
   7.794335e+00  -4.889207e-01  -4.995275e-01]
e=[ ...        
   3.389180e-01   7.008059e+00   1.317089e+01;
   7.008059e+00  -3.043972e+02  -5.730215e+02;
   1.317089e+01  -5.730215e+02  -1.076432e+03]
intgraF=[ ...  
   9.471467e-01  -1.343653e-04  -9.096853e-02;
   1.362070e-01   1.067701e+00  -1.257950e-01;
   4.619730e-02   5.634631e-02   8.284927e-01]
F=[ ...        
  -5.270028e+02  -1.412202e+02  -2.413439e-02;
  -8.113347e+02   1.183126e+03   5.944215e-03;
   4.252553e+02  -6.312529e+02   1.808920e-02]
R=[ ...        
  -8.702329e-01  -4.925213e-01  -1.084192e-02;
  -4.392598e-01   7.657857e-01   4.697053e-01;
   2.230373e-01  -4.135154e-01   8.827567e-01]
U=[ ...        
   9.098496e+02  -5.375980e+02   2.242605e-02;
  -5.375980e+02   1.236608e+03   8.958531e-03;
   2.242605e-02   8.958531e-03   1.902205e-02]
l=[ ...        
   1.914865e-05   1.879496e-05   3.718870e-05;
   1.727635e-05  -3.916981e-05   7.133483e-06;
  -4.562170e-05  -4.776673e-05  -6.415367e-05]
d=[ ...        
   1.914865e-05   1.803566e-05  -4.216499e-06;
   1.803566e-05  -3.916981e-05  -2.031663e-05;
  -4.216499e-06  -2.031663e-05  -6.415367e-05]
     iteration=        1600000       process=              4       (i,j,k)=              1              0              0       (x,y,z)=   1.500000e-02   5.000000e-03   5.253276e-03     particles=             77
fabric=[ ...   
   3.322001e-01   4.589750e-03  -1.144395e-02;
   4.589750e-03   3.199051e-01   2.025965e-02;
  -1.144395e-02   2.025965e-02   3.478947e-01]
sigma=[ ...    
  -2.891286e+02   1.823919e+01  -3.707763e+00;
   1.824094e+01  -2.588076e+02  -4.822351e+01;
  -3.700992e+00  -4.821313e+01  -3.695912e+02]
sigmaDot=[ ... 
   7.392355e+01   1.726217e+02  -4.611575e+01;
   1.036415e+02   1.109001e+02  -7.528662e+01;
  -2.240857e+01  -8.705381e+01   1.435736e+02]
intgraE=[ ...  
   1.997172e+01  -1.507028e+00   1.549120e-02;
  -1.507028e+00   2.807028e+00   2.983777e-02;
   1.549120e-02   2.983777e-02  -4.996866e-01]
E=[ ...        
   1.458490e+06  -7.914788e+05   8.648112e+00;
  -7.914788e+05   4.650706e+05  -4.766180e+00;
   8.648112e+00  -4.766180e+00  -4.996759e-01]
e=[ ...        
  -7.131722e+02   2.837084e+02   2.541978e+02;
   2.837084e+02  -1.122835e+02  -1.010521e+02;
   2.541978e+02  -1.010521e+02  -9.004091e+01]
intgraF=[ ...  
   4.235410e+00   9.829210e-01   1.482408e-02;
   8.721487e-01   1.543407e+00   1.753235e-02;
   4.716365e+00  -1.807157e+00  -9.985338e-03]
F=[ ...        
  -7.292082e+00  -1.216126e+02  -2.038504e-02;
  -1.149838e+03   4.503825e+02   1.728135e-03;
   1.262854e+03  -8.441020e+02   1.515191e-02]
R=[ ...        
  -2.039301e-01  -4.244302e-01  -8.821970e-01;
  -8.860410e-01  -3.032186e-01   3.506989e-01;
   4.163458e-01  -8.531808e-01   3.142272e-01]
U=[ ...        
   1.546075e+03  -7.256952e+02   8.934360e-03;
  -7.256952e+02   6.352233e+02  -4.799299e-03;
   8.934360e-03  -4.799299e-03   2.335082e-02]
l=[ ...        
   5.210480e-07  -4.404616e-04  -3.477522e-04;
   2.168435e-06  -9.899689e-05  -4.957337e-05;
   1.653368e-06  -2.610819e-05  -1.783349e-06]
d=[ ...        
   5.210480e-07  -2.191466e-04  -1.730494e-04;
  -2.191466e-04  -9.899689e-05  -3.784078e-05;
  -1.730494e-04  -3.784078e-05  -1.783349e-06]
     iteration=        1600000       process=              5       (i,j,k)=              1              0              1       (x,y,z)=   1.500000e-02   5.000000e-03   1.575983e-02     particles=             35
fabric=[ ...   
   3.330019e-01   1.096332e-02   3.956540e-03;
   1.096332e-02   3.613500e-01   2.199389e-03;
   3.956540e-03   2.199389e-03   3.056481e-01]
sigma=[ ...    
  -1.124647e+02  -2.040165e+00   1.173944e+00;
  -2.041130e+00  -1.196978e+02   1.555171e+01;
   1.174056e+00   1.555041e+01  -1.336794e+02]
sigmaDot=[ ... 
   4.339932e+01  -8.561419e+01  -1.511382e+01;
  -6.307479e+01   2.688085e+02   2.092929e+01;
  -5.884657e+01   7.409492e+00   1.048946e+02]
intgraE=[ ...  
  -9.614627e-03   1.044754e-02  -6.499424e-02;
   1.044754e-02   4.347371e-02   1.493198e-01;
  -6.499424e-02   1.493198e-01  -4.027498e-01]
E=[ ...        
   1.446285e+06  -4.948988e+05  -6.632021e+03;
  -4.948988e+05   9.678349e+05   9.123866e+03;
  -6.632021e+03   9.123866e+03   1.197083e+02]
e=[ ...        
   4.994273e-01  -2.034181e-03   3.976825e-04;
  -2.034181e-03   4.927722e-01   1.413318e-03;
   3.976825e-04   1.413318e-03   4.997233e-01]
intgraF=[ ...  
   9.892159e-01   2.952762e-02  -1.144071e-01;
   2.639732e-03   1.015634e+00   2.124687e-01;
  -4.707100e-02   2.335859e-01   3.691455e-01]
F=[ ...        
  -1.124083e+03   1.271325e+03   1.067151e+01;
   5.422837e+02  -2.595663e+02  -1.056540e+01;
   1.155394e+03   5.020247e+02   3.861076e+00]
R=[ ...        
  -5.138166e-01   8.180652e-01  -2.583831e-01;
   3.000325e-01  -1.108089e-01  -9.474713e-01;
   8.037245e-01   5.643498e-01   1.885107e-01]
U=[ ...        
   1.668894e+03  -3.276168e+02  -5.549919e+00;
  -3.276168e+02   1.352107e+03   1.207973e+01;
  -5.549919e+00   1.207973e+01   7.980927e+00]
l=[ ...        
   4.602401e-06   1.334511e-06  -1.039400e-05;
  -4.557277e-06   8.371578e-06   2.787665e-06;
  -7.391602e-07  -3.758469e-06   3.077945e-06]
d=[ ...        
   4.602401e-06  -1.611383e-06  -5.566578e-06;
  -1.611383e-06   8.371578e-06  -4.854018e-07;
  -5.566578e-06  -4.854018e-07   3.077945e-06]
     iteration=        1600000       process=              6       (i,j,k)=              1              1              0       (x,y,z)=   1.500000e-02   1.500000e-02   5.253276e-03     particles=             70
fabric=[ ...   
   3.124294e-01  -2.794689e-03   9.921205e-03;
  -2.794689e-03   3.303546e-01   2.190456e-02;
   9.921205e-03   2.190456e-02   3.572160e-01]
sigma=[ ...    
  -3.144833e+02  -4.059349e+01   1.809259e+01;
  -4.059792e+01  -3.491010e+02   2.115742e+01;
   1.809187e+01   2.114981e+01  -3.558295e+02]
sigmaDot=[ ... 
  -4.668596e+01  -6.430124e+01   4.237920e+01;
  -6.134403e+01  -1.048432e+02   8.650502e+01;
   3.606288e+01   8.120681e+01  -3.078269e+02]
intgraE=[ ...  
   3.597830e-01  -8.534874e-01  -3.535388e-02;
  -8.534874e-01   3.569627e-01   3.702298e-02;
  -3.535388e-02   3.702298e-02  -4.981638e-01]
E=[ ...        
   1.115454e+06  -8.874950e+05  -2.115985e-03;
  -8.874950e+05   7.336715e+05   9.435882e-01;
  -2.115985e-03   9.435882e-01  -4.999355e-01]
e=[ ...        
  -5.954172e+02  -1.389567e+03   1.527035e+03;
  -1.389567e+03  -3.239710e+03   3.560759e+03;
   1.527035e+03   3.560759e+03  -3.912519e+03]
intgraF=[ ...  
   4.840620e-01  -6.101303e-01  -4.559994e-02;
  -1.115633e+00   1.060312e+00   3.625006e-02;
  -4.905231e-01   4.662677e-01   1.670217e-02]
F=[ ...        
   6.129778e+02  -2.837908e+02   4.743082e-03;
  -1.117928e+03   9.240084e+02  -4.011014e-03;
  -7.780775e+02   7.300789e+02   9.505042e-03]
R=[ ...        
   8.303720e-01   4.833250e-01  -2.772712e-01;
  -5.333455e-01   5.453533e-01  -6.466315e-01;
  -1.613224e-01   6.848260e-01   7.106254e-01]
U=[ ...        
   1.230763e+03  -8.462458e+02   4.544402e-03;
  -8.462458e+02   8.667249e+02   6.614330e-03;
   4.544402e-03   6.614330e-03   8.033051e-03]
l=[ ...        
  -5.328097e-02  -1.882720e-03   1.227782e-02;
  -2.003545e-01  -7.493040e-03   4.983352e-02;
   5.122110e-02   1.106023e-03  -9.749250e-03]
d=[ ...        
  -5.328097e-02  -1.011186e-01   3.174946e-02;
  -1.011186e-01  -7.493040e-03   2.546977e-02;
   3.174946e-02   2.546977e-02  -9.749250e-03]
     iteration=        1600000       process=              7       (i,j,k)=              1              1              1       (x,y,z)=   1.500000e-02   1.500000e-02   1.575983e-02     particles=             48
fabric=[ ...   
   3.295687e-01  -1.015338e-02  -9.363666e-03;
  -1.015338e-02   3.120910e-01  -6.333302e-03;
  -9.363666e-03  -6.333302e-03   3.583403e-01]
sigma=[ ...    
  -7.720011e+01   4.730504e-01   1.209187e+01;
   4.732988e-01  -7.534010e+01   4.116536e+00;
   1.209225e+01   4.115790e+00  -1.001741e+02]
sigmaDot=[ ... 
  -2.543872e+01  -6.461102e+01   8.854159e+01;
  -6.766928e+01  -2.015296e+02   1.069663e+02;
   7.656194e+01   1.120358e+02  -1.786645e+01]
intgraE=[ ...  
   1.740607e-02   7.398301e-02  -9.779646e-02;
   7.398301e-02   1.064834e-02  -3.851896e-02;
  -9.779646e-02  -3.851896e-02  -4.664300e-01]
E=[ ...        
   6.940563e+05  -5.277906e+05   1.521941e+01;
  -5.277906e+05   4.208986e+05  -1.237949e+01;
   1.521941e+01  -1.237949e+01  -4.996319e-01]
e=[ ...        
  -2.903757e+04  -1.319902e+04  -7.427201e+04;
  -1.319902e+04  -5.999012e+03  -3.375976e+04;
  -7.427201e+04  -3.375976e+04  -1.899685e+05]
intgraF=[ ...  
   1.008011e+00   2.683122e-02  -1.737981e-01;
   1.045810e-01   9.911030e-01  -3.574205e-02;
  -8.825161e-02  -1.956823e-01   1.888298e-01]
F=[ ...        
  -6.868624e+02   6.663999e+02  -2.046772e-02;
  -8.595599e+02   5.223412e+02  -1.319020e-02;
   4.212961e+02  -3.533681e+02   1.196912e-02]
R=[ ...        
  -9.087296e-02   9.288244e-01   3.592039e-01;
  -9.737723e-01  -1.584258e-01   1.633060e-01;
   2.085898e-01  -3.349427e-01   9.188600e-01]
U=[ ...        
   9.873109e+02  -6.429081e+02   1.720085e-02;
  -6.429081e+02   6.545742e+02  -2.093021e-02;
   1.720085e-02  -2.093021e-02   1.491819e-03]
l=[ ...        
  -5.556672e-06  -2.837722e-06   2.625571e-07;
  -1.012589e-05  -5.057728e-06   2.964595e-06;
   4.703594e-06   7.454936e-07   4.248998e-06]
d=[ ...        
  -5.556672e-06  -6.481807e-06   2.483075e-06;
  -6.481807e-06  -5.057728e-06   1.855044e-06;
   2.483075e-06   1.855044e-06   4.248998e-06]
