     iteration=         750000       process=              0       (i,j,k)=              0              0              0       (x,y,z)=   5.000000e-03   5.000000e-03   6.851645e-03     particles=            100
fabric=[ ...   
   3.295121e-01  -7.596733e-03  -3.502614e-03;
  -7.596733e-03   3.038805e-01   2.160864e-03;
  -3.502614e-03   2.160864e-03   3.630613e-01]
sigma=[ ...    
  -2.294541e+02  -2.427985e+01   3.790789e+01;
  -2.422026e+01  -1.790312e+02  -2.086430e+01;
   3.764937e+01  -1.852062e+01  -2.952089e+02]
sigmaDot=[ ... 
   5.340851e+03   1.086237e+05  -6.576216e+05;
  -2.328024e+05  -1.161687e+05   2.626756e+04;
   7.194189e+03  -3.257863e+04   2.046261e+05]
intgraE=[ ...  
   4.530225e+01  -1.804616e+01  -6.082460e-02;
  -1.804616e+01   1.188099e+01   8.587055e-03;
  -6.082460e-02   8.587055e-03  -4.998744e-01]
E=[ ...        
   1.458884e+05   1.324497e+05  -2.876191e+02;
   1.324497e+05   4.490334e+05  -5.141586e+02;
  -2.876191e+02  -5.141586e+02   2.637913e-01]
e=[ ...        
  -1.826410e+01   6.219775e+00  -4.401319e+01;
   6.219775e+00  -1.561682e+00   1.458914e+01;
  -4.401319e+01   1.458914e+01  -1.027376e+02]
intgraF=[ ...  
   6.089851e+00  -3.968272e+00  -3.535260e-03;
  -5.122959e-01   2.636956e+00  -6.452082e-03;
  -7.365851e+00   1.435711e+00   1.404120e-02]
F=[ ...        
   4.240854e+01  -7.058519e+02   4.645608e-01;
  -5.303997e+02  -5.939318e+02   1.140361e+00;
  -9.303412e+01   2.169930e+02  -1.064973e-01]
R=[ ...        
   3.864951e-01  -8.363570e-01  -3.887524e-01;
  -8.755459e-01  -4.652092e-01   1.303832e-01;
  -2.898981e-01   2.899781e-01  -9.120701e-01]
U=[ ...        
   5.077504e+02   1.843003e+02  -7.880149e-01;
   1.843003e+02   9.295700e+02  -9.499273e-01;
  -7.880149e-01  -9.499273e-01   6.521788e-02]
l=[ ...        
  -1.329813e-02  -3.434720e-03  -2.016292e-02;
  -1.502740e-02  -4.620279e-03  -1.756432e-02;
  -3.441628e-03  -1.257463e-02  -8.235821e-03]
d=[ ...        
  -1.329813e-02  -9.231062e-03  -1.180228e-02;
  -9.231062e-03  -4.620279e-03  -1.506947e-02;
  -1.180228e-02  -1.506947e-02  -8.235821e-03]
     iteration=         750000       process=              1       (i,j,k)=              0              0              1       (x,y,z)=   5.000000e-03   5.000000e-03   2.055493e-02     particles=             25
fabric=[ ...   
   2.836316e-01  -1.226888e-02  -2.112072e-02;
  -1.226888e-02   2.563213e-01  -9.349158e-03;
  -2.112072e-02  -9.349158e-03   4.600471e-01]
sigma=[ ...    
  -4.761573e+01   1.280574e+00  -1.369258e-01;
   2.185822e+00  -2.488600e+01   1.093236e+01;
  -3.463344e+00   1.264312e+01  -7.662458e+01]
sigmaDot=[ ... 
   3.881266e+04  -1.361602e+05  -1.191781e+05;
  -2.222750e+05   1.723198e+05  -1.367630e+05;
   8.248814e+04  -2.859036e+05   5.265184e+05]
intgraE=[ ...  
   1.172302e-01  -6.866200e-02  -7.380808e-01;
  -6.866200e-02   2.473274e-02   3.675438e-01;
  -7.380808e-01   3.675438e-01   3.799305e+00]
E=[ ...        
   5.119420e+05  -8.028053e+05   1.671083e+01;
  -8.028053e+05   1.690138e+06  -2.604592e+01;
   1.671083e+01  -2.604592e+01  -4.992436e-01]
e=[ ...        
  -9.671942e+02   1.424795e+02   4.366382e+02;
   1.424795e+02  -2.047812e+01  -6.428890e+01;
   4.366382e+02  -6.428890e+01  -1.965178e+02]
intgraF=[ ...  
   1.000677e+00  -6.851949e-03  -6.094072e-02;
  -2.055741e-02   9.987377e-01   6.677209e-02;
  -4.823724e-01   2.279068e-01   2.930945e+00]
F=[ ...        
   1.209777e+02  -5.721187e+02   2.235939e-02;
  -8.447332e+02   8.285682e+02  -3.048847e-02;
   5.437603e+02  -1.538321e+03   9.125433e-03]
R=[ ...        
  -1.681356e-01  -3.944572e-01   9.034013e-01;
  -9.844272e-01   1.148988e-01  -1.330468e-01;
  -5.131850e-02  -9.117027e-01  -4.076329e-01]
U=[ ...        
   7.833327e+02  -6.405271e+02   2.578596e-02;
  -6.405271e+02   1.723370e+03  -2.064259e-02;
   2.578596e-02  -2.064259e-02   2.053607e-02]
l=[ ...        
  -3.784879e-01  -8.740519e-02  -8.216108e-01;
  -3.779182e-01  -2.550268e-01   9.002300e-01;
   2.109814e-01   1.382434e-01  -4.846208e-01]
d=[ ...        
  -3.784879e-01  -2.326617e-01  -3.053147e-01;
  -2.326617e-01  -2.550268e-01   5.192367e-01;
  -3.053147e-01   5.192367e-01  -4.846208e-01]
     iteration=         750000       process=              2       (i,j,k)=              0              1              0       (x,y,z)=   5.000000e-03   1.500000e-02   6.851645e-03     particles=             93
fabric=[ ...   
   3.393432e-01   2.645414e-03   6.815359e-03;
   2.645414e-03   3.022962e-01   7.445153e-03;
   6.815359e-03   7.445153e-03   3.583606e-01]
sigma=[ ...    
  -2.117644e+02   2.521412e+00   1.624604e+01;
   2.840403e+00  -1.814583e+02  -1.237596e+01;
   1.654864e+01  -1.193484e+01  -2.381573e+02]
sigmaDot=[ ... 
  -1.879806e+04   5.658112e+03   5.141993e+04;
   1.069626e+05  -2.472417e+04  -2.970638e+04;
  -3.164194e+04   3.491311e+04  -5.786799e+04]
intgraE=[ ...  
   1.488384e+01  -1.566997e+01  -1.999039e-01;
  -1.566997e+01   1.582323e+01   2.060419e-01;
  -1.999039e-01   2.060419e-01  -4.973860e-01]
E=[ ...        
   6.379699e+04  -4.113396e+03   2.146197e+02;
  -4.113396e+03   3.926947e+05  -7.439630e+00;
   2.146197e+02  -7.439630e+00   2.413649e-01]
e=[ ...        
  -3.757310e+00   5.419702e+00   2.784674e+00;
   5.419702e+00  -6.399476e+00  -3.544990e+00;
   2.784674e+00  -3.544990e+00  -1.321437e+00]
intgraF=[ ...  
   4.279819e+00  -4.898874e+00  -5.925410e-02;
   1.161752e+00  -9.046498e-01  -1.382837e-02;
   3.331839e+00  -2.798052e+00  -3.906129e-02]
F=[ ...        
  -2.927962e+02   1.102801e+01  -8.726982e-01;
  -1.837252e+02   4.118197e+02  -7.546584e-01;
  -9.005795e+01  -7.846485e+02  -3.893821e-01]
R=[ ...        
  -8.216331e-01   6.314598e-03   5.699817e-01;
  -5.034357e-01   4.609387e-01  -7.308132e-01;
  -2.673414e-01  -8.874095e-01  -3.755435e-01]
U=[ ...        
   3.571411e+02  -6.616685e+00   1.201058e+00;
  -6.616685e+00   8.861978e+02  -7.820684e-03;
   1.201058e+00  -7.820684e-03   2.003222e-01]
l=[ ...        
  -1.633852e-02   2.591071e-03  -5.913923e-03;
  -8.262966e-03   2.236129e-03  -2.542959e-03;
  -3.383516e-04   1.458768e-03  -6.060894e-04]
d=[ ...        
  -1.633852e-02  -2.835948e-03  -3.126137e-03;
  -2.835948e-03   2.236129e-03  -5.420952e-04;
  -3.126137e-03  -5.420952e-04  -6.060894e-04]
     iteration=         750000       process=              3       (i,j,k)=              0              1              1       (x,y,z)=   5.000000e-03   1.500000e-02   2.055493e-02     particles=             26
fabric=[ ...   
   3.106811e-01   2.298935e-02   9.330312e-03;
   2.298935e-02   2.774410e-01   7.098522e-02;
   9.330312e-03   7.098522e-02   3.926471e-01]
sigma=[ ...    
  -5.836281e+01  -2.350579e+01  -1.186074e+00;
  -2.111680e+01  -5.455726e+01  -1.556002e+01;
  -2.777107e+00  -1.886930e+01  -7.274498e+01]
sigmaDot=[ ... 
  -3.889480e+04  -1.145473e+05  -7.180017e+05;
  -2.444872e+05  -4.144192e+04  -6.821583e+04;
   1.870388e+05   2.978906e+05   2.092594e+04]
intgraE=[ ...  
   1.646610e-03   1.204752e-02   7.182427e-04;
   1.204752e-02  -1.143399e-02   6.391764e-02;
   7.182427e-04   6.391764e-02  -4.672452e-02]
E=[ ...        
   3.042338e+05  -2.957610e+05   1.810314e+03;
  -2.957610e+05   6.133978e+05  -3.876845e+02;
   1.810314e+03  -3.876845e+02   1.831862e+01]
e=[ ...        
   4.681323e-01  -2.306410e-02   4.432901e-02;
  -2.306410e-02   4.833046e-01   3.208404e-02;
   4.432901e-02   3.208404e-02   4.383356e-01]
intgraF=[ ...  
   1.001296e+00  -1.414445e-03   3.570036e-03;
   2.592187e-02   9.882905e-01   1.099343e-01;
  -5.273966e-03   2.029416e-02   9.457551e-01]
F=[ ...        
   3.121010e+02  -9.025538e+02  -1.811078e+00;
   5.172549e+02   1.336629e+01   4.422756e+00;
   4.934662e+02  -6.418836e+02   3.846617e+00]
R=[ ...        
   4.650987e-02  -8.398704e-01  -5.407907e-01;
   8.778128e-01   2.927395e-01  -3.791416e-01;
   4.767406e-01  -4.570792e-01   7.508642e-01]
U=[ ...        
   7.038241e+02  -3.362565e+02   5.631957e+00;
  -3.362565e+02   1.055333e+03   1.057578e+00;
   5.631957e+00   1.057578e+00   2.190850e+00]
l=[ ...        
   5.183565e-02  -5.657780e-02   1.428015e-01;
   1.036875e+00  -4.683791e-01   4.397372e+00;
  -2.109586e-01   8.117665e-01  -2.169797e+00]
d=[ ...        
   5.183565e-02   4.901485e-01  -3.407859e-02;
   4.901485e-01  -4.683791e-01   2.604569e+00;
  -3.407859e-02   2.604569e+00  -2.169797e+00]
     iteration=         750000       process=              4       (i,j,k)=              1              0              0       (x,y,z)=   1.500000e-02   5.000000e-03   6.851645e-03     particles=             94
fabric=[ ...   
   3.090921e-01   9.852283e-04   4.019644e-03;
   9.852283e-04   3.153576e-01  -4.803165e-03;
   4.019644e-03  -4.803165e-03   3.755503e-01]
sigma=[ ...    
  -1.966887e+02   2.961708e+00  -6.302796e+00;
   2.409658e+00  -1.782263e+02  -9.630570e+00;
  -5.345968e+00  -8.069740e+00  -2.753147e+02]
sigmaDot=[ ... 
  -8.585709e+04   9.059359e+04  -9.265109e+05;
  -4.571843e+05  -1.046178e+05  -1.022177e+05;
   4.658667e+04   9.507361e+05   4.735048e+04]
intgraE=[ ...  
   1.997919e+01  -1.506595e+00   1.550261e-02;
  -1.506595e+00   2.807106e+00   2.984032e-02;
   1.550261e-02   2.984032e-02  -4.996865e-01]
E=[ ...        
   7.736840e+05  -3.426516e+05   5.565817e+00;
  -3.426516e+05   3.098671e+05  -4.904332e+00;
   5.565817e+00  -4.904332e+00  -4.997758e-01]
e=[ ...        
  -8.173983e+01   2.308639e+02   2.833087e+02;
   2.308639e+02  -6.475815e+02  -7.953047e+02;
   2.833087e+02  -7.953047e+02  -9.754723e+02]
intgraF=[ ...  
   4.236119e+00   9.832348e-01   1.482843e-02;
   8.715299e-01   1.543635e+00   1.753303e-02;
   4.717426e+00  -1.806835e+00  -9.982213e-03]
F=[ ...        
  -3.046378e+02   6.659733e+02  -1.414264e-02;
  -9.767364e+02   3.986421e+02   4.046870e-03;
   7.074961e+02  -1.315262e+02   1.523115e-02]
R=[ ...        
   4.125814e-02   9.747273e-01  -2.195553e-01;
  -7.686503e-01   1.713536e-01   6.162911e-01;
   6.383373e-01   1.433342e-01   7.562941e-01]
U=[ ...        
   1.189821e+03  -3.628977e+02   6.028483e-03;
  -3.628977e+02   6.985989e+02  -1.090863e-02;
   6.028483e-03  -1.090863e-02   1.711837e-02]
l=[ ...        
  -2.624633e-03   2.812288e-03   5.949257e-03;
   9.247950e-04   4.550763e-04  -8.378065e-03;
  -5.929267e-04  -3.257945e-03   3.544060e-03]
d=[ ...        
  -2.624633e-03   1.868542e-03   2.678165e-03;
   1.868542e-03   4.550763e-04  -5.818005e-03;
   2.678165e-03  -5.818005e-03   3.544060e-03]
     iteration=         750000       process=              5       (i,j,k)=              1              0              1       (x,y,z)=   1.500000e-02   5.000000e-03   2.055493e-02     particles=             19
fabric=[ ...   
   3.340789e-01   3.060819e-02   1.156214e-02;
   3.060819e-02   3.226682e-01  -2.249029e-03;
   1.156214e-02  -2.249029e-03   3.432529e-01]
sigma=[ ...    
  -5.101845e+01  -1.438530e+01   9.827378e+00;
  -1.395575e+01  -7.128389e+01   6.477795e+00;
   8.444981e+00   1.262666e+01  -8.075559e+01]
sigmaDot=[ ... 
   1.200255e+06   2.122691e+05   8.666630e+06;
  -6.061283e+06  -5.315799e+04  -1.360119e+06;
   1.141619e+05   1.791031e+07   6.628608e+05]
intgraE=[ ...  
  -1.078154e-02   2.095498e-02  -6.386905e-02;
   2.095498e-02  -4.720136e-02   1.383788e-01;
  -6.386905e-02   1.383788e-01  -3.998267e-01]
E=[ ...        
   2.180358e+06  -6.552902e+05   1.047305e+02;
  -6.552902e+05   3.096982e+05  -3.655592e+01;
   1.047305e+02  -3.655592e+01  -4.942106e-01]
e=[ ...        
  -2.050820e+00  -3.062716e+01  -1.608906e+01;
  -3.062716e+01  -3.672344e+02  -1.931782e+02;
  -1.608906e+01  -1.931782e+02  -1.009804e+02]
intgraF=[ ...  
   9.879498e-01   4.017371e-02  -1.143821e-01;
   1.327517e-02   9.263662e-01   2.172258e-01;
  -4.707331e-02   2.140771e-01   3.742676e-01]
F=[ ...        
  -1.618042e+02   5.207932e+02  -3.143810e-02;
  -9.576480e+02   2.398358e+02  -7.258036e-02;
   1.848633e+03  -5.391202e+02   7.295538e-02]
R=[ ...        
   1.612147e-01   9.841733e-01  -7.357081e-02;
  -4.694320e-01   1.089601e-02  -8.829014e-01;
   8.681264e-01  -1.768732e-01  -4.637590e-01]
U=[ ...        
   2.028313e+03  -4.966516e+02   9.233775e-02;
  -4.966516e+02   6.105200e+02  -4.463522e-02;
   9.233775e-02  -4.463522e-02   3.256051e-02]
l=[ ...        
  -4.820082e-01   1.606948e+00  -4.575285e+00;
   5.310068e-01  -2.945352e+00   8.689030e+00;
  -1.882932e+00   8.563084e+00  -2.502929e+01]
d=[ ...        
  -4.820082e-01   1.068978e+00  -3.229109e+00;
   1.068978e+00  -2.945352e+00   8.626057e+00;
  -3.229109e+00   8.626057e+00  -2.502929e+01]
     iteration=         750000       process=              6       (i,j,k)=              1              1              0       (x,y,z)=   1.500000e-02   1.500000e-02   6.851645e-03     particles=             91
fabric=[ ...   
   3.239728e-01  -8.651351e-03   2.888391e-03;
  -8.651351e-03   3.263763e-01   1.107328e-02;
   2.888391e-03   1.107328e-02   3.496509e-01]
sigma=[ ...    
  -2.476093e+02  -3.234254e+01  -3.563269e-01;
  -3.270195e+01  -2.536536e+02   1.154610e+01;
  -1.162427e-01   1.174718e+01  -3.053316e+02]
sigmaDot=[ ... 
  -9.990442e+03   3.752508e+04  -1.412809e+05;
   5.953003e+04   1.866321e+04   3.082425e+04;
   6.147790e+04   4.156568e+04  -2.350194e+04]
intgraE=[ ...  
   3.611784e-01  -8.544209e-01  -3.532039e-02;
  -8.544209e-01   3.575003e-01   3.698311e-02;
  -3.532039e-02   3.698311e-02  -4.981665e-01]
E=[ ...        
   1.180571e+06  -8.425773e+05   1.977097e+01;
  -8.425773e+05   6.378577e+05  -5.605469e+00;
   1.977097e+01  -5.605469e+00  -4.958193e-01]
e=[ ...        
  -1.201862e+02  -3.973193e+01   2.552537e+00;
  -3.973193e+01  -1.258042e+01   8.403418e-01;
   2.552537e+00   8.403418e-01   4.460044e-01]
intgraF=[ ...  
   4.852490e-01  -6.114121e-01  -4.566905e-02;
  -1.115755e+00   1.059460e+00   3.605936e-02;
  -4.919145e-01   4.676766e-01   1.676409e-02]
F=[ ...        
   4.480238e+02  -2.887839e+02   7.276680e-02;
  -1.391326e+03   9.154254e+02  -2.226033e-02;
  -4.739516e+02   5.952449e+02   5.070285e-02]
R=[ ...        
   3.085464e-01  -5.352404e-02   9.497022e-01;
  -9.230361e-01   2.243466e-01   3.125268e-01;
   2.297902e-01   9.730384e-01  -1.981673e-02]
U=[ ...        
   1.313571e+03  -7.972925e+02   5.465004e-02;
  -7.972925e+02   8.000257e+02   4.044702e-02;
   5.465004e-02   4.044702e-02   6.114508e-02]
l=[ ...        
   3.319209e-02  -7.566682e-03   2.193958e-02;
   1.831315e-01   8.965936e-02  -1.377937e-01;
  -2.773098e-02   2.157241e-02  -2.613106e-02]
d=[ ...        
   3.319209e-02   8.778243e-02  -2.895699e-03;
   8.778243e-02   8.965936e-02  -5.811063e-02;
  -2.895699e-03  -5.811063e-02  -2.613106e-02]
     iteration=         750000       process=              7       (i,j,k)=              1              1              1       (x,y,z)=   1.500000e-02   1.500000e-02   2.055493e-02     particles=             28
fabric=[ ...   
   2.820720e-01  -3.215168e-02  -2.227393e-02;
  -3.215168e-02   3.166581e-01   2.739509e-02;
  -2.227393e-02   2.739509e-02   4.012699e-01]
sigma=[ ...    
   3.762763e+00  -2.190790e+01   5.102239e+00;
  -1.744338e+01   3.163027e-01   5.107905e+00;
   3.235534e+00   6.281574e+00  -1.340794e+01]
sigmaDot=[ ... 
  -9.570363e+04  -4.444459e+04   9.483552e+04;
   1.076639e+05  -5.660931e+04   4.046447e+04;
  -2.234164e+03  -6.638970e+05   6.995819e+03]
intgraE=[ ...  
  -1.245815e-02   5.070326e-02  -7.776535e-02;
   5.070326e-02   5.599642e-03  -3.022397e-02;
  -7.776535e-02  -3.022397e-02  -4.694520e-01]
E=[ ...        
   6.031270e+04  -1.743250e+05   2.129497e+00;
  -1.743250e+05   6.590680e+05  -1.100129e+01;
   2.129497e+00  -1.100129e+01  -4.994493e-01]
e=[ ...        
  -6.940854e+01   2.204977e+02   2.029387e+01;
   2.204977e+02  -6.949690e+02  -6.400865e+01;
   2.029387e+01  -6.400865e+01  -5.391162e+00]
intgraF=[ ...  
   9.785831e-01  -8.997742e-03  -1.372694e-01;
   9.183020e-02   9.834914e-01  -1.913534e-02;
  -9.500493e-02  -2.094348e-01   2.046632e-01]
F=[ ...        
  -2.764343e+02   1.091621e+03  -1.123186e-02;
  -1.044390e+02   3.512441e+02  -2.940721e-02;
   1.824910e+02  -5.592017e+01  -1.050538e-02]
R=[ ...        
  -1.425481e-01   9.428956e-01   3.010448e-01;
  -1.354918e-01   2.826987e-01  -9.495912e-01;
   9.804703e-01   1.761515e-01  -8.745646e-02]
U=[ ...        
   2.324829e+02  -2.580273e+02  -4.714696e-03;
  -2.580273e+02   1.118731e+03  -2.075439e-02;
  -4.714696e-03  -2.075439e-02   2.546230e-02]
l=[ ...        
  -8.566741e-01  -3.599097e-01  -5.490774e+00;
   3.673208e+00  -6.603430e-01  -7.654135e-01;
  -3.800197e+00  -8.377393e+00  -3.181347e+01]
d=[ ...        
  -8.566741e-01   1.656649e+00  -4.645486e+00;
   1.656649e+00  -6.603430e-01  -4.571403e+00;
  -4.645486e+00  -4.571403e+00  -3.181347e+01]
