     iteration=         250000       process=              0       (i,j,k)=              0              0              0       (x,y,z)=   5.000000e-03   5.000000e-03   1.204519e-01     particles=            141
fabric=[ ...   
   3.534684e-01   3.086028e-02  -4.005189e-02;
   3.086028e-02   2.819235e-01  -6.536167e-02;
  -4.005189e-02  -6.536167e-02   3.646081e-01]
sigma=[ ...    
  -2.742361e+00   1.160243e+00  -1.844678e-01;
   8.899661e-01   1.677129e+00   6.159007e-01;
   1.231326e+00   1.921089e-01  -1.540750e-01]
sigmaDot=[ ... 
   3.162314e+05  -1.359733e+05  -7.301036e+04;
  -7.517100e+04  -1.831836e+04   3.474762e+04;
  -5.434217e+04   2.025010e+05   4.290583e+04]
intgraE=[ ...  
   2.088432e+01  -6.927544e+00  -7.041687e-01;
  -6.927544e+00   4.176080e+00   1.285482e-01;
  -7.041687e-01   1.285482e-01  -4.675195e-01]
E=[ ...        
   5.531084e+05   7.129508e+04  -6.340497e+02;
   7.129508e+04   1.755798e+04  -8.560738e+01;
  -6.340497e+02  -8.560738e+01   2.292499e-01]
e=[ ...        
  -3.465327e+02  -1.420199e+02  -9.609458e+00;
  -1.420199e+02  -5.762034e+01  -3.932582e+00;
  -9.609458e+00  -3.932582e+00   2.339102e-01]
intgraF=[ ...  
   3.440594e+00  -1.848935e+00  -3.304703e-03;
  -8.355973e-01   2.208718e+00  -4.869106e-03;
  -5.498429e+00   1.027213e+00   2.548066e-01]
F=[ ...        
   5.332693e+00   4.977898e+01   3.622617e-03;
   5.802569e+01  -1.120483e+02   2.184691e-03;
  -1.050153e+03  -1.417187e+02   1.207676e+00]
R=[ ...        
  -3.722804e-02   3.779909e-01   9.250605e-01;
   1.605756e-01  -9.114103e-01   3.788755e-01;
  -9.863212e-01  -1.626469e-01   2.676610e-02]
U=[ ...        
   1.044908e+03   1.199348e+02  -1.190941e+00;
   1.199348e+02   1.439881e+02  -1.970467e-01;
  -1.190941e+00  -1.970467e-01   3.650365e-02]
l=[ ...        
   6.631605e+00  -5.764000e+00  -4.446482e-02;
   1.020953e+01   7.971366e+00  -1.395220e-01;
  -1.314686e+01   1.831319e+00  -1.149229e+01]
d=[ ...        
   6.631605e+00   2.222768e+00  -6.595662e+00;
   2.222768e+00   7.971366e+00   8.458984e-01;
  -6.595662e+00   8.458984e-01  -1.149229e+01]
     iteration=         250000       process=              1       (i,j,k)=              0              0              1       (x,y,z)=   5.000000e-03   5.000000e-03   3.613558e-01     particles=             50
fabric=[ ...   
   0.000000e+00   0.000000e+00   0.000000e+00;
   0.000000e+00   0.000000e+00   0.000000e+00;
   0.000000e+00   0.000000e+00   0.000000e+00]
sigma=[ ...    
   0.000000e+00   0.000000e+00   0.000000e+00;
   0.000000e+00   0.000000e+00   0.000000e+00;
   0.000000e+00   0.000000e+00   0.000000e+00]
sigmaDot=[ ... 
   0.000000e+00   0.000000e+00   0.000000e+00;
   0.000000e+00   0.000000e+00   0.000000e+00;
   0.000000e+00   0.000000e+00   0.000000e+00]
intgraE=[ ...  
   5.026964e-02  -1.912020e-02  -2.997855e-01;
  -1.912020e-02   7.272421e-03   1.140242e-01;
  -2.997855e-01   1.140242e-01   1.287785e+00]
E=[ ...        
   1.539105e-04  -2.062409e-03  -2.165706e-02;
  -2.062409e-03   2.763638e-02   2.902057e-01;
  -2.165706e-02   2.902057e-01   2.547408e+00]
e=[ ...        
  -2.525269e-05   3.383873e-04  -1.439324e-03;
   3.383873e-04  -4.534408e-03   1.928701e-02;
  -1.439324e-03   1.928701e-02   4.179631e-01]
intgraF=[ ...  
   1.000000e+00   0.000000e+00   0.000000e+00;
   0.000000e+00   1.000000e+00   0.000000e+00;
  -3.170793e-01   1.206020e-01   1.890918e+00]
F=[ ...        
   1.000000e+00   9.713421e-19  -6.717933e-18;
  -2.649836e-17   1.000000e+00   3.195416e-18;
  -1.754483e-02   2.351016e-01   2.468768e+00]
R=[ ...        
   9.999873e-01   1.708137e-04   5.046300e-03;
   1.708137e-04   9.977111e-01  -6.762068e-02;
  -5.046300e-03   6.762068e-02   9.976983e-01]
U=[ ...        
   1.000076e+00  -1.015580e-03  -1.245815e-02;
  -1.015580e-03   1.013609e+00   1.669398e-01;
  -1.245815e-02   1.669398e-01   2.463086e+00]
l=[ ...        
   0.000000e+00   0.000000e+00   0.000000e+00;
   0.000000e+00   0.000000e+00   0.000000e+00;
  -7.780655e-02   8.318333e-01   4.616358e+00]
d=[ ...        
   0.000000e+00   0.000000e+00  -3.890328e-02;
   0.000000e+00   0.000000e+00   4.159166e-01;
  -3.890328e-02   4.159166e-01   4.616358e+00]
     iteration=         250000       process=              2       (i,j,k)=              0              1              0       (x,y,z)=   5.000000e-03   1.500000e-02   1.204519e-01     particles=             91
fabric=[ ...   
   3.181584e-01  -1.732516e-02  -2.370175e-02;
  -1.732516e-02   2.917958e-01  -1.923426e-02;
  -2.370175e-02  -1.923426e-02   3.900459e-01]
sigma=[ ...    
  -1.196357e+01   8.363683e-01   1.085115e+00;
   2.227817e+00  -1.118059e+01   4.249390e+00;
   4.062139e+00   2.357281e+00  -8.539560e+00]
sigmaDot=[ ... 
   2.437805e+05  -7.985443e+04  -3.364391e+05;
   8.374498e+05  -1.233060e+05  -4.295889e+04;
  -5.603032e+04   4.285952e+05   2.751516e+05]
intgraE=[ ...  
   1.347525e+01  -1.571894e+01  -5.948761e-01;
  -1.571894e+01   1.734548e+01   6.905099e-01;
  -5.948761e-01   6.905099e-01  -4.518893e-01]
E=[ ...        
   2.623050e+07   1.146792e+07   2.210427e+03;
   1.146792e+07   5.160363e+06   9.668443e+02;
   2.210427e+03   9.668443e+02  -3.136289e-01]
e=[ ...        
  -2.361979e+03  -6.416719e+02  -2.273582e+01;
  -6.416719e+02  -1.737842e+02  -6.175266e+00;
  -2.273582e+01  -6.175266e+00   2.811970e-01]
intgraF=[ ...  
   4.061448e+00  -4.640072e+00  -5.657263e-02;
   1.441990e+00  -1.075022e+00  -1.941117e-02;
  -3.061994e+00   3.606245e+00   3.043751e-01]
F=[ ...        
   1.077950e+02  -9.466330e+01   2.219527e-02;
  -6.524380e+02   2.350528e+02  -4.970175e-02;
   7.212747e+03   3.202580e+03   6.080948e-01]
R=[ ...        
   1.123691e-01  -2.369395e-01   9.650041e-01;
  -4.455028e-01   8.560653e-01   2.620677e-01;
   8.882007e-01   4.593604e-01   9.361906e-03]
U=[ ...        
   6.709142e+03   2.729180e+03   5.647466e-01;
   2.729180e+03   1.694788e+03   2.315278e-01;
   5.647466e-01   2.315278e-01   1.408623e-02]
l=[ ...        
   3.053442e+00   2.430557e+00  -5.911714e-02;
  -4.443301e+00   2.101251e+00   8.299899e-02;
  -1.797170e+01  -9.724725e+00  -1.060484e+01]
d=[ ...        
   3.053442e+00  -1.006372e+00  -9.015406e+00;
  -1.006372e+00   2.101251e+00  -4.820863e+00;
  -9.015406e+00  -4.820863e+00  -1.060484e+01]
     iteration=         250000       process=              3       (i,j,k)=              0              1              1       (x,y,z)=   5.000000e-03   1.500000e-02   3.613558e-01     particles=             10
fabric=[ ...   
   0.000000e+00   0.000000e+00   0.000000e+00;
   0.000000e+00   0.000000e+00   0.000000e+00;
   0.000000e+00   0.000000e+00   0.000000e+00]
sigma=[ ...    
   0.000000e+00   0.000000e+00   0.000000e+00;
   0.000000e+00   0.000000e+00   0.000000e+00;
   0.000000e+00   0.000000e+00   0.000000e+00]
sigmaDot=[ ... 
   0.000000e+00   0.000000e+00   0.000000e+00;
   0.000000e+00   0.000000e+00   0.000000e+00;
   0.000000e+00   0.000000e+00   0.000000e+00]
intgraE=[ ...  
   0.000000e+00   0.000000e+00   0.000000e+00;
   0.000000e+00   0.000000e+00   0.000000e+00;
   0.000000e+00   0.000000e+00   0.000000e+00]
E=[ ...        
  -5.000000e-01   0.000000e+00   0.000000e+00;
   0.000000e+00  -5.000000e-01   0.000000e+00;
   0.000000e+00   0.000000e+00  -5.000000e-01]
e=[ ...        
   0.000000e+00   0.000000e+00   0.000000e+00;
   0.000000e+00   0.000000e+00   0.000000e+00;
   0.000000e+00   0.000000e+00   0.000000e+00]
intgraF=[ ...  
   1.000000e+00   0.000000e+00   0.000000e+00;
   0.000000e+00   1.000000e+00   0.000000e+00;
   0.000000e+00   0.000000e+00   1.000000e+00]
F=[ ...        
   0.000000e+00   0.000000e+00   0.000000e+00;
   0.000000e+00   0.000000e+00   0.000000e+00;
   0.000000e+00   0.000000e+00   0.000000e+00]
R=[ ...        
   0.000000e+00   0.000000e+00   0.000000e+00;
   0.000000e+00   0.000000e+00   0.000000e+00;
   0.000000e+00   0.000000e+00   0.000000e+00]
U=[ ...        
   0.000000e+00   0.000000e+00   0.000000e+00;
   0.000000e+00   0.000000e+00   0.000000e+00;
   0.000000e+00   0.000000e+00   0.000000e+00]
l=[ ...        
   0.000000e+00   0.000000e+00   0.000000e+00;
   0.000000e+00   0.000000e+00   0.000000e+00;
   0.000000e+00   0.000000e+00   0.000000e+00]
d=[ ...        
   0.000000e+00   0.000000e+00   0.000000e+00;
   0.000000e+00   0.000000e+00   0.000000e+00;
   0.000000e+00   0.000000e+00   0.000000e+00]
     iteration=         250000       process=              4       (i,j,k)=              1              0              0       (x,y,z)=   1.500000e-02   5.000000e-03   1.204519e-01     particles=             82
fabric=[ ...   
   3.326719e-01   1.316312e-02  -2.747927e-02;
   1.316312e-02   2.604771e-01   1.405038e-02;
  -2.747927e-02   1.405038e-02   4.068510e-01]
sigma=[ ...    
  -7.232183e+01  -1.949337e+01  -1.692678e+01;
  -3.403261e+01  -6.840120e+01   4.477647e+00;
   1.099924e-01   6.058420e+00  -1.313185e+02]
sigmaDot=[ ... 
   1.073605e+06   9.976710e+05  -9.413070e+06;
  -2.665507e+06  -6.383593e+06   3.479315e+06;
   1.827846e+06   3.967461e+04  -2.409791e+06]
intgraE=[ ...  
   4.630152e+00  -1.564659e+00   4.695657e-02;
  -1.564659e+00   1.252302e+00  -1.739109e-02;
   4.695657e-02  -1.739109e-02  -4.671048e-01]
E=[ ...        
   3.198212e+08  -1.736907e+08   8.967711e+03;
  -1.736907e+08   9.476932e+07  -4.859444e+03;
   8.967711e+03  -4.859444e+03  -2.482547e-01]
e=[ ...        
  -2.113829e+03  -3.825316e+03  -5.080874e+01;
  -3.825316e+03  -6.920393e+03  -9.192491e+01;
  -5.080874e+01  -9.192491e+01  -7.209680e-01]
intgraF=[ ...  
   3.142227e+00  -1.120226e+00  -1.303614e-02;
   3.608991e-01   1.473759e+00   1.486906e-02;
   5.064243e-01  -2.788025e-01   2.557331e-01]
F=[ ...        
  -1.479595e+02  -7.408038e+02  -2.790014e-02;
  -2.541201e+02   5.918834e+02  -2.496068e-03;
   2.528944e+04  -1.373461e+04   7.090175e-01]
R=[ ...        
  -4.111742e-01  -7.726079e-01  -4.837487e-01;
   2.155473e-01   4.332282e-01  -8.751301e-01;
   8.857060e-01  -4.641016e-01  -1.159869e-02]
U=[ ...        
   2.240508e+04  -1.173265e+04   6.389149e-01;
  -1.173265e+04   7.203026e+03  -3.085817e-01;
   6.389149e-01  -3.085817e-01   7.457367e-03]
l=[ ...        
   2.253782e+00   9.912000e+00  -2.047382e-02;
  -7.982860e+00   1.727605e+00   1.284548e-01;
  -2.832236e+00  -2.437909e+00  -1.103156e+01]
d=[ ...        
   2.253782e+00   9.645698e-01  -1.426355e+00;
   9.645698e-01   1.727605e+00  -1.154727e+00;
  -1.426355e+00  -1.154727e+00  -1.103156e+01]
     iteration=         250000       process=              5       (i,j,k)=              1              0              1       (x,y,z)=   1.500000e-02   5.000000e-03   3.613558e-01     particles=             10
fabric=[ ...   
   0.000000e+00   0.000000e+00   0.000000e+00;
   0.000000e+00   0.000000e+00   0.000000e+00;
   0.000000e+00   0.000000e+00   0.000000e+00]
sigma=[ ...    
   0.000000e+00   0.000000e+00   0.000000e+00;
   0.000000e+00   0.000000e+00   0.000000e+00;
   0.000000e+00   0.000000e+00   0.000000e+00]
sigmaDot=[ ... 
   0.000000e+00   0.000000e+00   0.000000e+00;
   0.000000e+00   0.000000e+00   0.000000e+00;
   0.000000e+00   0.000000e+00   0.000000e+00]
intgraE=[ ...  
   0.000000e+00   0.000000e+00   0.000000e+00;
   0.000000e+00   0.000000e+00   0.000000e+00;
   0.000000e+00   0.000000e+00   0.000000e+00]
E=[ ...        
  -5.000000e-01   0.000000e+00   0.000000e+00;
   0.000000e+00  -5.000000e-01   0.000000e+00;
   0.000000e+00   0.000000e+00  -5.000000e-01]
e=[ ...        
   0.000000e+00   0.000000e+00   0.000000e+00;
   0.000000e+00   0.000000e+00   0.000000e+00;
   0.000000e+00   0.000000e+00   0.000000e+00]
intgraF=[ ...  
   1.000000e+00   0.000000e+00   0.000000e+00;
   0.000000e+00   1.000000e+00   0.000000e+00;
   0.000000e+00   0.000000e+00   1.000000e+00]
F=[ ...        
   0.000000e+00   0.000000e+00   0.000000e+00;
   0.000000e+00   0.000000e+00   0.000000e+00;
   0.000000e+00   0.000000e+00   0.000000e+00]
R=[ ...        
   0.000000e+00   0.000000e+00   0.000000e+00;
   0.000000e+00   0.000000e+00   0.000000e+00;
   0.000000e+00   0.000000e+00   0.000000e+00]
U=[ ...        
   0.000000e+00   0.000000e+00   0.000000e+00;
   0.000000e+00   0.000000e+00   0.000000e+00;
   0.000000e+00   0.000000e+00   0.000000e+00]
l=[ ...        
   0.000000e+00   0.000000e+00   0.000000e+00;
   0.000000e+00   0.000000e+00   0.000000e+00;
   0.000000e+00   0.000000e+00   0.000000e+00]
d=[ ...        
   0.000000e+00   0.000000e+00   0.000000e+00;
   0.000000e+00   0.000000e+00   0.000000e+00;
   0.000000e+00   0.000000e+00   0.000000e+00]
     iteration=         250000       process=              6       (i,j,k)=              1              1              0       (x,y,z)=   1.500000e-02   1.500000e-02   1.204519e-01     particles=             82
fabric=[ ...   
   3.427829e-01   4.820447e-02  -2.948088e-02;
   4.820447e-02   2.817905e-01   1.936937e-02;
  -2.948088e-02   1.936937e-02   3.754266e-01]
sigma=[ ...    
  -5.217031e+01  -1.678593e+01   1.715638e+01;
  -1.730577e+01  -5.204317e+01   3.455527e+00;
   1.787142e+01   3.888347e+00  -3.544825e+01]
sigmaDot=[ ... 
  -4.966785e+04   3.274748e+04  -4.615889e+05;
   8.227394e+04   3.097563e+05  -2.680489e+05;
   2.400989e+05  -7.003258e+05   8.769268e+05]
intgraE=[ ...  
   7.371993e-01  -1.250860e+00  -6.576631e-03;
  -1.250860e+00   8.279933e-01   4.470414e-02;
  -6.576631e-03   4.470414e-02  -4.727947e-01]
E=[ ...        
   4.293447e+07  -7.627916e+06  -3.030988e+03;
  -7.627916e+06   1.385849e+06   5.332073e+02;
  -3.030988e+03   5.332073e+02  -2.850647e-01]
e=[ ...        
  -4.411712e+03   1.983030e+03  -2.754212e+01;
   1.983030e+03  -8.907552e+02   1.237856e+01;
  -2.754212e+01   1.237856e+01   3.280753e-01]
intgraF=[ ...  
   1.132021e+00  -1.348488e+00  -9.225036e-02;
  -9.479172e-01   8.746975e-01   2.546796e-02;
   5.425674e-01  -2.692065e-01   2.127250e-01]
F=[ ...        
  -2.710705e+01   1.063052e+02  -2.446515e-02;
  -1.889877e+02   2.593204e+02  -2.165414e-02;
  -9.264583e+03   1.641082e+03   6.548306e-01]
R=[ ...        
   6.692695e-02   4.043012e-01  -9.121740e-01;
   1.354290e-01   9.020820e-01   4.097646e-01;
  -9.885240e-01   1.509591e-01  -5.619493e-03]
U=[ ...        
   9.130854e+03  -1.580015e+03  -6.518857e-01;
  -1.580015e+03   5.246439e+02   6.942753e-02;
  -6.518857e-01   6.942753e-02   9.763556e-03]
l=[ ...        
  -7.767813e+00   1.192024e+00   3.178105e-02;
  -8.400432e+00  -4.491834e+00  -7.657798e-02;
  -3.506664e+00  -5.979435e+00  -1.084673e+01]
d=[ ...        
  -7.767813e+00  -3.604204e+00  -1.737442e+00;
  -3.604204e+00  -4.491834e+00  -3.028007e+00;
  -1.737442e+00  -3.028007e+00  -1.084673e+01]
     iteration=         250000       process=              7       (i,j,k)=              1              1              1       (x,y,z)=   1.500000e-02   1.500000e-02   3.613558e-01     particles=             10
fabric=[ ...   
   0.000000e+00   0.000000e+00   0.000000e+00;
   0.000000e+00   0.000000e+00   0.000000e+00;
   0.000000e+00   0.000000e+00   0.000000e+00]
sigma=[ ...    
   0.000000e+00   0.000000e+00   0.000000e+00;
   0.000000e+00   0.000000e+00   0.000000e+00;
   0.000000e+00   0.000000e+00   0.000000e+00]
sigmaDot=[ ... 
   0.000000e+00   0.000000e+00   0.000000e+00;
   0.000000e+00   0.000000e+00   0.000000e+00;
   0.000000e+00   0.000000e+00   0.000000e+00]
intgraE=[ ...  
   0.000000e+00   0.000000e+00   0.000000e+00;
   0.000000e+00   0.000000e+00   0.000000e+00;
   0.000000e+00   0.000000e+00   0.000000e+00]
E=[ ...        
  -5.000000e-01   0.000000e+00   0.000000e+00;
   0.000000e+00  -5.000000e-01   0.000000e+00;
   0.000000e+00   0.000000e+00  -5.000000e-01]
e=[ ...        
   0.000000e+00   0.000000e+00   0.000000e+00;
   0.000000e+00   0.000000e+00   0.000000e+00;
   0.000000e+00   0.000000e+00   0.000000e+00]
intgraF=[ ...  
   1.000000e+00   0.000000e+00   0.000000e+00;
   0.000000e+00   1.000000e+00   0.000000e+00;
   0.000000e+00   0.000000e+00   1.000000e+00]
F=[ ...        
   0.000000e+00   0.000000e+00   0.000000e+00;
   0.000000e+00   0.000000e+00   0.000000e+00;
   0.000000e+00   0.000000e+00   0.000000e+00]
R=[ ...        
   0.000000e+00   0.000000e+00   0.000000e+00;
   0.000000e+00   0.000000e+00   0.000000e+00;
   0.000000e+00   0.000000e+00   0.000000e+00]
U=[ ...        
   0.000000e+00   0.000000e+00   0.000000e+00;
   0.000000e+00   0.000000e+00   0.000000e+00;
   0.000000e+00   0.000000e+00   0.000000e+00]
l=[ ...        
   0.000000e+00   0.000000e+00   0.000000e+00;
   0.000000e+00   0.000000e+00   0.000000e+00;
   0.000000e+00   0.000000e+00   0.000000e+00]
d=[ ...        
   0.000000e+00   0.000000e+00   0.000000e+00;
   0.000000e+00   0.000000e+00   0.000000e+00;
   0.000000e+00   0.000000e+00   0.000000e+00]
