     iteration=        2500000       process=              0       (i,j,k)=              0              0              0       (x,y,z)=   5.000000e-03   5.000000e-03   5.253276e-03     particles=             80
fabric=[ ...   
   3.407100e-01   6.666818e-03  -4.682620e-04;
   6.666818e-03   3.072025e-01   5.680811e-04;
  -4.682620e-04   5.680811e-04   3.520875e-01]
sigma=[ ...    
  -3.170368e+02  -2.422042e+01   2.399057e+01;
  -2.422052e+01  -2.446761e+02  -2.609341e+01;
   2.399060e+01  -2.609379e+01  -3.734396e+02]
sigmaDot=[ ... 
  -2.006445e+01   1.931776e+01  -1.190533e+01;
   1.602670e+01  -1.131075e+01  -1.816354e+00;
  -8.042311e+00  -1.227399e+00   7.403497e+00]
intgraE=[ ...  
   4.533193e+01  -1.805993e+01  -6.085780e-02;
  -1.805993e+01   1.188785e+01   8.601137e-03;
  -6.085780e-02   8.601137e-03  -4.998743e-01]
E=[ ...        
   1.856246e+05  -5.462678e+04  -1.992478e+00;
  -5.462678e+04   8.825759e+05   1.405360e+00;
  -1.992478e+00   1.405360e+00  -4.997948e-01]
e=[ ...        
  -4.188724e+01  -3.604743e+00  -2.368047e+02;
  -3.604743e+00   1.934405e-01  -2.013862e+01;
  -2.368047e+02  -2.013862e+01  -1.322456e+03]
intgraF=[ ...  
   6.091818e+00  -3.970396e+00  -3.533911e-03;
  -5.144403e-01   2.636497e+00  -6.445425e-03;
  -7.368105e+00   1.435458e+00   1.404750e-02]
F=[ ...        
   5.029931e+02  -8.538529e+02  -2.695172e-03;
  -3.332112e+02  -1.003904e+03   2.821774e-03;
  -8.496178e+01   1.681186e+02   1.988019e-02]
R=[ ...        
   7.722598e-01  -6.103930e-01   1.761678e-01;
  -6.221237e-01  -7.827755e-01   1.498836e-02;
  -1.287510e-01   1.211731e-01   9.842460e-01]
U=[ ...        
   6.066789e+02  -5.648899e+01  -6.396461e-03;
  -5.648899e+01   1.327389e+03   1.845242e-03;
  -6.396461e-03   1.845242e-03   1.913449e-02]
l=[ ...        
  -2.098520e-03  -2.891263e-04   8.937920e-05;
  -1.996755e-03  -2.763200e-04   8.647091e-05;
   3.230956e-05   4.167906e-06  -1.135553e-06]
d=[ ...        
  -2.098520e-03  -1.142941e-03   6.084438e-05;
  -1.142941e-03  -2.763200e-04   4.531941e-05;
   6.084438e-05   4.531941e-05  -1.135553e-06]
     iteration=        2500000       process=              1       (i,j,k)=              0              0              1       (x,y,z)=   5.000000e-03   5.000000e-03   1.575983e-02     particles=             46
fabric=[ ...   
   3.564787e-01  -1.130125e-02   2.350287e-02;
  -1.130125e-02   3.196542e-01   3.392486e-04;
   2.350287e-02   3.392486e-04   3.238671e-01]
sigma=[ ...    
  -6.729896e+01   7.995847e+00   7.256967e-01;
   7.996027e+00  -7.669880e+01   1.513346e+00;
   7.256524e-01   1.513397e+00  -1.060232e+02]
sigmaDot=[ ... 
  -5.568777e+01   1.340577e+01   3.655286e+01;
   1.114728e+01  -1.756568e+01  -1.946436e+01;
   4.528777e+01  -1.990263e+01  -3.311434e+01]
intgraE=[ ...  
   9.541105e-02  -6.456876e-02  -6.784939e-01;
  -6.456876e-02   1.150403e-02   3.409815e-01;
  -6.784939e-01   3.409815e-01   3.604720e+00]
E=[ ...        
   6.649840e+05  -8.275410e+05   3.175638e+00;
  -8.275410e+05   1.803571e+06  -2.435673e+01;
   3.175638e+00  -2.435673e+01  -4.994458e-01]
e=[ ...        
  -1.548556e+05  -7.117023e+04   1.213699e+05;
  -7.117023e+04  -3.270858e+04   5.578033e+04;
   1.213699e+05   5.578033e+04  -9.512430e+04]
intgraF=[ ...  
   9.981293e-01   3.866875e-04  -9.610482e-02;
  -3.448874e-02   9.878713e-01   6.129173e-02;
  -4.397393e-01   2.170674e-01   2.862944e+00]
F=[ ...        
   4.045325e+02  -1.217120e+03   1.976895e-02;
  -1.073970e+03   1.174091e+03  -1.298042e-03;
  -1.136228e+02  -8.644495e+02   2.675489e-02]
R=[ ...        
   6.245676e-03  -6.724523e-01  -7.401141e-01;
  -8.660895e-01   3.663227e-01  -3.401420e-01;
  -4.998499e-01  -6.431295e-01   5.801160e-01]
U=[ ...        
   9.894754e+02  -5.923744e+02  -1.212574e-02;
  -5.923744e+02   1.804504e+03  -3.097603e-02;
  -1.212574e-02  -3.097603e-02   1.331182e-03]
l=[ ...        
  -2.032378e-06   7.763791e-07   7.835079e-07;
   6.056700e-07  -2.406638e-07  -7.222362e-07;
   1.218146e-07  -1.365734e-07  -3.300391e-07]
d=[ ...        
  -2.032378e-06   6.910245e-07   4.526612e-07;
   6.910245e-07  -2.406638e-07  -4.294048e-07;
   4.526612e-07  -4.294048e-07  -3.300391e-07]
     iteration=        2500000       process=              2       (i,j,k)=              0              1              0       (x,y,z)=   5.000000e-03   1.500000e-02   5.253276e-03     particles=             81
fabric=[ ...   
   3.310398e-01  -4.638048e-04   1.617073e-03;
  -4.638048e-04   3.223749e-01   1.543799e-02;
   1.617073e-03   1.543799e-02   3.465854e-01]
sigma=[ ...    
  -2.982977e+02  -7.148666e+00   2.963235e+01;
  -7.148724e+00  -2.536578e+02  -3.484985e+01;
   2.963239e+01  -3.484975e+01  -2.910665e+02]
sigmaDot=[ ... 
   7.564278e-01   1.889620e+00  -2.111840e-01;
   1.463213e+00   1.916390e+00  -9.504680e-01;
  -8.687957e-01  -7.974847e-01   2.781840e+00]
intgraE=[ ...  
   1.494085e+01  -1.572904e+01  -2.006503e-01;
  -1.572904e+01   1.588376e+01   2.068107e-01;
  -2.006503e-01   2.068107e-01  -4.973762e-01]
E=[ ...        
   3.416641e+05   1.212363e+05   6.569414e+02;
   1.212363e+05   1.985256e+05   3.804012e+01;
   6.569414e+02   3.804012e+01   1.009693e+00]
e=[ ...        
  -6.710066e+01   6.571570e+01   1.554213e+01;
   6.571570e+01  -6.338331e+01  -1.510876e+01;
   1.554213e+01  -1.510876e+01  -3.073309e+00]
intgraF=[ ...  
   4.292390e+00  -4.910587e+00  -5.940994e-02;
   1.161605e+00  -9.044481e-01  -1.382624e-02;
   3.332829e+00  -2.799218e+00  -3.907472e-02]
F=[ ...        
  -4.851099e+02   4.747887e+01  -1.251288e+00;
  -3.665777e+02   1.904533e+02  -1.065072e+00;
  -5.600164e+02  -5.987700e+02  -5.650526e-01]
R=[ ...        
  -6.540530e-01   2.627100e-01  -7.093646e-01;
  -5.545892e-01   4.712051e-01   6.858547e-01;
  -5.144371e-01  -8.419912e-01   1.624970e-01]
U=[ ...        
   8.086809e+02   1.713524e+02   1.699770e+00;
   1.713524e+02   6.063748e+02  -3.548240e-01;
   1.699770e+00  -3.548240e-01   6.531511e-02]
l=[ ...        
   2.448839e-03  -6.496373e-04  -7.498041e-03;
  -9.579692e-03   4.157479e-04   9.793984e-04;
   6.740303e-05   5.126267e-06   1.006513e-04]
d=[ ...        
   2.448839e-03  -5.114665e-03  -3.715319e-03;
  -5.114665e-03   4.157479e-04   4.922623e-04;
  -3.715319e-03   4.922623e-04   1.006513e-04]
     iteration=        2500000       process=              3       (i,j,k)=              0              1              1       (x,y,z)=   5.000000e-03   1.500000e-02   1.575983e-02     particles=             39
fabric=[ ...   
   3.400752e-01   1.717108e-02   1.999001e-02;
   1.717108e-02   3.266475e-01   1.376276e-03;
   1.999001e-02   1.376276e-03   3.332772e-01]
sigma=[ ...    
  -1.011294e+02  -1.036189e+01  -9.160371e+00;
  -1.036195e+01  -8.793392e+01  -1.331938e+00;
  -9.159968e+00  -1.332141e+00  -1.335871e+02]
sigmaDot=[ ... 
   2.144803e+00  -4.920538e+00  -3.117960e+00;
  -5.106813e+00   5.583403e+00  -4.556039e-01;
  -3.195560e+00  -9.947256e-02  -3.721065e-01]
intgraE=[ ...  
  -4.111339e-02   7.395219e-02  -3.250967e-02;
   7.395219e-02   7.158015e-02  -4.380867e-02;
  -3.250967e-02  -4.380867e-02  -1.447513e-01]
E=[ ...        
   5.472293e+05  -5.398691e+05   9.127230e+00;
  -5.398691e+05   9.212160e+05  -1.728649e+00;
   9.127230e+00  -1.728649e+00  -4.995775e-01]
e=[ ...        
  -2.928045e+00   3.930403e+01   6.953267e+01;
   3.930403e+01  -4.501381e+02  -7.972227e+02;
   6.953267e+01  -7.972227e+02  -1.409865e+03]
intgraF=[ ...  
   9.471465e-01  -1.347446e-04  -9.096779e-02;
   1.362075e-01   1.067701e+00  -1.257955e-01;
   4.619819e-02   5.634628e-02   8.284913e-01]
F=[ ...        
  -5.672503e+02  -1.801673e+02  -2.401418e-02;
  -7.769201e+02   1.167368e+03   2.598720e-03;
   4.111957e+02  -6.687488e+02   1.617577e-02]
R=[ ...        
  -8.740903e-01  -4.838637e-01  -4.291932e-02;
  -4.400925e-01   7.514101e-01   4.916313e-01;
   2.056326e-01  -4.486187e-01   8.697451e-01]
U=[ ...        
   9.222999e+02  -4.937839e+02   2.317315e-02;
  -4.937839e+02   1.264362e+03   6.315540e-03;
   2.317315e-02   6.315540e-03   1.637708e-02]
l=[ ...        
   7.538596e-09  -2.923280e-08  -1.097409e-07;
  -4.916379e-08   1.128428e-07   8.636407e-08;
   7.903576e-08  -5.184855e-08  -3.084772e-08]
d=[ ...        
   7.538596e-09  -3.919829e-08  -1.535257e-08;
  -3.919829e-08   1.128428e-07   1.725776e-08;
  -1.535257e-08   1.725776e-08  -3.084772e-08]
     iteration=        2500000       process=              4       (i,j,k)=              1              0              0       (x,y,z)=   1.500000e-02   5.000000e-03   5.253276e-03     particles=             77
fabric=[ ...   
   3.322202e-01   4.587281e-03  -1.146549e-02;
   4.587281e-03   3.198801e-01   2.024658e-02;
  -1.146549e-02   2.024658e-02   3.478997e-01]
sigma=[ ...    
  -2.893790e+02   1.824309e+01  -3.875793e+00;
   1.826594e+01  -2.590957e+02  -4.830972e+01;
  -3.870986e+00  -4.826785e+01  -3.699928e+02]
sigmaDot=[ ... 
  -4.377566e+02   1.982359e+02  -2.902167e+03;
  -3.613547e+03  -5.548591e+02  -4.859779e+02;
  -2.762641e+02  -1.109734e+02  -2.119296e+00]
intgraE=[ ...  
   1.997167e+01  -1.506975e+00   1.549167e-02;
  -1.506975e+00   2.806999e+00   2.983755e-02;
   1.549167e-02   2.983755e-02  -4.996866e-01]
E=[ ...        
   1.458568e+06  -7.915460e+05   8.648060e+00;
  -7.915460e+05   4.651261e+05  -4.766055e+00;
   8.648060e+00  -4.766055e+00  -4.996759e-01]
e=[ ...        
  -7.130931e+02   2.837062e+02   2.542185e+02;
   2.837062e+02  -1.122943e+02  -1.010707e+02;
   2.542185e+02  -1.010707e+02  -9.006570e+01]
intgraF=[ ...  
   4.235399e+00   9.829301e-01   1.482416e-02;
   8.721460e-01   1.543404e+00   1.753231e-02;
   4.716365e+00  -1.807139e+00  -9.985149e-03]
F=[ ...        
  -7.240005e+00  -1.216645e+02  -2.038542e-02;
  -1.149851e+03   4.503967e+02   1.728015e-03;
   1.262904e+03  -8.441527e+02   1.515198e-02]
R=[ ...        
  -2.039288e-01  -4.244889e-01  -8.821690e-01;
  -8.860334e-01  -3.032120e-01   3.507240e-01;
   4.163627e-01  -8.531539e-01   3.142777e-01]
U=[ ...        
   1.546109e+03  -7.257293e+02   8.934815e-03;
  -7.257293e+02   6.352718e+02  -4.797539e-03;
   8.934815e-03  -4.797539e-03   2.335137e-02]
l=[ ...        
   1.540247e-06  -3.379850e-04  -2.704086e-04;
  -2.134091e-06  -5.476316e-05  -4.040455e-05;
  -7.901860e-07   3.272793e-05  -3.392422e-06]
d=[ ...        
   1.540247e-06  -1.700596e-04  -1.355994e-04;
  -1.700596e-04  -5.476316e-05  -3.838310e-06;
  -1.355994e-04  -3.838310e-06  -3.392422e-06]
     iteration=        2500000       process=              5       (i,j,k)=              1              0              1       (x,y,z)=   1.500000e-02   5.000000e-03   1.575983e-02     particles=             35
fabric=[ ...   
   3.330019e-01   1.096332e-02   3.956543e-03;
   1.096332e-02   3.613500e-01   2.199392e-03;
   3.956543e-03   2.199392e-03   3.056481e-01]
sigma=[ ...    
  -1.121971e+02  -1.715755e+00   1.005651e+00;
  -1.715427e+00  -1.197190e+02   1.534338e+01;
   1.006018e+00   1.534370e+01  -1.337180e+02]
sigmaDot=[ ... 
   3.851301e+01  -2.542456e+00  -7.589769e+01;
  -2.022569e+01   1.130893e+01  -2.801942e+01;
   3.562243e+00   6.807298e+01  -5.396102e+01]
intgraE=[ ...  
  -9.614574e-03   1.044750e-02  -6.499427e-02;
   1.044750e-02   4.347369e-02   1.493197e-01;
  -6.499427e-02   1.493197e-01  -4.027498e-01]
E=[ ...        
   1.446285e+06  -4.948988e+05  -6.632021e+03;
  -4.948988e+05   9.678349e+05   9.123866e+03;
  -6.632021e+03   9.123866e+03   1.197083e+02]
e=[ ...        
   4.994273e-01  -2.034181e-03   3.976825e-04;
  -2.034181e-03   4.927722e-01   1.413318e-03;
   3.976825e-04   1.413318e-03   4.997233e-01]
intgraF=[ ...  
   9.892160e-01   2.952755e-02  -1.144071e-01;
   2.639699e-03   1.015634e+00   2.124687e-01;
  -4.707094e-02   2.335857e-01   3.691454e-01]
F=[ ...        
  -1.124083e+03   1.271325e+03   1.067151e+01;
   5.422837e+02  -2.595663e+02  -1.056540e+01;
   1.155394e+03   5.020247e+02   3.861076e+00]
R=[ ...        
  -5.138166e-01   8.180652e-01  -2.583831e-01;
   3.000325e-01  -1.108089e-01  -9.474713e-01;
   8.037244e-01   5.643498e-01   1.885107e-01]
U=[ ...        
   1.668894e+03  -3.276168e+02  -5.549919e+00;
  -3.276168e+02   1.352107e+03   1.207973e+01;
  -5.549919e+00   1.207973e+01   7.980928e+00]
l=[ ...        
   9.056742e-07   6.877438e-07   1.640026e-06;
  -3.717079e-07  -1.025121e-06  -2.965801e-06;
   5.603972e-07  -1.669538e-06  -2.293663e-06]
d=[ ...        
   9.056742e-07   1.580179e-07   1.100212e-06;
   1.580179e-07  -1.025121e-06  -2.317670e-06;
   1.100212e-06  -2.317670e-06  -2.293663e-06]
     iteration=        2500000       process=              6       (i,j,k)=              1              1              0       (x,y,z)=   1.500000e-02   1.500000e-02   5.253276e-03     particles=             70
fabric=[ ...   
   3.123745e-01  -2.781920e-03   1.011056e-02;
  -2.781920e-03   3.305360e-01   2.241917e-02;
   1.011056e-02   2.241917e-02   3.570895e-01]
sigma=[ ...    
  -3.141013e+02  -4.054157e+01   1.808040e+01;
  -4.054837e+01  -3.488046e+02   2.114408e+01;
   1.808069e+01   2.113480e+01  -3.553507e+02]
sigmaDot=[ ... 
  -1.151653e+01  -2.943548e+00   6.033678e+00;
  -4.661465e+00  -1.681203e+01   3.328268e+00;
   7.528948e+00   3.476882e+00  -1.244355e+01]
intgraE=[ ...  
   3.580203e-01  -8.518701e-01  -3.530721e-02;
  -8.518701e-01   3.555181e-01   3.698804e-02;
  -3.530721e-02   3.698804e-02  -4.981635e-01]
E=[ ...        
   1.119264e+06  -8.917004e+05  -6.331670e-02;
  -8.917004e+05   7.380522e+05   9.883802e-01;
  -6.331670e-02   9.883802e-01  -4.999362e-01]
e=[ ...        
  -5.878687e+02  -1.378165e+03   1.532750e+03;
  -1.378165e+03  -3.227646e+03   3.590237e+03;
   1.532750e+03   3.590237e+03  -3.992444e+03]
intgraF=[ ...  
   4.851087e-01  -6.113729e-01  -4.568347e-02;
  -1.113276e+00   1.057811e+00   3.611940e-02;
  -4.912509e-01   4.672209e-01   1.677782e-02]
F=[ ...        
   6.090977e+02  -2.803988e+02   4.718638e-03;
  -1.124190e+03   9.305574e+02  -3.895854e-03;
  -7.769990e+02   7.290713e+02   9.498627e-03]
R=[ ...        
   8.293397e-01   4.866996e-01  -2.744434e-01;
  -5.346261e-01   5.484676e-01  -6.429294e-01;
  -1.623901e-01   6.799315e-01   7.150682e-01]
U=[ ...        
   1.232347e+03  -8.484401e+02   4.453696e-03;
  -8.484401e+02   8.696291e+02   6.618225e-03;
   4.453696e-03   6.618225e-03   8.001927e-03]
l=[ ...        
  -3.426584e-03  -1.104879e-02   2.184478e-02;
  -4.746756e-02  -2.691763e-02   1.704742e-01;
   3.987753e-04   3.672492e-03  -1.551870e-02]
d=[ ...        
  -3.426584e-03  -2.925817e-02   1.112178e-02;
  -2.925817e-02  -2.691763e-02   8.707333e-02;
   1.112178e-02   8.707333e-02  -1.551870e-02]
     iteration=        2500000       process=              7       (i,j,k)=              1              1              1       (x,y,z)=   1.500000e-02   1.500000e-02   1.575983e-02     particles=             48
fabric=[ ...   
   3.295687e-01  -1.015338e-02  -9.363665e-03;
  -1.015338e-02   3.120910e-01  -6.333302e-03;
  -9.363665e-03  -6.333302e-03   3.583403e-01]
sigma=[ ...    
  -7.721748e+01   4.694196e-01   1.206957e+01;
   4.694037e-01  -7.537201e+01   4.098455e+00;
   1.206954e+01   4.098450e+00  -1.001919e+02]
sigmaDot=[ ... 
  -6.736968e+00  -2.466418e+00   6.487117e-02;
  -2.872348e+00  -5.376501e+00  -7.896358e+00;
  -8.467213e-01  -7.921981e+00  -4.668054e+00]
intgraE=[ ...  
   1.740593e-02   7.398292e-02  -9.779643e-02;
   7.398292e-02   1.064828e-02  -3.851895e-02;
  -9.779643e-02  -3.851895e-02  -4.664300e-01]
E=[ ...        
   6.940563e+05  -5.277906e+05   1.521941e+01;
  -5.277906e+05   4.208986e+05  -1.237949e+01;
   1.521941e+01  -1.237949e+01  -4.996319e-01]
e=[ ...        
  -2.902313e+04  -1.319246e+04  -7.423508e+04;
  -1.319246e+04  -5.996029e+03  -3.374297e+04;
  -7.423508e+04  -3.374297e+04  -1.898740e+05]
intgraF=[ ...  
   1.008011e+00   2.683120e-02  -1.737981e-01;
   1.045809e-01   9.911030e-01  -3.574203e-02;
  -8.825153e-02  -1.956823e-01   1.888298e-01]
F=[ ...        
  -6.868624e+02   6.663999e+02  -2.046772e-02;
  -8.595599e+02   5.223412e+02  -1.319020e-02;
   4.212961e+02  -3.533681e+02   1.196912e-02]
R=[ ...        
  -9.087297e-02   9.288243e-01   3.592039e-01;
  -9.737723e-01  -1.584258e-01   1.633060e-01;
   2.085898e-01  -3.349427e-01   9.188600e-01]
U=[ ...        
   9.873109e+02  -6.429081e+02   1.720085e-02;
  -6.429081e+02   6.545742e+02  -2.093021e-02;
   1.720085e-02  -2.093021e-02   1.491818e-03]
l=[ ...        
  -1.071596e-08  -6.270871e-08  -5.895134e-08;
   2.972543e-07  -1.902423e-07  -3.248262e-07;
  -2.137865e-08  -2.201072e-07  -1.985697e-07]
d=[ ...        
  -1.071596e-08   1.172728e-07  -4.016499e-08;
   1.172728e-07  -1.902423e-07  -2.724667e-07;
  -4.016499e-08  -2.724667e-07  -1.985697e-07]
