     iteration=         900000       process=              0       (i,j,k)=              0              0              0       (x,y,z)=   5.000000e-03   5.000000e-03   5.470570e-03     particles=             87
fabric=[ ...   
   3.391116e-01   8.449629e-04  -5.710681e-03;
   8.449629e-04   3.041782e-01   3.782718e-03;
  -5.710681e-03   3.782718e-03   3.567103e-01]
sigma=[ ...    
  -2.922216e+02  -1.850857e+01   1.133630e+01;
  -1.908483e+01  -2.386646e+02  -2.677390e+01;
   1.146907e+01  -2.662253e+01  -3.480735e+02]
sigmaDot=[ ... 
  -1.118321e+05   1.447142e+05  -1.003911e+05;
   1.133868e+05  -2.293740e+03   5.275415e+04;
  -4.628779e+03   1.044545e+04   1.014927e+05]
intgraE=[ ...  
   4.533124e+01  -1.805506e+01  -6.087050e-02;
  -1.805506e+01   1.188484e+01   8.597918e-03;
  -6.087050e-02   8.597918e-03  -4.998743e-01]
E=[ ...        
   1.453001e+05  -6.817348e+04  -4.739188e+01;
  -6.817348e+04   4.943057e+05  -7.133250e+02;
  -4.739188e+01  -7.133250e+02   7.613272e-01]
e=[ ...        
   4.421469e-01   9.968999e-02  -4.219994e-01;
   9.968999e-02   3.282165e-01   7.271790e-01;
  -4.219994e-01   7.271790e-01  -2.578257e+00]
intgraF=[ ...  
   6.094176e+00  -3.970526e+00  -3.539402e-03;
  -5.118747e-01   2.635909e+00  -6.450085e-03;
  -7.366239e+00   1.434080e+00   1.404691e-02]
F=[ ...        
   4.560451e+02  -7.106840e+02   5.901186e-01;
  -2.594167e+02  -6.922224e+02   1.468203e+00;
  -1.238021e+02  -6.609696e+01  -1.370895e-01]
R=[ ...        
   7.482182e-01  -6.501858e-01  -1.320148e-01;
  -6.149701e-01  -7.543404e-01   2.297441e-01;
  -2.489605e-01  -9.071352e-02  -9.642561e-01]
U=[ ...        
   5.315766e+02  -8.959506e+01  -4.272338e-01;
  -8.959506e+01   9.902439e+02  -1.478776e+00;
  -4.272338e-01  -1.478776e+00   3.915959e-01]
l=[ ...        
   1.296527e-02   2.780822e-03  -1.614613e-02;
   1.412461e-02   1.396982e-05  -7.832673e-03;
   6.421211e-04  -3.117162e-04   2.977247e-03]
d=[ ...        
   1.296527e-02   8.452718e-03  -7.752003e-03;
   8.452718e-03   1.396982e-05  -4.072194e-03;
  -7.752003e-03  -4.072194e-03   2.977247e-03]
     iteration=         900000       process=              1       (i,j,k)=              0              0              1       (x,y,z)=   5.000000e-03   5.000000e-03   1.641171e-02     particles=             39
fabric=[ ...   
   3.386805e-01  -1.404676e-02   1.418315e-02;
  -1.404676e-02   3.142888e-01   1.983366e-02;
   1.418315e-02   1.983366e-02   3.470306e-01]
sigma=[ ...    
  -6.418057e+01   1.184019e+01  -2.476857e+00;
   1.330003e+01  -6.357260e+01  -4.683916e+00;
  -1.942488e+00  -6.068191e+00  -7.864211e+01]
sigmaDot=[ ... 
  -3.489780e+05   1.568077e+04  -1.076697e+06;
   3.315543e+05   1.550975e+05  -1.065173e+05;
   7.996887e+02   8.497045e+05  -9.209538e+04]
intgraE=[ ...  
   1.014326e-01  -6.074952e-02  -6.956891e-01;
  -6.074952e-02   1.366667e-02   3.415035e-01;
  -6.956891e-01   3.415035e-01   3.663791e+00]
E=[ ...        
   4.963784e+05  -9.368134e+04   1.287754e+01;
  -9.368134e+04   9.862159e+05  -2.754573e+01;
   1.287754e+01  -2.754573e+01  -4.987129e-01]
e=[ ...        
  -3.364871e+02  -2.643394e+02   3.094326e+02;
  -2.643394e+02  -2.068531e+02   2.427251e+02;
   3.094326e+02   2.427251e+02  -2.836312e+02]
intgraF=[ ...  
   9.977102e-01  -8.159888e-04  -7.825102e-02;
  -2.192403e-02   9.899461e-01   5.598392e-02;
  -4.549274e-01   2.175761e-01   2.884150e+00]
F=[ ...        
   2.806167e+02  -1.050710e+03   1.748490e-02;
  -8.560399e+02   3.112400e+02  -3.837990e-02;
  -4.256851e+02  -8.783910e+02   2.820444e-02]
R=[ ...        
   2.245092e-01  -7.367960e-01  -6.377518e-01;
  -8.480530e-01   1.746420e-01  -5.003062e-01;
  -4.800019e-01  -6.531706e-01   5.856333e-01]
U=[ ...        
   9.932978e+02  -7.821275e+01   2.293552e-02;
  -7.821275e+01   1.402254e+03  -3.800786e-02;
   2.293552e-02  -3.800786e-02   2.456814e-02]
l=[ ...        
  -1.397014e-01   1.917931e-01  -1.032380e-01;
   6.442289e-02  -1.614092e-01  -2.124602e-01;
   4.420636e-01  -3.447569e-01  -2.600149e-01]
d=[ ...        
  -1.397014e-01   1.281080e-01   1.694128e-01;
   1.281080e-01  -1.614092e-01  -2.786085e-01;
   1.694128e-01  -2.786085e-01  -2.600149e-01]
     iteration=         900000       process=              2       (i,j,k)=              0              1              0       (x,y,z)=   5.000000e-03   1.500000e-02   5.470570e-03     particles=             82
fabric=[ ...   
   3.227711e-01  -2.615097e-03  -4.335833e-03;
  -2.615097e-03   3.147350e-01   1.537567e-02;
  -4.335833e-03   1.537567e-02   3.624938e-01]
sigma=[ ...    
  -2.768298e+02   4.626550e+00   3.996938e+01;
   4.481812e+00  -2.488720e+02  -3.211613e+01;
   4.017832e+01  -3.152037e+01  -3.092226e+02]
sigmaDot=[ ... 
  -3.139353e+04   7.057464e+04  -4.600376e+05;
  -6.890868e+05   1.173919e+05   9.091098e+04;
  -6.246662e+04  -1.563674e+05  -2.804985e+04]
intgraE=[ ...  
   1.491429e+01  -1.570094e+01  -2.002992e-01;
  -1.570094e+01   1.585428e+01   2.064409e-01;
  -2.002992e-01   2.064409e-01  -4.973809e-01]
E=[ ...        
   2.090519e+05   1.652443e+05   4.425928e+02;
   1.652443e+05   1.701897e+05   2.154096e+02;
   4.425928e+02   2.154096e+02   9.380585e-01]
e=[ ...        
  -3.191588e+00   2.458846e+00   1.068147e+00;
   2.458846e+00  -1.137770e+00  -7.114559e-01;
   1.068147e+00  -7.114559e-01   1.909343e-01]
intgraF=[ ...  
   4.286905e+00  -4.905211e+00  -5.934016e-02;
   1.161528e+00  -9.045357e-01  -1.382629e-02;
   3.331947e+00  -2.798085e+00  -3.906221e-02]
F=[ ...        
  -2.992002e+02  -1.346130e+02  -1.220530e+00;
  -2.191007e+02   4.377183e+01  -1.040400e+00;
  -5.296970e+02  -5.659892e+02  -5.513538e-01]
R=[ ...        
  -5.761458e-01   9.123568e-02  -8.122389e-01;
  -6.714360e-01   5.138394e-01   5.339876e-01;
  -4.660791e-01  -8.530212e-01   2.347875e-01]
U=[ ...        
   5.663757e+02   3.119624e+02   1.658740e+00;
   3.119624e+02   4.930109e+02  -1.756381e-01;
   1.658740e+00  -1.756381e-01   3.063501e-01]
l=[ ...        
   5.655551e-03   1.192551e-02   4.615529e-02;
   1.803354e-02   1.063520e-03  -6.823843e-03;
  -2.917472e-04   2.926989e-03   3.333121e-03]
d=[ ...        
   5.655551e-03   1.497953e-02   2.293177e-02;
   1.497953e-02   1.063520e-03  -1.948427e-03;
   2.293177e-02  -1.948427e-03   3.333121e-03]
     iteration=         900000       process=              3       (i,j,k)=              0              1              1       (x,y,z)=   5.000000e-03   1.500000e-02   1.641171e-02     particles=             38
fabric=[ ...   
   3.306631e-01   1.028144e-02   5.806113e-03;
   1.028144e-02   2.915570e-01   2.163032e-02;
   5.806113e-03   2.163032e-02   3.777798e-01]
sigma=[ ...    
  -1.180832e+02  -7.386558e+00  -1.116871e+01;
  -2.663465e-01  -1.016866e+02  -2.454679e+01;
  -1.462508e+01  -2.624202e+01  -1.770947e+02]
sigmaDot=[ ... 
  -2.946278e+05  -6.392654e+05  -2.357480e+06;
   9.584316e+05  -8.224707e+04   6.634658e+05;
   3.515715e+05  -3.701557e+06   3.408878e+05]
intgraE=[ ...  
  -6.578824e-02   6.418085e-02  -4.557871e-02;
   6.418085e-02   5.756561e-03   7.074306e-02;
  -4.557871e-02   7.074306e-02  -3.111392e-02]
E=[ ...        
   2.461485e+05  -2.457975e+05   2.527769e+00;
  -2.457975e+05   5.641957e+05   3.776559e+00;
   2.527769e+00   3.776559e+00  -4.993671e-01]
e=[ ...        
  -2.036776e+02  -1.240592e+02  -2.207375e+02;
  -1.240592e+02  -7.487898e+01  -1.341212e+02;
  -2.207375e+02  -1.341212e+02  -2.381406e+02]
intgraF=[ ...  
   9.233635e-01   8.727646e-03  -1.569488e-01;
   1.186038e-01   1.005384e+00   1.182233e-01;
   4.191090e-02   2.530590e-02   9.482418e-01]
F=[ ...        
  -1.591102e+02  -4.357028e+02  -3.288528e-02;
  -5.222694e+02   9.591876e+02  -8.559210e-03;
   4.407002e+02  -1.360682e+02  -1.054472e-02]
R=[ ...        
  -5.205842e-01  -5.787426e-01  -6.277333e-01;
  -4.424381e-01   8.116568e-01  -3.813945e-01;
   7.302333e-01   7.918519e-02  -6.785934e-01]
U=[ ...        
   6.357161e+02  -2.969228e+02   1.320637e-02;
  -2.969228e+02   1.019916e+03   1.124998e-02;
   1.320637e-02   1.124998e-02   3.106320e-02]
l=[ ...        
  -4.157617e-01  -1.030957e-01  -2.060516e+00;
   1.490536e+00   1.833629e-01   7.660708e-01;
   6.779716e-01  -1.238284e-01   1.229412e+00]
d=[ ...        
  -4.157617e-01   6.937203e-01  -6.912723e-01;
   6.937203e-01   1.833629e-01   3.211212e-01;
  -6.912723e-01   3.211212e-01   1.229412e+00]
     iteration=         900000       process=              4       (i,j,k)=              1              0              0       (x,y,z)=   1.500000e-02   5.000000e-03   5.470570e-03     particles=             79
fabric=[ ...   
   3.205747e-01   6.604027e-03  -6.026569e-03;
   6.604027e-03   3.206660e-01   1.114147e-02;
  -6.026569e-03   1.114147e-02   3.587593e-01]
sigma=[ ...    
  -2.870473e+02   7.310382e+00  -1.435710e+01;
   7.353973e+00  -2.736148e+02  -3.421489e+01;
  -1.458033e+01  -3.392549e+01  -3.441935e+02]
sigmaDot=[ ... 
   4.086116e+04  -3.050494e+03  -4.220652e+04;
   2.941915e+03   5.300989e+03   1.277866e+04;
  -3.917633e+04  -1.626957e+04   5.334143e+03]
intgraE=[ ...  
   1.997464e+01  -1.509964e+00   1.546428e-02;
  -1.509964e+00   2.808655e+00   2.984941e-02;
   1.546428e-02   2.984941e-02  -4.996865e-01]
E=[ ...        
   1.652073e+06  -7.866034e+05   1.444996e+01;
  -7.866034e+05   4.231063e+05  -5.108411e+00;
   1.444996e+01  -5.108411e+00  -4.996813e-01]
e=[ ...        
  -3.262225e+02   6.329687e+02   3.634887e+02;
   6.329687e+02  -1.225768e+03  -7.041969e+02;
   3.634887e+02  -7.041969e+02  -4.038921e+02]
intgraF=[ ...  
   4.235527e+00   9.829899e-01   1.482495e-02;
   8.714719e-01   1.543406e+00   1.753081e-02;
   4.717004e+00  -1.808021e+00  -9.993738e-03]
F=[ ...        
  -3.723169e+02  -9.997759e+01  -1.989712e-02;
  -1.026644e+03   4.160320e+02   1.016386e-03;
   1.453111e+03  -8.143313e+02   1.550835e-02]
R=[ ...        
  -5.246415e-01  -7.468600e-01  -4.085969e-01;
  -6.111696e-01  -3.689996e-03   7.914911e-01;
   5.926407e-01  -6.649711e-01   4.545222e-01]
U=[ ...        
   1.683959e+03  -6.844196e+02   1.900855e-02;
  -6.844196e+02   6.146409e+02   4.544003e-03;
   1.900855e-02   4.544003e-03   1.598325e-02]
l=[ ...        
   5.435621e-04  -2.838138e-03  -7.931748e-04;
   4.523782e-04  -1.996440e-04   2.327787e-04;
  -8.429582e-04   3.876238e-03   2.169465e-05]
d=[ ...        
   5.435621e-04  -1.192880e-03  -8.180665e-04;
  -1.192880e-03  -1.996440e-04   2.054508e-03;
  -8.180665e-04   2.054508e-03   2.169465e-05]
     iteration=         900000       process=              5       (i,j,k)=              1              0              1       (x,y,z)=   1.500000e-02   5.000000e-03   1.641171e-02     particles=             33
fabric=[ ...   
   3.246657e-01   1.939878e-02   5.101430e-03;
   1.939878e-02   3.616964e-01  -3.636145e-03;
   5.101430e-03  -3.636145e-03   3.136379e-01]
sigma=[ ...    
  -1.246787e+02  -1.838391e+01  -3.706846e+00;
  -1.776050e+01  -1.218541e+02   1.614455e+01;
  -3.589474e+00   1.567956e+01  -1.262145e+02]
sigmaDot=[ ... 
  -2.073353e+05   1.410233e+05  -5.697257e+05;
   3.006190e+06  -1.039596e+05   1.110289e+05;
  -3.061414e+04  -4.258110e+06   2.272871e+05]
intgraE=[ ...  
  -9.202905e-03   9.847099e-03  -6.504032e-02;
   9.847099e-03   4.315820e-02   1.491749e-01;
  -6.504032e-02   1.491749e-01  -4.025508e-01]
E=[ ...        
   1.114283e+06  -1.026655e+06  -9.230735e+03;
  -1.026655e+06   1.071547e+06   1.014702e+04;
  -9.230735e+03   1.014702e+04   1.328505e+02]
e=[ ...        
   4.999418e-01  -6.096379e-04  -1.838207e-04;
  -6.096379e-04   4.935857e-01  -1.941335e-03;
  -1.838207e-04  -1.941335e-03   4.994085e-01]
intgraF=[ ...  
   9.896409e-01   2.823532e-02  -1.144849e-01;
   2.551395e-03   1.015906e+00   2.127727e-01;
  -4.688828e-02   2.312008e-01   3.694854e-01]
F=[ ...        
  -1.485425e+03   1.347947e+03   1.127269e+01;
   1.472346e+02  -2.788737e+02  -1.111437e+01;
  -2.001639e+01   4.983624e+02   4.012240e+00]
R=[ ...        
  -8.421594e-01   5.321993e-01  -8.678407e-02;
  -7.761840e-02  -2.789081e-01  -9.571759e-01;
   5.336131e-01   7.993586e-01  -2.761935e-01]
U=[ ...        
   1.228856e+03  -8.476074e+02  -6.489738e+00;
  -8.476074e+02   1.193527e+03   1.230642e+01;
  -6.489738e+00   1.230642e+01   8.551966e+00]
l=[ ...        
  -1.217429e-03  -1.347655e-03   6.376413e-03;
  -1.272769e-03   8.090482e-03   7.837640e-03;
  -2.175162e-03   3.481614e-03  -5.804671e-04]
d=[ ...        
  -1.217429e-03  -1.310212e-03   2.100625e-03;
  -1.310212e-03   8.090482e-03   5.659627e-03;
   2.100625e-03   5.659627e-03  -5.804671e-04]
     iteration=         900000       process=              6       (i,j,k)=              1              1              0       (x,y,z)=   1.500000e-02   1.500000e-02   5.470570e-03     particles=             71
fabric=[ ...   
   3.038641e-01  -1.290275e-03   1.301617e-02;
  -1.290275e-03   3.311490e-01   1.584644e-02;
   1.301617e-02   1.584644e-02   3.649868e-01]
sigma=[ ...    
  -3.270365e+02  -3.299632e+01   1.332462e+01;
  -3.327582e+01  -3.471483e+02   3.216121e+01;
   1.296196e+01   3.206636e+01  -3.714094e+02]
sigmaDot=[ ... 
   7.084586e+04   1.861174e+04  -4.534914e+04;
   3.081976e+04   8.373593e+03  -1.791520e+04;
  -3.820015e+04  -9.238845e+04   5.988594e+04]
intgraE=[ ...  
   3.564474e-01  -8.496556e-01  -3.511328e-02;
  -8.496556e-01   3.526892e-01   3.677217e-02;
  -3.511328e-02   3.677217e-02  -4.981761e-01]
E=[ ...        
   1.154088e+06  -9.458900e+05   2.918111e-01;
  -9.458900e+05   8.058415e+05   5.447414e-01;
   2.918111e-01   5.447414e-01  -4.999324e-01]
e=[ ...        
  -2.266889e+02  -6.856512e+02   8.218322e+02;
  -6.856512e+02  -2.068781e+03   2.480272e+03;
   8.218322e+02   2.480272e+03  -2.972393e+03]
intgraF=[ ...  
   4.844787e-01  -6.105014e-01  -4.560876e-02;
  -1.112429e+00   1.056095e+00   3.591160e-02;
  -4.905875e-01   4.661872e-01   1.667587e-02]
F=[ ...        
   5.583726e+02  -2.334090e+02   3.864554e-03;
  -1.157041e+03   9.891784e+02  -5.349637e-03;
  -8.109573e+02   7.607433e+02   9.573859e-03]
R=[ ...        
   8.226801e-01   5.292403e-01  -2.076106e-01;
  -5.272883e-01   5.738215e-01  -6.266546e-01;
  -2.125195e-01   6.250069e-01   7.511337e-01]
U=[ ...        
   1.241801e+03  -8.752758e+02   3.965461e-03;
  -8.752758e+02   9.195522e+02   4.959269e-03;
   3.965461e-03   4.959269e-03   9.741300e-03]
l=[ ...        
  -1.288995e-02   8.371568e-03  -2.831538e-02;
   2.775550e-01   4.083071e-02  -1.459393e-01;
   3.502112e-02  -5.817493e-03   1.456273e-02]
d=[ ...        
  -1.288995e-02   1.429633e-01   3.352868e-03;
   1.429633e-01   4.083071e-02  -7.587837e-02;
   3.352868e-03  -7.587837e-02   1.456273e-02]
     iteration=         900000       process=              7       (i,j,k)=              1              1              1       (x,y,z)=   1.500000e-02   1.500000e-02   1.641171e-02     particles=             47
fabric=[ ...   
   2.876962e-01  -1.530612e-02   6.434817e-03;
  -1.530612e-02   3.233696e-01  -1.638421e-02;
   6.434817e-03  -1.638421e-02   3.889342e-01]
sigma=[ ...    
  -5.045988e+01  -4.874154e+00  -2.976708e+00;
  -3.673882e+00  -6.722637e+01   1.078708e+01;
  -3.987120e+00   1.062422e+01  -1.001985e+02]
sigmaDot=[ ... 
   2.941111e+04   4.524537e+03  -9.662558e+05;
   1.315095e+06  -1.870134e+05  -7.971635e+04;
   8.747193e+04  -8.738995e+05  -8.257374e+04]
intgraE=[ ...  
   1.564757e-02   7.598548e-02  -9.782657e-02;
   7.598548e-02   1.113696e-02  -4.097434e-02;
  -9.782657e-02  -4.097434e-02  -4.658568e-01]
E=[ ...        
   8.359991e+05  -5.525926e+05   1.519150e+01;
  -5.525926e+05   4.080604e+05  -1.126136e+01;
   1.519150e+01  -1.126136e+01  -4.996890e-01]
e=[ ...        
  -9.691217e+05   4.680047e+05  -7.945919e+05;
   4.680047e+05  -2.260065e+05   3.837212e+05;
  -7.945919e+05   3.837212e+05  -6.514925e+05]
intgraF=[ ...  
   1.005749e+00   2.679055e-02  -1.731632e-01;
   1.084503e-01   9.916467e-01  -4.021470e-02;
  -8.945382e-02  -1.954303e-01   1.915300e-01]
F=[ ...        
  -7.724331e+02   6.112228e+02  -1.728178e-02;
  -9.679805e+02   4.750503e+02  -1.271137e-02;
   3.719679e+02  -4.656778e+02   1.271514e-02]
R=[ ...        
  -3.626129e-01   5.862422e-01  -7.244529e-01;
  -9.262013e-01  -1.405650e-01   3.498466e-01;
  -1.032621e-01  -7.978480e-01  -5.939490e-01]
U=[ ...        
   1.138229e+03  -6.135425e+02   1.672689e-02;
  -6.135425e+02   6.630893e+02  -1.848929e-02;
   1.672689e-02  -1.848929e-02   5.206633e-04]
l=[ ...        
  -3.566379e-03   3.273536e-02   1.935454e-01;
   1.953469e-01  -2.210703e-01  -1.279099e+00;
  -1.047904e-01   7.157418e-02   3.505896e-01]
d=[ ...        
  -3.566379e-03   1.140411e-01   4.437751e-02;
   1.140411e-01  -2.210703e-01  -6.037622e-01;
   4.437751e-02  -6.037622e-01   3.505896e-01]
