     iteration=        1650000       process=              0       (i,j,k)=              0              0              0       (x,y,z)=   5.000000e-03   5.000000e-03   5.253276e-03     particles=             80
fabric=[ ...   
   3.406655e-01   6.655942e-03  -4.444864e-04;
   6.655942e-03   3.072872e-01   6.089434e-04;
  -4.444864e-04   6.089434e-04   3.520473e-01]
sigma=[ ...    
  -3.168721e+02  -2.415428e+01   2.389834e+01;
  -2.415401e+01  -2.444526e+02  -2.604585e+01;
   2.389784e+01  -2.604559e+01  -3.733230e+02]
sigmaDot=[ ... 
   5.061207e+01   2.843359e+01  -1.232742e+01;
   2.947337e+01   1.032303e+02   3.564020e+01;
  -4.887166e+00   3.270730e+01   2.466527e+01]
intgraE=[ ...  
   4.535745e+01  -1.807083e+01  -6.088940e-02;
  -1.807083e+01   1.189192e+01   8.616348e-03;
  -6.088940e-02   8.616348e-03  -4.998743e-01]
E=[ ...        
   1.873978e+05  -5.091892e+04  -1.983720e+00;
  -5.091892e+04   8.859723e+05   1.445288e+00;
  -1.983720e+00   1.445288e+00  -4.997945e-01]
e=[ ...        
  -4.097433e+01  -4.381821e+00  -2.339477e+02;
  -4.381821e+00   3.705370e-02  -2.471691e+01;
  -2.339477e+02  -2.471691e+01  -1.319149e+03]
intgraF=[ ...  
   6.096362e+00  -3.973025e+00  -3.537518e-03;
  -5.102631e-01   2.634081e+00  -6.448742e-03;
  -7.368101e+00   1.435456e+00   1.404750e-02]
F=[ ...        
   5.034238e+02  -8.521018e+02  -2.727863e-03;
  -3.383595e+02  -1.008457e+03   2.791605e-03;
  -8.290969e+01   1.699492e+02   1.989637e-02]
R=[ ...        
   7.728448e-01  -6.101259e-01   1.745202e-01;
  -6.220922e-01  -7.827267e-01   1.844481e-02;
  -1.253480e-01   1.228227e-01   9.844808e-01]
U=[ ...        
   6.099518e+02  -5.249208e+01  -6.338821e-03;
  -5.249208e+01   1.330109e+03   1.923002e-03;
  -6.338821e-03   1.923002e-03   1.916302e-02]
l=[ ...        
   7.732971e-03   1.073640e-03  -3.341053e-04;
   6.922661e-03   9.626974e-04  -2.949308e-04;
   9.976546e-05   1.355294e-05  -3.738771e-06]
d=[ ...        
   7.732971e-03   3.998151e-03  -1.171699e-04;
   3.998151e-03   9.626974e-04  -1.406889e-04;
  -1.171699e-04  -1.406889e-04  -3.738771e-06]
     iteration=        1650000       process=              1       (i,j,k)=              0              0              1       (x,y,z)=   5.000000e-03   5.000000e-03   1.575983e-02     particles=             46
fabric=[ ...   
   3.545070e-01  -8.150708e-03   2.264883e-02;
  -8.150708e-03   3.195768e-01   1.076028e-03;
   2.264883e-02   1.076028e-03   3.259162e-01]
sigma=[ ...    
  -6.714214e+01   7.958606e+00   6.592381e-01;
   7.957810e+00  -7.702210e+01   1.493656e+00;
   6.587395e-01   1.494623e+00  -1.059390e+02]
sigmaDot=[ ... 
  -1.044729e+02  -4.740732e+01   2.315687e+01;
  -6.236150e+00  -8.053622e+01   2.115547e+01;
   6.696404e+01  -1.281877e+01  -1.049696e+02]
intgraE=[ ...  
   9.541110e-02  -6.456878e-02  -6.784940e-01;
  -6.456878e-02   1.150404e-02   3.409815e-01;
  -6.784940e-01   3.409815e-01   3.604721e+00]
E=[ ...        
   6.649847e+05  -8.275388e+05   3.175541e+00;
  -8.275388e+05   1.803567e+06  -2.435658e+01;
   3.175541e+00  -2.435658e+01  -4.994458e-01]
e=[ ...        
  -1.548285e+05  -7.115749e+04   1.213494e+05;
  -7.115749e+04  -3.270260e+04   5.577067e+04;
   1.213494e+05   5.577067e+04  -9.510877e+04]
intgraF=[ ...  
   9.981293e-01   3.866849e-04  -9.610490e-02;
  -3.448875e-02   9.878713e-01   6.129178e-02;
  -4.397393e-01   2.170674e-01   2.862944e+00]
F=[ ...        
   4.045294e+02  -1.217119e+03   1.976894e-02;
  -1.073972e+03   1.174090e+03  -1.297954e-03;
  -1.136245e+02  -8.644468e+02   2.675479e-02]
R=[ ...        
   6.242777e-03  -6.724536e-01  -7.401129e-01;
  -8.660901e-01   3.663231e-01  -3.401401e-01;
  -4.998490e-01  -6.431279e-01   5.801185e-01]
U=[ ...        
   9.894770e+02  -5.923729e+02  -1.212580e-02;
  -5.923729e+02   1.804502e+03  -3.097592e-02;
  -1.212580e-02  -3.097592e-02   1.331190e-03]
l=[ ...        
  -9.918966e-06   1.920515e-05   2.615977e-05;
   8.576672e-06   9.682814e-06  -3.350807e-06;
  -6.903438e-06  -1.275149e-06  -2.016873e-06]
d=[ ...        
  -9.918966e-06   1.389091e-05   9.628164e-06;
   1.389091e-05   9.682814e-06  -2.312978e-06;
   9.628164e-06  -2.312978e-06  -2.016873e-06]
     iteration=        1650000       process=              2       (i,j,k)=              0              1              0       (x,y,z)=   5.000000e-03   1.500000e-02   5.253276e-03     particles=             81
fabric=[ ...   
   3.310387e-01  -4.635130e-04   1.630605e-03;
  -4.635130e-04   3.223763e-01   1.543684e-02;
   1.630605e-03   1.543684e-02   3.465850e-01]
sigma=[ ...    
  -2.982436e+02  -7.192023e+00   2.961670e+01;
  -7.192077e+00  -2.535706e+02  -3.483866e+01;
   2.961650e+01  -3.483859e+01  -2.910485e+02]
sigmaDot=[ ... 
  -3.537310e+01   3.058335e+01  -3.022894e+01;
   3.391080e+01  -4.077617e+01   5.509904e+00;
  -1.815344e+01   7.689153e+00   6.456624e+00]
intgraE=[ ...  
   1.494086e+01  -1.572901e+01  -2.006502e-01;
  -1.572901e+01   1.588366e+01   2.068099e-01;
  -2.006502e-01   2.068099e-01  -4.973762e-01]
E=[ ...        
   3.416699e+05   1.212459e+05   6.569482e+02;
   1.212459e+05   1.985335e+05   3.805133e+01;
   6.569482e+02   3.805133e+01   1.009715e+00]
e=[ ...        
  -6.691172e+01   6.553235e+01   1.549847e+01;
   6.553235e+01  -6.320537e+01  -1.506639e+01;
   1.549847e+01  -1.506639e+01  -3.063217e+00]
intgraF=[ ...  
   4.292339e+00  -4.910526e+00  -5.940921e-02;
   1.161814e+00  -9.046790e-01  -1.382907e-02;
   3.332828e+00  -2.799217e+00  -3.907470e-02]
F=[ ...        
  -4.851092e+02   4.747575e+01  -1.251355e+00;
  -3.665741e+02   1.904505e+02  -1.065015e+00;
  -5.600297e+02  -5.987843e+02  -5.650520e-01]
R=[ ...        
  -6.540530e-01   2.627135e-01  -7.093633e-01;
  -5.545881e-01   4.712034e-01   6.858567e-01;
  -5.144382e-01  -8.419911e-01   1.624943e-01]
U=[ ...        
   8.086854e+02   1.713643e+02   1.699781e+00;
   1.713643e+02   6.063844e+02  -3.548177e-01;
   1.699781e+00  -3.548177e-01   6.540026e-02]
l=[ ...        
   1.879332e-03  -6.653879e-04  -7.978031e-03;
  -7.920103e-03   3.802430e-04   1.316381e-03;
   6.560766e-05   6.592785e-06   1.268642e-04]
d=[ ...        
   1.879332e-03  -4.292745e-03  -3.956212e-03;
  -4.292745e-03   3.802430e-04   6.614870e-04;
  -3.956212e-03   6.614870e-04   1.268642e-04]
     iteration=        1650000       process=              3       (i,j,k)=              0              1              1       (x,y,z)=   5.000000e-03   1.500000e-02   1.575983e-02     particles=             39
fabric=[ ...   
   3.400274e-01   1.745940e-02   2.038348e-02;
   1.745940e-02   3.267205e-01   1.340121e-03;
   2.038348e-02   1.340121e-03   3.332520e-01]
sigma=[ ...    
  -1.010413e+02  -1.025946e+01  -9.307672e+00;
  -1.025007e+01  -8.765219e+01  -1.403332e+00;
  -9.304439e+00  -1.404493e+00  -1.334659e+02]
sigmaDot=[ ... 
   1.121443e+01  -2.379430e+02  -1.326004e+02;
  -6.200657e+02  -2.593976e+02   9.957423e+01;
  -2.351264e+02   4.808746e+02  -1.957813e+02]
intgraE=[ ...  
  -4.111339e-02   7.395219e-02  -3.250967e-02;
   7.395219e-02   7.158016e-02  -4.380868e-02;
  -3.250967e-02  -4.380868e-02  -1.447513e-01]
E=[ ...        
   5.288407e+05  -4.708809e+05   9.360255e+00;
  -4.708809e+05   6.985845e+05  -2.262284e+00;
   9.360255e+00  -2.262284e+00  -4.995788e-01]
e=[ ...        
   6.545989e-02   1.339209e+01   2.645710e+01;
   1.339209e+01  -4.122326e+02  -8.153846e+02;
   2.645710e+01  -8.153846e+02  -1.610354e+03]
intgraF=[ ...  
   9.471465e-01  -1.347509e-04  -9.096779e-02;
   1.362075e-01   1.067701e+00  -1.257955e-01;
   4.619818e-02   5.634629e-02   8.284913e-01]
F=[ ...        
  -6.096816e+02  -5.895362e+01  -2.410454e-02;
  -7.429502e+02   1.052907e+03   2.456057e-03;
   3.660541e+02  -5.339303e+02   1.597890e-02]
R=[ ...        
  -8.959268e-01  -4.439586e-01  -1.469517e-02;
  -4.020932e-01   7.964934e-01   4.515742e-01;
   1.887757e-01  -4.104863e-01   8.921125e-01]
U=[ ...        
   9.140675e+02  -4.713417e+02   2.362477e-02;
  -4.713417e+02   1.083977e+03   6.098535e-03;
   2.362477e-02   6.098535e-03   1.571829e-02]
l=[ ...        
  -1.028941e-05  -1.615674e-05   3.244871e-05;
   2.088602e-05   7.789607e-06  -2.233752e-05;
   3.999711e-05   2.569749e-06  -6.341431e-05]
d=[ ...        
  -1.028941e-05   2.364641e-06   3.622291e-05;
   2.364641e-06   7.789607e-06  -9.883884e-06;
   3.622291e-05  -9.883884e-06  -6.341431e-05]
     iteration=        1650000       process=              4       (i,j,k)=              1              0              0       (x,y,z)=   1.500000e-02   5.000000e-03   5.253276e-03     particles=             77
fabric=[ ...   
   3.321782e-01   4.594284e-03  -1.142049e-02;
   4.594284e-03   3.199342e-01   2.028106e-02;
  -1.142049e-02   2.028106e-02   3.478876e-01]
sigma=[ ...    
  -2.891352e+02   1.824198e+01  -3.723287e+00;
   1.825639e+01  -2.588172e+02  -4.824047e+01;
  -3.716245e+00  -4.820786e+01  -3.695982e+02]
sigmaDot=[ ... 
   2.105384e+00   2.704501e+01  -1.078972e+03;
  -1.748114e+03  -9.867074e+01  -1.814781e+02;
  -1.931798e+02  -8.920063e+02   4.082887e+01]
intgraE=[ ...  
   1.997175e+01  -1.507025e+00   1.549127e-02;
  -1.507025e+00   2.807027e+00   2.983777e-02;
   1.549127e-02   2.983777e-02  -4.996866e-01]
E=[ ...        
   1.458492e+06  -7.914816e+05   8.648042e+00;
  -7.914816e+05   4.650740e+05  -4.766088e+00;
   8.648042e+00  -4.766088e+00  -4.996759e-01]
e=[ ...        
  -7.131540e+02   2.837092e+02   2.542047e+02;
   2.837092e+02  -1.122870e+02  -1.010577e+02;
   2.542047e+02  -1.010577e+02  -9.004814e+01]
intgraF=[ ...  
   4.235416e+00   9.829215e-01   1.482410e-02;
   8.721494e-01   1.543406e+00   1.753234e-02;
   4.716365e+00  -1.807157e+00  -9.985344e-03]
F=[ ...        
  -7.279410e+00  -1.216254e+02  -2.038509e-02;
  -1.149837e+03   4.503805e+02   1.728095e-03;
   1.262857e+03  -8.441053e+02   1.515193e-02]
R=[ ...        
  -2.039294e-01  -4.244464e-01  -8.821893e-01;
  -8.860387e-01  -3.032174e-01   3.507058e-01;
   4.163510e-01  -8.531731e-01   3.142410e-01]
U=[ ...        
   1.546076e+03  -7.256956e+02   8.934480e-03;
  -7.256956e+02   6.352282e+02  -4.798828e-03;
   8.934480e-03  -4.798828e-03   2.335091e-02]
l=[ ...        
  -6.496230e-08   6.055605e-05   3.980313e-05;
   5.091243e-07  -2.267101e-05   1.027875e-05;
   8.101452e-07  -1.589634e-05  -1.486169e-06]
d=[ ...        
  -6.496230e-08   3.053259e-05   2.030664e-05;
   3.053259e-05  -2.267101e-05  -2.808796e-06;
   2.030664e-05  -2.808796e-06  -1.486169e-06]
     iteration=        1650000       process=              5       (i,j,k)=              1              0              1       (x,y,z)=   1.500000e-02   5.000000e-03   1.575983e-02     particles=             35
fabric=[ ...   
   3.330019e-01   1.096332e-02   3.956540e-03;
   1.096332e-02   3.613500e-01   2.199388e-03;
   3.956540e-03   2.199388e-03   3.056481e-01]
sigma=[ ...    
  -1.124616e+02  -2.031334e+00   1.169289e+00;
  -2.030873e+00  -1.196933e+02   1.557574e+01;
   1.168238e+00   1.557606e+01  -1.336954e+02]
sigmaDot=[ ... 
  -3.573508e+00   2.969292e+01  -1.515077e+01;
   7.439419e+01   1.046419e+02  -7.335488e+01;
  -5.759809e+00  -2.900173e+01  -1.633814e+00]
intgraE=[ ...  
  -9.614596e-03   1.044753e-02  -6.499426e-02;
   1.044753e-02   4.347373e-02   1.493198e-01;
  -6.499426e-02   1.493198e-01  -4.027498e-01]
E=[ ...        
   1.446285e+06  -4.948988e+05  -6.632021e+03;
  -4.948988e+05   9.678349e+05   9.123865e+03;
  -6.632021e+03   9.123865e+03   1.197083e+02]
e=[ ...        
   4.994273e-01  -2.034181e-03   3.976825e-04;
  -2.034181e-03   4.927722e-01   1.413318e-03;
   3.976825e-04   1.413318e-03   4.997233e-01]
intgraF=[ ...  
   9.892159e-01   2.952765e-02  -1.144071e-01;
   2.639683e-03   1.015634e+00   2.124688e-01;
  -4.707102e-02   2.335858e-01   3.691455e-01]
F=[ ...        
  -1.124083e+03   1.271325e+03   1.067151e+01;
   5.422837e+02  -2.595663e+02  -1.056540e+01;
   1.155394e+03   5.020247e+02   3.861076e+00]
R=[ ...        
  -5.138166e-01   8.180652e-01  -2.583831e-01;
   3.000325e-01  -1.108089e-01  -9.474713e-01;
   8.037245e-01   5.643498e-01   1.885107e-01]
U=[ ...        
   1.668894e+03  -3.276168e+02  -5.549919e+00;
  -3.276168e+02   1.352107e+03   1.207973e+01;
  -5.549919e+00   1.207973e+01   7.980928e+00]
l=[ ...        
   1.056545e-06   1.867748e-06  -3.269857e-06;
  -2.056156e-06   2.346011e-06  -1.314674e-06;
  -6.009169e-07  -4.516274e-06   7.805851e-07]
d=[ ...        
   1.056545e-06  -9.420410e-08  -1.935387e-06;
  -9.420410e-08   2.346011e-06  -2.915474e-06;
  -1.935387e-06  -2.915474e-06   7.805851e-07]
     iteration=        1650000       process=              6       (i,j,k)=              1              1              0       (x,y,z)=   1.500000e-02   1.500000e-02   5.253276e-03     particles=             70
fabric=[ ...   
   3.126808e-01  -2.151459e-03   1.086174e-02;
  -2.151459e-03   3.299772e-01   2.136808e-02;
   1.086174e-02   2.136808e-02   3.573421e-01]
sigma=[ ...    
  -3.138863e+02  -4.051040e+01   1.803855e+01;
  -4.051002e+01  -3.484324e+02   2.113607e+01;
   1.803915e+01   2.113690e+01  -3.551536e+02]
sigmaDot=[ ... 
   1.973384e+01  -5.401645e+01   1.608263e+01;
  -5.399012e+01  -3.490443e+01   5.633525e+01;
   1.093474e+01   5.600401e+01  -9.480448e+01]
intgraE=[ ...  
   3.567156e-01  -8.500310e-01  -3.514551e-02;
  -8.500310e-01   3.531764e-01   3.680996e-02;
  -3.514551e-02   3.680996e-02  -4.981736e-01]
E=[ ...        
   1.250357e+06  -1.015897e+06   5.025981e-01;
  -1.015897e+06   8.552720e+05   4.850420e-01;
   5.025981e-01   4.850420e-01  -4.999365e-01]
e=[ ...        
  -4.544204e+02  -1.094991e+03   1.303759e+03;
  -1.094991e+03  -2.635139e+03   3.138141e+03;
   1.303759e+03   3.138141e+03  -3.735948e+03]
intgraF=[ ...  
   4.846589e-01  -6.107791e-01  -4.563617e-02;
  -1.112616e+00   1.056353e+00   3.593262e-02;
  -4.905329e-01   4.662832e-01   1.670392e-02]
F=[ ...        
   5.906023e+02  -2.620746e+02   4.541667e-03;
  -1.218283e+03   1.024768e+03  -4.762398e-03;
  -8.171238e+02   7.692288e+02   9.152923e-03]
R=[ ...        
   8.182060e-01   5.137333e-01  -2.581028e-01;
  -5.477728e-01   5.602574e-01  -6.213346e-01;
  -1.745963e-01   6.497613e-01   7.398151e-01]
U=[ ...        
   1.293243e+03  -9.100754e+02   4.726666e-03;
  -9.100754e+02   9.393123e+02   5.612253e-03;
   4.726666e-03   5.612253e-03   8.558295e-03]
l=[ ...        
   2.169465e-02   2.662785e-03  -3.331947e-02;
   2.908110e-01   6.943200e-02  -1.169594e-01;
  -1.651384e-03  -4.928195e-03   1.038248e-02]
d=[ ...        
   2.169465e-02   1.467369e-01  -1.748543e-02;
   1.467369e-01   6.943200e-02  -6.094381e-02;
  -1.748543e-02  -6.094381e-02   1.038248e-02]
     iteration=        1650000       process=              7       (i,j,k)=              1              1              1       (x,y,z)=   1.500000e-02   1.500000e-02   1.575983e-02     particles=             48
fabric=[ ...   
   3.295687e-01  -1.015338e-02  -9.363665e-03;
  -1.015338e-02   3.120910e-01  -6.333301e-03;
  -9.363665e-03  -6.333301e-03   3.583403e-01]
sigma=[ ...    
  -7.718822e+01   4.686259e-01   1.207567e+01;
   4.688220e-01  -7.533241e+01   4.112392e+00;
   1.207576e+01   4.112187e+00  -1.001705e+02]
sigmaDot=[ ... 
  -4.162701e+01  -5.862448e+01   4.039335e+01;
  -6.266475e+01  -1.010791e+02   3.058662e+01;
   3.518275e+01   3.156299e+01  -2.552134e+01]
intgraE=[ ...  
   1.740593e-02   7.398290e-02  -9.779643e-02;
   7.398290e-02   1.064828e-02  -3.851894e-02;
  -9.779643e-02  -3.851894e-02  -4.664300e-01]
E=[ ...        
   6.940563e+05  -5.277906e+05   1.521941e+01;
  -5.277906e+05   4.208986e+05  -1.237949e+01;
   1.521941e+01  -1.237949e+01  -4.996319e-01]
e=[ ...        
  -2.902409e+04  -1.319290e+04  -7.423753e+04;
  -1.319290e+04  -5.996226e+03  -3.374408e+04;
  -7.423753e+04  -3.374408e+04  -1.898803e+05]
intgraF=[ ...  
   1.008011e+00   2.683119e-02  -1.737981e-01;
   1.045809e-01   9.911030e-01  -3.574203e-02;
  -8.825155e-02  -1.956823e-01   1.888298e-01]
F=[ ...        
  -6.868624e+02   6.663999e+02  -2.046772e-02;
  -8.595599e+02   5.223412e+02  -1.319020e-02;
   4.212961e+02  -3.533681e+02   1.196912e-02]
R=[ ...        
  -9.087297e-02   9.288243e-01   3.592039e-01;
  -9.737723e-01  -1.584258e-01   1.633060e-01;
   2.085898e-01  -3.349427e-01   9.188600e-01]
U=[ ...        
   9.873109e+02  -6.429081e+02   1.720085e-02;
  -6.429081e+02   6.545742e+02  -2.093021e-02;
   1.720085e-02  -2.093021e-02   1.491819e-03]
l=[ ...        
  -4.508493e-06  -1.012392e-06   1.972282e-07;
  -6.265236e-06  -2.257663e-06  -9.296121e-07;
   2.370302e-06   5.043118e-07   7.082299e-08]
d=[ ...        
  -4.508493e-06  -3.638814e-06   1.283765e-06;
  -3.638814e-06  -2.257663e-06  -2.126501e-07;
   1.283765e-06  -2.126501e-07   7.082299e-08]
