     iteration=        3850000       process=              0       (i,j,k)=              0              0              0       (x,y,z)=   5.000000e-03   5.000000e-03   5.253276e-03     particles=             80
fabric=[ ...   
   3.406681e-01   6.656565e-03  -4.459603e-04;
   6.656565e-03   3.072822e-01   6.059913e-04;
  -4.459603e-04   6.059913e-04   3.520496e-01]
sigma=[ ...    
  -3.165288e+02  -2.426735e+01   2.415738e+01;
  -2.426732e+01  -2.444547e+02  -2.612549e+01;
   2.415720e+01  -2.612541e+01  -3.727180e+02]
sigmaDot=[ ... 
   2.100636e+01   1.046914e+00   2.828234e+00;
   1.465704e+00  -1.802150e+01  -5.870410e+00;
   9.528938e+00  -8.097394e+00  -3.309576e+00]
intgraE=[ ...  
   4.534641e+01  -1.806606e+01  -6.087588e-02;
  -1.806606e+01   1.189010e+01   8.609815e-03;
  -6.087588e-02   8.609815e-03  -4.998743e-01]
E=[ ...        
   1.872840e+05  -5.115642e+04  -1.984273e+00;
  -5.115642e+04   8.857546e+05   1.442743e+00;
  -1.984273e+00   1.442743e+00  -4.997945e-01]
e=[ ...        
  -4.103140e+01  -4.333433e+00  -2.341269e+02;
  -4.333433e+00   4.784385e-02  -2.442906e+01;
  -2.341269e+02  -2.442906e+01  -1.319354e+03]
intgraF=[ ...  
   6.094375e+00  -3.971876e+00  -3.535941e-03;
  -5.120502e-01   2.635115e+00  -6.447323e-03;
  -7.368122e+00   1.435468e+00   1.404751e-02]
F=[ ...        
   5.033969e+02  -8.522131e+02  -2.725757e-03;
  -3.380310e+02  -1.008167e+03   2.793511e-03;
  -8.304020e+01   1.698328e+02   1.989536e-02]
R=[ ...        
   7.728083e-01  -6.101424e-01   1.746241e-01;
  -6.220943e-01  -7.827301e-01   1.822698e-02;
  -1.255625e-01   1.227186e-01   9.844665e-01]
U=[ ...        
   6.097432e+02  -5.274731e+01  -6.342427e-03;
  -5.274731e+01   1.329935e+03   1.918066e-03;
  -6.342427e-03   1.918066e-03   1.916125e-02]
l=[ ...        
  -1.402762e-02  -1.945072e-03   6.035347e-04;
  -1.260312e-02  -1.747632e-03   5.417135e-04;
  -1.587288e-04  -2.171246e-05   6.451307e-06]
d=[ ...        
  -1.402762e-02  -7.274096e-03   2.224030e-04;
  -7.274096e-03  -1.747632e-03   2.600005e-04;
   2.224030e-04   2.600005e-04   6.451307e-06]
     iteration=        3850000       process=              1       (i,j,k)=              0              0              1       (x,y,z)=   5.000000e-03   5.000000e-03   1.575983e-02     particles=             46
fabric=[ ...   
   3.546013e-01  -9.976435e-03   2.483709e-02;
  -9.976435e-03   3.200316e-01   3.457356e-03;
   2.483709e-02   3.457356e-03   3.253672e-01]
sigma=[ ...    
  -6.661408e+01   8.023362e+00   9.625231e-01;
   8.023256e+00  -7.674929e+01   1.472610e+00;
   9.624863e-01   1.472648e+00  -1.060745e+02]
sigmaDot=[ ... 
   3.371407e+01  -5.502231e+00  -2.080775e+01;
   1.133600e-01   2.156776e+00   1.389871e+00;
  -2.702219e+01   9.017490e-01   2.052244e+01]
intgraE=[ ...  
   9.541129e-02  -6.456885e-02  -6.784942e-01;
  -6.456885e-02   1.150405e-02   3.409816e-01;
  -6.784942e-01   3.409816e-01   3.604721e+00]
E=[ ...        
   6.649840e+05  -8.275410e+05   3.175635e+00;
  -8.275410e+05   1.803571e+06  -2.435672e+01;
   3.175635e+00  -2.435672e+01  -4.994458e-01]
e=[ ...        
  -1.548066e+05  -7.114771e+04   1.213315e+05;
  -7.114771e+04  -3.269824e+04   5.576268e+04;
   1.213315e+05   5.576268e+04  -9.509420e+04]
intgraF=[ ...  
   9.981295e-01   3.866147e-04  -9.610511e-02;
  -3.448882e-02   9.878713e-01   6.129195e-02;
  -4.397393e-01   2.170674e-01   2.862944e+00]
F=[ ...        
   4.045324e+02  -1.217120e+03   1.976895e-02;
  -1.073970e+03   1.174091e+03  -1.298039e-03;
  -1.136228e+02  -8.644495e+02   2.675489e-02]
R=[ ...        
   6.245658e-03  -6.724523e-01  -7.401141e-01;
  -8.660895e-01   3.663228e-01  -3.401420e-01;
  -4.998499e-01  -6.431294e-01   5.801160e-01]
U=[ ...        
   9.894754e+02  -5.923744e+02  -1.212574e-02;
  -5.923744e+02   1.804504e+03  -3.097603e-02;
  -1.212574e-02  -3.097603e-02   1.331180e-03]
l=[ ...        
   1.130789e-06  -2.537687e-07  -2.852329e-07;
  -3.407844e-07  -1.708758e-07   4.030298e-07;
  -6.916643e-07  -6.301086e-08   9.391249e-08]
d=[ ...        
   1.130789e-06  -2.972765e-07  -4.884486e-07;
  -2.972765e-07  -1.708758e-07   1.700095e-07;
  -4.884486e-07   1.700095e-07   9.391249e-08]
     iteration=        3850000       process=              2       (i,j,k)=              0              1              0       (x,y,z)=   5.000000e-03   1.500000e-02   5.253276e-03     particles=             81
fabric=[ ...   
   3.310631e-01  -4.721981e-04   1.403625e-03;
  -4.721981e-04   3.223472e-01   1.548129e-02;
   1.403625e-03   1.548129e-02   3.465898e-01]
sigma=[ ...    
  -2.983238e+02  -7.117816e+00   2.964728e+01;
  -7.117706e+00  -2.536445e+02  -3.485272e+01;
   2.964728e+01  -3.485295e+01  -2.909749e+02]
sigmaDot=[ ... 
   2.036072e+00  -2.007815e+00   7.632415e-01;
  -1.912729e+00   6.796015e+00  -4.665424e-01;
   9.064299e-01  -7.979469e-01  -1.426884e+00]
intgraE=[ ...  
   1.494102e+01  -1.572943e+01  -2.006537e-01;
  -1.572943e+01   1.588441e+01   2.068172e-01;
  -2.006537e-01   2.068172e-01  -4.973762e-01]
E=[ ...        
   3.378627e+05   1.168774e+05   6.554697e+02;
   1.168774e+05   1.935673e+05   3.660251e+01;
   6.554697e+02   3.660251e+01   1.009625e+00]
e=[ ...        
  -6.589896e+01   6.451317e+01   1.496838e+01;
   6.451317e+01  -6.218095e+01  -1.454326e+01;
   1.496838e+01  -1.454326e+01  -2.874336e+00]
intgraF=[ ...  
   4.292680e+00  -4.910910e+00  -5.941388e-02;
   1.160693e+00  -9.034306e-01  -1.381380e-02;
   3.332827e+00  -2.799216e+00  -3.907469e-02]
F=[ ...        
  -4.836360e+02   4.884834e+01  -1.250167e+00;
  -3.695881e+02   1.874643e+02  -1.066271e+00;
  -5.524738e+02  -5.912754e+02  -5.651535e-01]
R=[ ...        
  -6.535591e-01   2.624912e-01  -7.099007e-01;
  -5.572774e-01   4.677859e-01   6.860162e-01;
  -5.121547e-01  -8.439637e-01   1.594453e-01]
U=[ ...        
   8.049998e+02   1.664296e+02   1.700713e+00;
   1.664296e+02   5.995304e+02  -3.499753e-01;
   1.700713e+00  -3.499753e-01   6.590465e-02]
l=[ ...        
  -1.230081e-04   2.223362e-04   2.904348e-03;
   1.252811e-03  -8.854750e-05  -5.767273e-04;
   1.945689e-05   6.081696e-06   8.692924e-05]
d=[ ...        
  -1.230081e-04   7.375736e-04   1.461902e-03;
   7.375736e-04  -8.854750e-05  -2.853228e-04;
   1.461902e-03  -2.853228e-04   8.692924e-05]
     iteration=        3850000       process=              3       (i,j,k)=              0              1              1       (x,y,z)=   5.000000e-03   1.500000e-02   1.575983e-02     particles=             39
fabric=[ ...   
   3.400337e-01   1.739443e-02   2.029052e-02;
   1.739443e-02   3.267093e-01   1.362562e-03;
   2.029052e-02   1.362562e-03   3.332569e-01]
sigma=[ ...    
  -1.011976e+02  -1.033121e+01  -9.133121e+00;
  -1.032985e+01  -8.804185e+01  -1.379759e+00;
  -9.137534e+00  -1.379557e+00  -1.335784e+02]
sigmaDot=[ ... 
   3.790562e-01   2.615811e+00  -3.180549e-01;
  -2.096488e+00   4.929883e+00   1.700122e+00;
  -1.838333e+00   2.798458e+00   1.439261e+00]
intgraE=[ ...  
  -4.111338e-02   7.395220e-02  -3.250967e-02;
   7.395220e-02   7.158015e-02  -4.380867e-02;
  -3.250967e-02  -4.380867e-02  -1.447513e-01]
E=[ ...        
   5.288039e+05  -4.722387e+05   9.339449e+00;
  -4.722387e+05   7.011632e+05  -2.227928e+00;
   9.339449e+00  -2.227928e+00  -4.995780e-01]
e=[ ...        
   1.462406e-01   1.206394e+01   2.389722e+01;
   1.206394e+01  -4.109075e+02  -8.149492e+02;
   2.389722e+01  -8.149492e+02  -1.613817e+03]
intgraF=[ ...  
   9.471465e-01  -1.347460e-04  -9.096779e-02;
   1.362075e-01   1.067701e+00  -1.257955e-01;
   4.619818e-02   5.634630e-02   8.284913e-01]
F=[ ...        
  -6.096562e+02  -5.753191e+01  -2.414260e-02;
  -7.429346e+02   1.055540e+03   2.533899e-03;
   3.660277e+02  -5.337157e+02   1.596254e-02]
R=[ ...        
  -8.964490e-01  -4.429486e-01  -1.325674e-02;
  -4.008093e-01   7.976801e-01   4.506200e-01;
   1.890268e-01  -4.092713e-01   8.926174e-01]
U=[ ...        
   9.134898e+02  -4.723824e+02   2.364435e-02;
  -4.723824e+02   1.085902e+03   6.182165e-03;
   2.364435e-02   6.182165e-03   1.571032e-02]
l=[ ...        
   2.021376e-08   2.792937e-08  -3.011664e-08;
   1.612023e-08   5.858985e-08  -2.280317e-08;
   1.335211e-08   5.695720e-08   4.450146e-08]
d=[ ...        
   2.021376e-08   2.202480e-08  -8.382265e-09;
   2.202480e-08   5.858985e-08   1.707701e-08;
  -8.382265e-09   1.707701e-08   4.450146e-08]
     iteration=        3850000       process=              4       (i,j,k)=              1              0              0       (x,y,z)=   1.500000e-02   5.000000e-03   5.253276e-03     particles=             77
fabric=[ ...   
   3.321859e-01   4.593198e-03  -1.142174e-02;
   4.593198e-03   3.199286e-01   2.028821e-02;
  -1.142174e-02   2.028821e-02   3.478856e-01]
sigma=[ ...    
  -2.896224e+02   1.832493e+01  -3.962424e+00;
   1.832589e+01  -2.595264e+02  -4.832486e+01;
  -3.952503e+00  -4.831086e+01  -3.708635e+02]
sigmaDot=[ ... 
   7.495435e+01   1.350782e+02  -1.405012e+02;
   2.763291e+01  -8.613268e+01  -3.856355e+01;
  -1.350775e+02  -2.094499e+02   7.921803e+01]
intgraE=[ ...  
   1.997190e+01  -1.506855e+00   1.549324e-02;
  -1.506855e+00   2.806968e+00   2.983743e-02;
   1.549324e-02   2.983743e-02  -4.996866e-01]
E=[ ...        
   1.458682e+06  -7.916444e+05   8.648085e+00;
  -7.916444e+05   4.652058e+05  -4.766003e+00;
   8.648085e+00  -4.766003e+00  -4.996759e-01]
e=[ ...        
  -7.129997e+02   2.837015e+02   2.542395e+02;
   2.837015e+02  -1.123053e+02  -1.010906e+02;
   2.542395e+02  -1.010906e+02  -9.009250e+01]
intgraF=[ ...  
   4.235454e+00   9.829469e-01   1.482443e-02;
   8.721534e-01   1.543399e+00   1.753228e-02;
   4.716362e+00  -1.807117e+00  -9.984932e-03]
F=[ ...        
  -7.179685e+00  -1.217242e+02  -2.038594e-02;
  -1.149873e+03   4.504214e+02   1.727894e-03;
   1.262975e+03  -8.442254e+02   1.515206e-02]
R=[ ...        
  -2.039278e-01  -4.245537e-01  -8.821381e-01;
  -8.860252e-01  -3.032038e-01   3.507517e-01;
   4.163806e-01  -8.531246e-01   3.143337e-01]
U=[ ...        
   1.546159e+03  -7.257808e+02   8.935324e-03;
  -7.257808e+02   6.353385e+02  -4.795566e-03;
   8.935324e-03  -4.795566e-03   2.335208e-02]
l=[ ...        
  -1.970468e-06   4.991100e-04   3.738960e-04;
   3.386113e-07   6.238942e-05   5.864273e-05;
   1.504649e-06  -4.179756e-06  -2.988742e-06]
d=[ ...        
  -1.970468e-06   2.497243e-04   1.877003e-04;
   2.497243e-04   6.238942e-05   2.723148e-05;
   1.877003e-04   2.723148e-05  -2.988742e-06]
     iteration=        3850000       process=              5       (i,j,k)=              1              0              1       (x,y,z)=   1.500000e-02   5.000000e-03   1.575983e-02     particles=             35
fabric=[ ...   
   3.330019e-01   1.096332e-02   3.956543e-03;
   1.096332e-02   3.613500e-01   2.199407e-03;
   3.956543e-03   2.199407e-03   3.056481e-01]
sigma=[ ...    
  -1.115364e+02  -2.150295e+00   1.304622e+00;
  -2.150407e+00  -1.195535e+02   1.534531e+01;
   1.304525e+00   1.534487e+01  -1.341448e+02]
sigmaDot=[ ... 
  -1.714762e+00  -3.266049e+00   4.790707e+00;
   1.283053e+01  -3.652070e+00  -1.607138e+01;
  -6.957994e-01  -6.497410e-01   4.169074e+01]
intgraE=[ ...  
  -9.614618e-03   1.044753e-02  -6.499424e-02;
   1.044753e-02   4.347374e-02   1.493198e-01;
  -6.499424e-02   1.493198e-01  -4.027498e-01]
E=[ ...        
   1.446285e+06  -4.948990e+05  -6.632022e+03;
  -4.948990e+05   9.678354e+05   9.123866e+03;
  -6.632022e+03   9.123866e+03   1.197082e+02]
e=[ ...        
   4.994273e-01  -2.034182e-03   3.976826e-04;
  -2.034182e-03   4.927722e-01   1.413319e-03;
   3.976826e-04   1.413319e-03   4.997233e-01]
intgraF=[ ...  
   9.892159e-01   2.952767e-02  -1.144071e-01;
   2.639682e-03   1.015634e+00   2.124687e-01;
  -4.707102e-02   2.335859e-01   3.691455e-01]
F=[ ...        
  -1.124084e+03   1.271325e+03   1.067151e+01;
   5.422836e+02  -2.595662e+02  -1.056539e+01;
   1.155394e+03   5.020250e+02   3.861074e+00]
R=[ ...        
  -5.138168e-01   8.180651e-01  -2.583830e-01;
   3.000325e-01  -1.108088e-01  -9.474713e-01;
   8.037243e-01   5.643500e-01   1.885107e-01]
U=[ ...        
   1.668894e+03  -3.276169e+02  -5.549921e+00;
  -3.276169e+02   1.352107e+03   1.207972e+01;
  -5.549921e+00   1.207972e+01   7.980925e+00]
l=[ ...        
  -4.503631e-07  -3.915334e-07  -1.480399e-07;
   1.673397e-07  -6.794996e-08   5.916450e-07;
   9.923603e-08   1.042138e-06   1.639499e-06]
d=[ ...        
  -4.503631e-07  -1.120968e-07  -2.440194e-08;
  -1.120968e-07  -6.794996e-08   8.168915e-07;
  -2.440194e-08   8.168915e-07   1.639499e-06]
     iteration=        3850000       process=              6       (i,j,k)=              1              1              0       (x,y,z)=   1.500000e-02   1.500000e-02   5.253276e-03     particles=             70
fabric=[ ...   
   3.125663e-01  -2.521469e-03   1.025015e-02;
  -2.521469e-03   3.301040e-01   2.155624e-02;
   1.025015e-02   2.155624e-02   3.573297e-01]
sigma=[ ...    
  -3.144939e+02  -4.059932e+01   1.809335e+01;
  -4.060078e+01  -3.495055e+02   2.117073e+01;
   1.809265e+01   2.116760e+01  -3.557369e+02]
sigmaDot=[ ... 
   8.665842e-01   2.034090e-01   2.751814e+00;
  -7.606060e-01  -4.634759e+00  -3.449491e+00;
   9.284089e-01  -4.226015e+00  -2.531456e+00]
intgraE=[ ...  
   3.588599e-01  -8.525911e-01  -3.531837e-02;
  -8.525911e-01   3.560921e-01   3.698847e-02;
  -3.531837e-02   3.698847e-02  -4.981652e-01]
E=[ ...        
   1.243825e+06  -1.008943e+06   5.535562e-01;
  -1.008943e+06   8.481437e+05   4.494483e-01;
   5.535562e-01   4.494483e-01  -4.999359e-01]
e=[ ...        
  -4.629596e+02  -1.110161e+03   1.306447e+03;
  -1.110161e+03  -2.658755e+03   3.129435e+03;
   1.306447e+03   3.129435e+03  -3.682246e+03]
intgraF=[ ...  
   4.842049e-01  -6.102609e-01  -4.560389e-02;
  -1.114710e+00   1.059391e+00   3.620789e-02;
  -4.905979e-01   4.663233e-01   1.670167e-02]
F=[ ...        
   5.953784e+02  -2.663003e+02   4.575706e-03;
  -1.210419e+03   1.016580e+03  -4.846985e-03;
  -8.173509e+02   7.693751e+02   9.156464e-03]
R=[ ...        
   8.196379e-01   5.100111e-01  -2.609261e-01;
  -5.460484e-01   5.577472e-01  -6.250993e-01;
  -1.732768e-01   6.548333e-01   7.356415e-01]
U=[ ...        
   1.290570e+03  -9.066866e+02   4.810507e-03;
  -9.066866e+02   9.349909e+02   5.626227e-03;
   4.810507e-03   5.626227e-03   8.571802e-03]
l=[ ...        
  -2.916433e-02   1.352900e-03   6.477933e-03;
  -2.175066e-01   1.993930e-02   8.238589e-02;
   2.358369e-02  -1.567069e-03  -6.288786e-03]
d=[ ...        
  -2.916433e-02  -1.080768e-01   1.503081e-02;
  -1.080768e-01   1.993930e-02   4.040941e-02;
   1.503081e-02   4.040941e-02  -6.288786e-03]
     iteration=        3850000       process=              7       (i,j,k)=              1              1              1       (x,y,z)=   1.500000e-02   1.500000e-02   1.575983e-02     particles=             48
fabric=[ ...   
   3.295687e-01  -1.015339e-02  -9.363665e-03;
  -1.015339e-02   3.120910e-01  -6.333302e-03;
  -9.363665e-03  -6.333302e-03   3.583403e-01]
sigma=[ ...    
  -7.722136e+01   5.028451e-01   1.203891e+01;
   5.028461e-01  -7.538524e+01   4.091096e+00;
   1.203891e+01   4.091074e+00  -1.002286e+02]
sigmaDot=[ ... 
   7.811973e-01   1.484212e+00   1.003575e+00;
   2.163752e+00   7.662377e+00   6.836948e+00;
   2.272206e+00   7.434783e+00   1.274822e+00]
intgraE=[ ...  
   1.740593e-02   7.398292e-02  -9.779643e-02;
   7.398292e-02   1.064831e-02  -3.851894e-02;
  -9.779643e-02  -3.851894e-02  -4.664300e-01]
E=[ ...        
   6.940563e+05  -5.277906e+05   1.521941e+01;
  -5.277906e+05   4.208986e+05  -1.237949e+01;
   1.521941e+01  -1.237949e+01  -4.996319e-01]
e=[ ...        
  -2.902891e+04  -1.319509e+04  -7.424987e+04;
  -1.319509e+04  -5.997223e+03  -3.374969e+04;
  -7.424987e+04  -3.374969e+04  -1.899118e+05]
intgraF=[ ...  
   1.008011e+00   2.683121e-02  -1.737981e-01;
   1.045809e-01   9.911030e-01  -3.574202e-02;
  -8.825153e-02  -1.956823e-01   1.888298e-01]
F=[ ...        
  -6.868624e+02   6.663999e+02  -2.046772e-02;
  -8.595599e+02   5.223412e+02  -1.319020e-02;
   4.212961e+02  -3.533681e+02   1.196912e-02]
R=[ ...        
  -9.087298e-02   9.288243e-01   3.592039e-01;
  -9.737723e-01  -1.584258e-01   1.633060e-01;
   2.085898e-01  -3.349427e-01   9.188600e-01]
U=[ ...        
   9.873109e+02  -6.429081e+02   1.720085e-02;
  -6.429081e+02   6.545742e+02  -2.093021e-02;
   1.720085e-02  -2.093021e-02   1.491818e-03]
l=[ ...        
  -7.655644e-08  -4.488411e-08   9.860166e-08;
   1.325888e-07   2.336148e-07   2.685082e-07;
   7.346904e-08   9.111889e-08   6.700182e-08]
d=[ ...        
  -7.655644e-08   4.385234e-08   8.603535e-08;
   4.385234e-08   2.336148e-07   1.798135e-07;
   8.603535e-08   1.798135e-07   6.700182e-08]
