     iteration=        2900000       process=              0       (i,j,k)=              0              0              0       (x,y,z)=   5.000000e-03   5.000000e-03   5.253276e-03     particles=             80
fabric=[ ...   
   3.406724e-01   6.657379e-03  -4.484524e-04;
   6.657379e-03   3.072742e-01   6.021905e-04;
  -4.484524e-04   6.021905e-04   3.520534e-01]
sigma=[ ...    
  -3.167584e+02  -2.421680e+01   2.401843e+01;
  -2.421685e+01  -2.445073e+02  -2.608368e+01;
   2.401840e+01  -2.608368e+01  -3.730692e+02]
sigmaDot=[ ... 
   4.839565e+00   8.587702e+00   2.330897e+00;
   5.499220e+00  -1.602118e+01  -4.539537e+00;
   6.051759e+00  -5.420644e+00  -4.683136e+00]
intgraE=[ ...  
   4.534344e+01  -1.806479e+01  -6.087220e-02;
  -1.806479e+01   1.188962e+01   8.608042e-03;
  -6.087220e-02   8.608042e-03  -4.998743e-01]
E=[ ...        
   1.871106e+05  -5.151853e+04  -1.985119e+00;
  -5.151853e+04   8.854227e+05   1.438860e+00;
  -1.985119e+00   1.438860e+00  -4.997945e-01]
e=[ ...        
  -4.111878e+01  -4.259307e+00  -2.344010e+02;
  -4.259307e+00   6.409747e-02  -2.398883e+01;
  -2.344010e+02  -2.398883e+01  -1.319669e+03]
intgraF=[ ...  
   6.093845e+00  -3.971569e+00  -3.535520e-03;
  -5.125379e-01   2.635397e+00  -6.446936e-03;
  -7.368122e+00   1.435468e+00   1.404751e-02]
F=[ ...        
   5.033558e+02  -8.523830e+02  -2.722549e-03;
  -3.375299e+02  -1.007724e+03   2.796425e-03;
  -8.323945e+01   1.696552e+02   1.989381e-02]
R=[ ...        
   7.727524e-01  -6.101677e-01   1.747830e-01;
  -6.220975e-01  -7.827353e-01   1.789397e-02;
  -1.258905e-01   1.225596e-01   9.844444e-01]
U=[ ...        
   6.094249e+02  -5.313667e+01  -6.347947e-03;
  -5.313667e+01   1.329670e+03   1.910530e-03;
  -6.347947e-03   1.910530e-03   1.915854e-02]
l=[ ...        
  -1.616996e-02  -2.241364e-03   6.951042e-04;
  -1.461242e-02  -2.025938e-03   6.285198e-04;
  -1.410729e-04  -1.968060e-05   5.974870e-06]
d=[ ...        
  -1.616996e-02  -8.426894e-03   2.770157e-04;
  -8.426894e-03  -2.025938e-03   3.044196e-04;
   2.770157e-04   3.044196e-04   5.974870e-06]
     iteration=        2900000       process=              1       (i,j,k)=              0              0              1       (x,y,z)=   5.000000e-03   5.000000e-03   1.575983e-02     particles=             46
fabric=[ ...   
   3.564787e-01  -1.130125e-02   2.350287e-02;
  -1.130125e-02   3.196542e-01   3.392484e-04;
   2.350287e-02   3.392484e-04   3.238671e-01]
sigma=[ ...    
  -6.730652e+01   8.023852e+00   7.479280e-01;
   8.023756e+00  -7.668586e+01   1.511071e+00;
   7.479067e-01   1.511144e+00  -1.060245e+02]
sigmaDot=[ ... 
   2.544233e+01  -6.438154e+00  -2.009377e+01;
  -4.429005e+00   6.830378e+00  -3.401920e+00;
  -2.440776e+01  -5.119679e+00   1.181301e+01]
intgraE=[ ...  
   9.541103e-02  -6.456877e-02  -6.784939e-01;
  -6.456877e-02   1.150404e-02   3.409815e-01;
  -6.784939e-01   3.409815e-01   3.604720e+00]
E=[ ...        
   6.649840e+05  -8.275411e+05   3.175638e+00;
  -8.275411e+05   1.803571e+06  -2.435673e+01;
   3.175638e+00  -2.435673e+01  -4.994458e-01]
e=[ ...        
  -1.548338e+05  -7.116022e+04   1.213528e+05;
  -7.116022e+04  -3.270398e+04   5.577248e+04;
   1.213528e+05   5.577248e+04  -9.511092e+04]
intgraF=[ ...  
   9.981292e-01   3.866834e-04  -9.610478e-02;
  -3.448874e-02   9.878713e-01   6.129173e-02;
  -4.397393e-01   2.170674e-01   2.862944e+00]
F=[ ...        
   4.045325e+02  -1.217120e+03   1.976895e-02;
  -1.073970e+03   1.174091e+03  -1.298042e-03;
  -1.136228e+02  -8.644495e+02   2.675489e-02]
R=[ ...        
   6.245680e-03  -6.724523e-01  -7.401141e-01;
  -8.660895e-01   3.663227e-01  -3.401420e-01;
  -4.998499e-01  -6.431295e-01   5.801160e-01]
U=[ ...        
   9.894754e+02  -5.923744e+02  -1.212574e-02;
  -5.923744e+02   1.804504e+03  -3.097603e-02;
  -1.212574e-02  -3.097603e-02   1.331181e-03]
l=[ ...        
   7.158665e-07  -1.506926e-08  -3.828638e-07;
  -1.465122e-07  -1.423857e-08   2.716282e-07;
  -4.216109e-07  -7.152541e-08   1.919970e-07]
d=[ ...        
   7.158665e-07  -8.079074e-08  -4.022374e-07;
  -8.079074e-08  -1.423857e-08   1.000514e-07;
  -4.022374e-07   1.000514e-07   1.919970e-07]
     iteration=        2900000       process=              2       (i,j,k)=              0              1              0       (x,y,z)=   5.000000e-03   1.500000e-02   5.253276e-03     particles=             81
fabric=[ ...   
   3.310357e-01  -4.706362e-04   1.699566e-03;
  -4.706362e-04   3.223816e-01   1.541679e-02;
   1.699566e-03   1.541679e-02   3.465827e-01]
sigma=[ ...    
  -2.983308e+02  -7.131187e+00   2.962748e+01;
  -7.131318e+00  -2.536761e+02  -3.484436e+01;
   2.962749e+01  -3.484415e+01  -2.910669e+02]
sigmaDot=[ ... 
  -3.323371e+00   2.849344e+00  -5.611227e-01;
   2.279214e+00   1.955699e+00   2.382554e-01;
  -1.219326e-01   1.007212e-01  -5.982622e-01]
intgraE=[ ...  
   1.494230e+01  -1.573035e+01  -2.006682e-01;
  -1.573035e+01   1.588485e+01   2.068263e-01;
  -2.006682e-01   2.068263e-01  -4.973760e-01]
E=[ ...        
   3.416912e+05   1.212532e+05   6.570353e+02;
   1.212532e+05   1.985472e+05   3.805876e+01;
   6.570353e+02   3.805876e+01   1.010016e+00]
e=[ ...        
  -6.669708e+01   6.532471e+01   1.544848e+01;
   6.532471e+01  -6.300451e+01  -1.501803e+01;
   1.544848e+01  -1.501803e+01  -3.051578e+00]
intgraF=[ ...  
   4.292562e+00  -4.910677e+00  -5.941157e-02;
   1.162226e+00  -9.051710e-01  -1.383491e-02;
   3.332827e+00  -2.799216e+00  -3.907469e-02]
F=[ ...        
  -4.851236e+02   4.748425e+01  -1.251545e+00;
  -3.665840e+02   1.904553e+02  -1.065044e+00;
  -5.600488e+02  -5.988050e+02  -5.651081e-01]
R=[ ...        
  -6.540537e-01   2.627235e-01  -7.093589e-01;
  -5.545848e-01   4.711982e-01   6.858630e-01;
  -5.144409e-01  -8.419909e-01   1.624865e-01]
U=[ ...        
   8.087108e+02   1.713689e+02   1.699950e+00;
   1.713689e+02   6.064058e+02  -3.548414e-01;
   1.699950e+00  -3.548414e-01   6.549783e-02]
l=[ ...        
   8.240915e-05  -2.977205e-04  -3.933119e-03;
  -1.301035e-03   1.208797e-04   9.922958e-04;
   2.287975e-05   8.322348e-06   1.216768e-04]
d=[ ...        
   8.240915e-05  -7.993776e-04  -1.955120e-03;
  -7.993776e-04   1.208797e-04   5.003091e-04;
  -1.955120e-03   5.003091e-04   1.216768e-04]
     iteration=        2900000       process=              3       (i,j,k)=              0              1              1       (x,y,z)=   5.000000e-03   1.500000e-02   1.575983e-02     particles=             39
fabric=[ ...   
   3.401751e-01   1.687746e-02   1.970593e-02;
   1.687746e-02   3.265106e-01   1.252748e-03;
   1.970593e-02   1.252748e-03   3.333143e-01]
sigma=[ ...    
  -1.011411e+02  -1.031441e+01  -9.153321e+00;
  -1.031716e+01  -8.796524e+01  -1.335262e+00;
  -9.149132e+00  -1.335584e+00  -1.335967e+02]
sigmaDot=[ ... 
   1.468670e+00   5.771855e-01   5.178014e-02;
   1.739150e-01   3.534298e-01   5.499668e-01;
  -5.358572e-01   5.474066e-01   2.801355e+00]
intgraE=[ ...  
  -4.111339e-02   7.395219e-02  -3.250967e-02;
   7.395219e-02   7.158015e-02  -4.380867e-02;
  -3.250967e-02  -4.380867e-02  -1.447513e-01]
E=[ ...        
   5.583478e+05  -5.817770e+05   7.699788e+00;
  -5.817770e+05   9.213865e+05  -3.542215e-01;
   7.699788e+00  -3.542215e-01  -4.995269e-01]
e=[ ...        
   4.474001e-01   3.990329e+00   7.548617e+00;
   3.990329e+00  -3.022247e+02  -5.726729e+02;
   7.548617e+00  -5.726729e+02  -1.082842e+03]
intgraF=[ ...  
   9.471465e-01  -1.347480e-04  -9.096779e-02;
   1.362075e-01   1.067701e+00  -1.257955e-01;
   4.619818e-02   5.634628e-02   8.284913e-01]
F=[ ...        
  -5.269608e+02  -1.391226e+02  -2.412747e-02;
  -8.113049e+02   1.193406e+03   6.155804e-03;
   4.251979e+02  -6.318241e+02   1.806118e-02]
R=[ ...        
  -8.717360e-01  -4.899366e-01  -6.206094e-03;
  -4.356785e-01   7.692758e-01   4.673317e-01;
   2.241887e-01  -4.100938e-01   8.840603e-01]
U=[ ...        
   9.081634e+02  -5.403109e+02   2.239995e-02;
  -5.403109e+02   1.245327e+03   9.149663e-03;
   2.239995e-02   9.149663e-03   1.899371e-02]
l=[ ...        
   2.123059e-08   2.455909e-09   3.080337e-08;
   2.915128e-08  -1.038362e-09  -1.178313e-07;
  -6.909916e-08   1.409456e-07   5.295532e-09]
d=[ ...        
   2.123059e-08   1.580359e-08  -1.914790e-08;
   1.580359e-08  -1.038362e-09   1.155715e-08;
  -1.914790e-08   1.155715e-08   5.295532e-09]
     iteration=        2900000       process=              4       (i,j,k)=              1              0              0       (x,y,z)=   1.500000e-02   5.000000e-03   5.253276e-03     particles=             77
fabric=[ ...   
   3.321877e-01   4.592267e-03  -1.142536e-02;
   4.592267e-03   3.199245e-01   2.028026e-02;
  -1.142536e-02   2.028026e-02   3.478879e-01]
sigma=[ ...    
  -2.894072e+02   1.830333e+01  -3.966626e+00;
   1.830353e+01  -2.592231e+02  -4.833683e+01;
  -3.955328e+00  -4.832019e+01  -3.701189e+02]
sigmaDot=[ ... 
   1.069782e+02   1.149037e+02  -1.032781e+02;
   2.594657e+01  -9.274951e+01   4.520378e+01;
  -1.915939e+02  -2.159381e+02   5.750323e+01]
intgraE=[ ...  
   1.997174e+01  -1.506942e+00   1.549212e-02;
  -1.506942e+00   2.806992e+00   2.983753e-02;
   1.549212e-02   2.983753e-02  -4.996866e-01]
E=[ ...        
   1.458603e+06  -7.915763e+05   8.648128e+00;
  -7.915763e+05   4.651497e+05  -4.766116e+00;
   8.648128e+00  -4.766116e+00  -4.996759e-01]
e=[ ...        
  -7.130775e+02   2.837040e+02   2.542196e+02;
   2.837040e+02  -1.122950e+02  -1.010726e+02;
   2.542196e+02  -1.010726e+02  -9.006847e+01]
intgraF=[ ...  
   4.235417e+00   9.829354e-01   1.482424e-02;
   8.721485e-01   1.543401e+00   1.753229e-02;
   4.716364e+00  -1.807134e+00  -9.985106e-03]
F=[ ...        
  -7.230741e+00  -1.216735e+02  -2.038556e-02;
  -1.149860e+03   4.504066e+02   1.728008e-03;
   1.262924e+03  -8.441741e+02   1.515199e-02]
R=[ ...        
  -2.039290e-01  -4.244967e-01  -8.821652e-01;
  -8.860326e-01  -3.032102e-01   3.507274e-01;
   4.163641e-01  -8.531507e-01   3.142845e-01]
U=[ ...        
   1.546124e+03  -7.257461e+02   8.934882e-03;
  -7.257461e+02   6.352898e+02  -4.797283e-03;
   8.934882e-03  -4.797283e-03   2.335153e-02]
l=[ ...        
   1.382886e-07  -3.923118e-04  -3.053063e-04;
  -3.383738e-07  -6.607745e-05  -4.700559e-05;
   5.549607e-07   1.022603e-05  -3.929367e-06]
d=[ ...        
   1.382886e-07  -1.963251e-04  -1.523757e-04;
  -1.963251e-04  -6.607745e-05  -1.838978e-05;
  -1.523757e-04  -1.838978e-05  -3.929367e-06]
     iteration=        2900000       process=              5       (i,j,k)=              1              0              1       (x,y,z)=   1.500000e-02   5.000000e-03   1.575983e-02     particles=             35
fabric=[ ...   
   3.330019e-01   1.096332e-02   3.956545e-03;
   1.096332e-02   3.613500e-01   2.199394e-03;
   3.956545e-03   2.199394e-03   3.056481e-01]
sigma=[ ...    
  -1.120365e+02  -1.550777e+00   9.496000e-01;
  -1.550981e+00  -1.197699e+02   1.523169e+01;
   9.497636e-01   1.523130e+01  -1.337015e+02]
sigmaDot=[ ... 
  -1.296610e+01  -1.891163e+01   8.253088e+00;
  -9.848157e+00   1.489881e+01  -7.539850e+00;
  -2.269253e+00  -6.603062e-01  -1.646286e+01]
intgraE=[ ...  
  -9.614582e-03   1.044756e-02  -6.499423e-02;
   1.044756e-02   4.347370e-02   1.493197e-01;
  -6.499423e-02   1.493197e-01  -4.027499e-01]
E=[ ...        
   1.446285e+06  -4.948989e+05  -6.632022e+03;
  -4.948989e+05   9.678349e+05   9.123867e+03;
  -6.632022e+03   9.123867e+03   1.197083e+02]
e=[ ...        
   4.994273e-01  -2.034181e-03   3.976824e-04;
  -2.034181e-03   4.927722e-01   1.413318e-03;
   3.976824e-04   1.413318e-03   4.997233e-01]
intgraF=[ ...  
   9.892159e-01   2.952776e-02  -1.144070e-01;
   2.639659e-03   1.015634e+00   2.124687e-01;
  -4.707106e-02   2.335857e-01   3.691454e-01]
F=[ ...        
  -1.124083e+03   1.271325e+03   1.067151e+01;
   5.422837e+02  -2.595664e+02  -1.056540e+01;
   1.155394e+03   5.020246e+02   3.861076e+00]
R=[ ...        
  -5.138166e-01   8.180652e-01  -2.583831e-01;
   3.000325e-01  -1.108089e-01  -9.474713e-01;
   8.037244e-01   5.643498e-01   1.885107e-01]
U=[ ...        
   1.668894e+03  -3.276168e+02  -5.549920e+00;
  -3.276168e+02   1.352107e+03   1.207973e+01;
  -5.549920e+00   1.207973e+01   7.980928e+00]
l=[ ...        
  -2.600808e-07  -8.804583e-07  -1.700196e-06;
   4.343382e-08  -1.372862e-07   2.361669e-07;
   5.939265e-07   9.359629e-07   1.386954e-06]
d=[ ...        
  -2.600808e-07  -4.185123e-07  -5.531347e-07;
  -4.185123e-07  -1.372862e-07   5.860649e-07;
  -5.531347e-07   5.860649e-07   1.386954e-06]
     iteration=        2900000       process=              6       (i,j,k)=              1              1              0       (x,y,z)=   1.500000e-02   1.500000e-02   5.253276e-03     particles=             70
fabric=[ ...   
   3.125494e-01  -2.510844e-03   1.029623e-02;
  -2.510844e-03   3.301452e-01   2.186016e-02;
   1.029623e-02   2.186016e-02   3.573054e-01]
sigma=[ ...    
  -3.143262e+02  -4.057094e+01   1.809818e+01;
  -4.057349e+01  -3.491437e+02   2.116450e+01;
   1.809832e+01   2.116044e+01  -3.555849e+02]
sigmaDot=[ ... 
   2.538872e+01   3.067539e+00   1.535203e+00;
   3.052015e+00   1.609923e+01   3.857127e-01;
   2.529053e+00   1.213049e+00   2.360960e+01]
intgraE=[ ...  
   3.545111e-01  -8.481578e-01  -3.511686e-02;
  -8.481578e-01   3.516137e-01   3.679132e-02;
  -3.511686e-02   3.679132e-02  -4.981728e-01]
E=[ ...        
   1.112701e+06  -8.852220e+05  -7.036423e-02;
  -8.852220e+05   7.317632e+05   9.996565e-01;
  -7.036423e-02   9.996565e-01  -4.999358e-01]
e=[ ...        
  -6.058209e+02  -1.412479e+03   1.548284e+03;
  -1.412479e+03  -3.289995e+03   3.606866e+03;
   1.548284e+03   3.606866e+03  -3.953155e+03]
intgraF=[ ...  
   4.848303e-01  -6.109892e-01  -4.565095e-02;
  -1.110446e+00   1.054605e+00   3.592259e-02;
  -4.907874e-01   4.666128e-01   1.672961e-02]
F=[ ...        
   6.124013e+02  -2.834709e+02   4.730624e-03;
  -1.115774e+03   9.220046e+02  -3.918532e-03;
  -7.780843e+02   7.301228e+02   9.523345e-03]
R=[ ...        
   8.302908e-01   4.831204e-01  -2.778704e-01;
  -5.334135e-01   5.443613e-01  -6.474109e-01;
  -1.615155e-01   6.857591e-01   7.096811e-01]
U=[ ...        
   1.229313e+03  -8.450991e+02   4.479823e-03;
  -8.450991e+02   8.656414e+02   6.683084e-03;
   4.479823e-03   6.683084e-03   7.980938e-03]
l=[ ...        
   3.676714e-02  -9.513768e-03  -1.327010e-02;
   1.913798e-01   1.620164e-02  -2.054327e-02;
  -2.952775e-02   2.793654e-03   7.050864e-03]
d=[ ...        
   3.676714e-02   9.093304e-02  -2.139892e-02;
   9.093304e-02   1.620164e-02  -8.874810e-03;
  -2.139892e-02  -8.874810e-03   7.050864e-03]
     iteration=        2900000       process=              7       (i,j,k)=              1              1              1       (x,y,z)=   1.500000e-02   1.500000e-02   1.575983e-02     particles=             48
fabric=[ ...   
   3.295687e-01  -1.015338e-02  -9.363665e-03;
  -1.015338e-02   3.120910e-01  -6.333302e-03;
  -9.363665e-03  -6.333302e-03   3.583403e-01]
sigma=[ ...    
  -7.722990e+01   4.733906e-01   1.206742e+01;
   4.733838e-01  -7.539533e+01   4.092063e+00;
   1.206743e+01   4.092040e+00  -1.002021e+02]
sigmaDot=[ ... 
   1.220747e+00   9.038714e-01   2.070272e+00;
   1.851037e+00   1.826059e+00   3.239833e+00;
   3.352558e+00   4.381407e+00  -7.832265e-01]
intgraE=[ ...  
   1.740593e-02   7.398291e-02  -9.779643e-02;
   7.398291e-02   1.064827e-02  -3.851894e-02;
  -9.779643e-02  -3.851894e-02  -4.664300e-01]
E=[ ...        
   6.940563e+05  -5.277906e+05   1.521941e+01;
  -5.277906e+05   4.208986e+05  -1.237949e+01;
   1.521941e+01  -1.237949e+01  -4.996319e-01]
e=[ ...        
  -2.902939e+04  -1.319531e+04  -7.425109e+04;
  -1.319531e+04  -5.997323e+03  -3.375025e+04;
  -7.425109e+04  -3.375025e+04  -1.899149e+05]
intgraF=[ ...  
   1.008011e+00   2.683120e-02  -1.737981e-01;
   1.045809e-01   9.911030e-01  -3.574203e-02;
  -8.825155e-02  -1.956823e-01   1.888298e-01]
F=[ ...        
  -6.868624e+02   6.663999e+02  -2.046772e-02;
  -8.595599e+02   5.223412e+02  -1.319020e-02;
   4.212961e+02  -3.533681e+02   1.196912e-02]
R=[ ...        
  -9.087297e-02   9.288243e-01   3.592039e-01;
  -9.737723e-01  -1.584258e-01   1.633060e-01;
   2.085898e-01  -3.349427e-01   9.188600e-01]
U=[ ...        
   9.873109e+02  -6.429081e+02   1.720085e-02;
  -6.429081e+02   6.545742e+02  -2.093021e-02;
   1.720085e-02  -2.093021e-02   1.491818e-03]
l=[ ...        
  -3.187804e-08  -1.627253e-07   9.830955e-08;
   2.541492e-09   2.024799e-07  -2.551068e-08;
   4.072722e-09   2.448855e-07  -4.961578e-08]
d=[ ...        
  -3.187804e-08  -8.009190e-08   5.119114e-08;
  -8.009190e-08   2.024799e-07   1.096874e-07;
   5.119114e-08   1.096874e-07  -4.961578e-08]
