     iteration=        2650000       process=              0       (i,j,k)=              0              0              0       (x,y,z)=   5.000000e-03   5.000000e-03   5.253276e-03     particles=             80
fabric=[ ...   
   3.406678e-01   6.656465e-03  -4.458123e-04;
   6.656465e-03   3.072828e-01   6.064401e-04;
  -4.458123e-04   6.064401e-04   3.520494e-01]
sigma=[ ...    
  -3.167739e+02  -2.420688e+01   2.398961e+01;
  -2.420683e+01  -2.444918e+02  -2.607480e+01;
   2.398932e+01  -2.607473e+01  -3.731153e+02]
sigmaDot=[ ... 
   2.195394e+01  -2.406765e+00   3.901182e+00;
  -1.729804e+00  -8.262086e+00   1.007323e+00;
   6.021982e+00   2.033067e-01  -8.375782e+00]
intgraE=[ ...  
   4.534738e+01  -1.806647e+01  -6.087708e-02;
  -1.806647e+01   1.189025e+01   8.610390e-03;
  -6.087708e-02   8.610390e-03  -4.998743e-01]
E=[ ...        
   1.872980e+05  -5.112724e+04  -1.984205e+00;
  -5.112724e+04   8.857813e+05   1.443056e+00;
  -1.984205e+00   1.443056e+00  -4.997945e-01]
e=[ ...        
  -4.102438e+01  -4.339389e+00  -2.341048e+02;
  -4.339389e+00   4.652350e-02  -2.446447e+01;
  -2.341048e+02  -2.446447e+01  -1.319329e+03]
intgraF=[ ...  
   6.094548e+00  -3.971976e+00  -3.536078e-03;
  -5.118932e-01   2.635024e+00  -6.447447e-03;
  -7.368121e+00   1.435467e+00   1.404751e-02]
F=[ ...        
   5.034002e+02  -8.521994e+02  -2.726016e-03;
  -3.380714e+02  -1.008202e+03   2.793277e-03;
  -8.302417e+01   1.698471e+02   1.989549e-02]
R=[ ...        
   7.728128e-01  -6.101403e-01   1.746113e-01;
  -6.220941e-01  -7.827297e-01   1.825377e-02;
  -1.255361e-01   1.227314e-01   9.844682e-01]
U=[ ...        
   6.097689e+02  -5.271595e+01  -6.341983e-03;
  -5.271595e+01   1.329957e+03   1.918673e-03;
  -6.341983e-03   1.918673e-03   1.916147e-02]
l=[ ...        
  -1.235189e-02  -1.713513e-03   5.321307e-04;
  -1.109305e-02  -1.538424e-03   4.767895e-04;
  -1.427083e-04  -1.911689e-05   5.682190e-06]
d=[ ...        
  -1.235189e-02  -6.403281e-03   1.947112e-04;
  -6.403281e-03  -1.538424e-03   2.288363e-04;
   1.947112e-04   2.288363e-04   5.682190e-06]
     iteration=        2650000       process=              1       (i,j,k)=              0              0              1       (x,y,z)=   5.000000e-03   5.000000e-03   1.575983e-02     particles=             46
fabric=[ ...   
   3.564787e-01  -1.130125e-02   2.350287e-02;
  -1.130125e-02   3.196542e-01   3.392486e-04;
   2.350287e-02   3.392486e-04   3.238671e-01]
sigma=[ ...    
  -6.730109e+01   8.008994e+00   7.333861e-01;
   8.009025e+00  -7.668747e+01   1.514150e+00;
   7.333534e-01   1.514070e+00  -1.060205e+02]
sigmaDot=[ ... 
   5.218402e+00   4.879525e+00   4.654063e+00;
   1.229066e+01  -3.671832e+00   7.230165e+00;
   2.302581e+00   8.210930e+00   2.153293e+01]
intgraE=[ ...  
   9.541108e-02  -6.456878e-02  -6.784939e-01;
  -6.456878e-02   1.150404e-02   3.409815e-01;
  -6.784939e-01   3.409815e-01   3.604720e+00]
E=[ ...        
   6.649840e+05  -8.275410e+05   3.175638e+00;
  -8.275410e+05   1.803571e+06  -2.435673e+01;
   3.175638e+00  -2.435673e+01  -4.994458e-01]
e=[ ...        
  -1.548338e+05  -7.116022e+04   1.213529e+05;
  -7.116022e+04  -3.270398e+04   5.577248e+04;
   1.213529e+05   5.577248e+04  -9.511092e+04]
intgraF=[ ...  
   9.981293e-01   3.866720e-04  -9.610484e-02;
  -3.448875e-02   9.878713e-01   6.129176e-02;
  -4.397393e-01   2.170674e-01   2.862944e+00]
F=[ ...        
   4.045325e+02  -1.217120e+03   1.976895e-02;
  -1.073970e+03   1.174091e+03  -1.298042e-03;
  -1.136228e+02  -8.644495e+02   2.675489e-02]
R=[ ...        
   6.245678e-03  -6.724523e-01  -7.401141e-01;
  -8.660895e-01   3.663227e-01  -3.401420e-01;
  -4.998499e-01  -6.431295e-01   5.801160e-01]
U=[ ...        
   9.894754e+02  -5.923744e+02  -1.212574e-02;
  -5.923744e+02   1.804504e+03  -3.097603e-02;
  -1.212574e-02  -3.097603e-02   1.331182e-03]
l=[ ...        
   2.414223e-07  -1.754624e-07  -9.136084e-08;
  -2.354159e-07  -3.399602e-08   2.637606e-07;
  -5.137058e-07   1.476572e-07  -1.687636e-09]
d=[ ...        
   2.414223e-07  -2.054392e-07  -3.025333e-07;
  -2.054392e-07  -3.399602e-08   2.057089e-07;
  -3.025333e-07   2.057089e-07  -1.687636e-09]
     iteration=        2650000       process=              2       (i,j,k)=              0              1              0       (x,y,z)=   5.000000e-03   1.500000e-02   5.253276e-03     particles=             81
fabric=[ ...   
   3.310387e-01  -4.782211e-04   1.680511e-03;
  -4.782211e-04   3.223755e-01   1.541111e-02;
   1.680511e-03   1.541111e-02   3.465859e-01]
sigma=[ ...    
  -2.983016e+02  -7.140396e+00   2.962645e+01;
  -7.140534e+00  -2.536583e+02  -3.484594e+01;
   2.962647e+01  -3.484578e+01  -2.910589e+02]
sigmaDot=[ ... 
   3.360186e+00  -6.175637e+00   1.234922e+00;
  -5.560057e+00   3.966522e+00  -1.620223e-01;
   9.453812e-01  -7.173493e-01   1.978445e+00]
intgraE=[ ...  
   1.494374e+01  -1.573175e+01  -2.006865e-01;
  -1.573175e+01   1.588615e+01   2.068436e-01;
  -2.006865e-01   2.068436e-01  -4.973758e-01]
E=[ ...        
   3.428383e+05   1.217647e+05   6.584590e+02;
   1.217647e+05   1.984156e+05   3.941759e+01;
   6.584590e+02   3.941759e+01   1.010289e+00]
e=[ ...        
  -6.260399e+01   6.131502e+01   1.417004e+01;
   6.131502e+01  -5.907677e+01  -1.376833e+01;
   1.417004e+01  -1.376833e+01  -2.681893e+00]
intgraF=[ ...  
   4.292846e+00  -4.910897e+00  -5.941478e-02;
   1.162460e+00  -9.054617e-01  -1.383831e-02;
   3.332812e+00  -2.799201e+00  -3.907450e-02]
F=[ ...        
  -4.847232e+02   4.784705e+01  -1.251282e+00;
  -3.692958e+02   1.877671e+02  -1.065562e+00;
  -5.606618e+02  -5.994051e+02  -5.651983e-01]
R=[ ...        
  -6.529557e-01   2.638451e-01  -7.099540e-01;
  -5.567834e-01   4.682495e-01   6.861011e-01;
  -5.134599e-01  -8.432842e-01   1.588416e-01]
U=[ ...        
   8.099979e+02   1.719829e+02   1.700526e+00;
   1.719829e+02   6.060148e+02  -3.524705e-01;
   1.700526e+00  -3.524705e-01   6.749301e-02]
l=[ ...        
  -3.551940e-03   4.411477e-04   4.190395e-03;
   1.217024e-02  -4.221548e-04   1.736564e-04;
  -6.459776e-05  -8.428150e-06  -1.421854e-04]
d=[ ...        
  -3.551940e-03   6.305695e-03   2.062899e-03;
   6.305695e-03  -4.221548e-04   8.261414e-05;
   2.062899e-03   8.261414e-05  -1.421854e-04]
     iteration=        2650000       process=              3       (i,j,k)=              0              1              1       (x,y,z)=   5.000000e-03   1.500000e-02   1.575983e-02     particles=             39
fabric=[ ...   
   3.401815e-01   1.686212e-02   1.969632e-02;
   1.686212e-02   3.265017e-01   1.242659e-03;
   1.969632e-02   1.242659e-03   3.333168e-01]
sigma=[ ...    
  -1.011187e+02  -1.033267e+01  -9.153797e+00;
  -1.033554e+01  -8.793209e+01  -1.330758e+00;
  -9.149536e+00  -1.331089e+00  -1.335952e+02]
sigmaDot=[ ... 
  -2.535715e-01  -5.155835e+00  -4.799754e+00;
  -4.182610e+00  -8.616809e-02   2.194302e+00;
  -3.744435e+00   2.933544e+00  -4.426320e+00]
intgraE=[ ...  
  -4.111339e-02   7.395219e-02  -3.250967e-02;
   7.395219e-02   7.158015e-02  -4.380868e-02;
  -3.250967e-02  -4.380868e-02  -1.447513e-01]
E=[ ...        
   5.583398e+05  -5.822769e+05   7.690052e+00;
  -5.822769e+05   9.226772e+05  -3.401780e-01;
   7.690052e+00  -3.401780e-01  -4.995268e-01]
e=[ ...        
   4.554944e-01   3.669112e+00   6.945746e+00;
   3.669112e+00  -3.020003e+02  -5.726428e+02;
   6.945746e+00  -5.726428e+02  -1.083531e+03]
intgraF=[ ...  
   9.471465e-01  -1.347465e-04  -9.096779e-02;
   1.362075e-01   1.067701e+00  -1.257955e-01;
   4.619818e-02   5.634627e-02   8.284913e-01]
F=[ ...        
  -5.269569e+02  -1.389115e+02  -2.412641e-02;
  -8.112992e+02   1.194482e+03   6.177618e-03;
   4.251949e+02  -6.318790e+02   1.805860e-02]
R=[ ...        
  -8.718898e-01  -4.896688e-01  -5.711410e-03;
  -4.353032e-01   7.696402e-01   4.670815e-01;
   2.243195e-01  -4.097298e-01   8.841958e-01]
U=[ ...        
   9.079890e+02  -5.405892e+02   2.239733e-02;
  -5.405892e+02   1.246242e+03   9.169347e-03;
   2.239733e-02   9.169347e-03   1.899058e-02]
l=[ ...        
  -4.375195e-08  -8.321213e-08  -9.067976e-08;
   3.089613e-08  -7.839451e-09   1.524384e-07;
  -5.101380e-09  -1.682246e-07  -6.439451e-08]
d=[ ...        
  -4.375195e-08  -2.615800e-08  -4.789057e-08;
  -2.615800e-08  -7.839451e-09  -7.893083e-09;
  -4.789057e-08  -7.893083e-09  -6.439451e-08]
     iteration=        2650000       process=              4       (i,j,k)=              1              0              0       (x,y,z)=   1.500000e-02   5.000000e-03   5.253276e-03     particles=             77
fabric=[ ...   
   3.321828e-01   4.593632e-03  -1.142250e-02;
   4.593632e-03   3.199302e-01   2.028343e-02;
  -1.142250e-02   2.028343e-02   3.478870e-01]
sigma=[ ...    
  -2.893879e+02   1.829186e+01  -3.920957e+00;
   1.829299e+01  -2.591316e+02  -4.830353e+01;
  -3.916224e+00  -4.829911e+01  -3.700474e+02]
sigmaDot=[ ... 
   3.614642e+01   1.354773e+02  -1.017611e+02;
   8.115050e+01   1.813107e+01  -1.796487e+02;
  -1.254811e+01  -1.286606e+02   1.762501e+02]
intgraE=[ ...  
   1.997168e+01  -1.506970e+00   1.549174e-02;
  -1.506970e+00   2.806997e+00   2.983754e-02;
   1.549174e-02   2.983754e-02  -4.996866e-01]
E=[ ...        
   1.458580e+06  -7.915569e+05   8.648054e+00;
  -7.915569e+05   4.651351e+05  -4.766038e+00;
   8.648054e+00  -4.766038e+00  -4.996759e-01]
e=[ ...        
  -7.130808e+02   2.837058e+02   2.542216e+02;
   2.837058e+02  -1.122959e+02  -1.010735e+02;
   2.542216e+02  -1.010735e+02  -9.006943e+01]
intgraF=[ ...  
   4.235402e+00   9.829316e-01   1.482418e-02;
   8.721463e-01   1.543402e+00   1.753229e-02;
   4.716364e+00  -1.807138e+00  -9.985150e-03]
F=[ ...        
  -7.232044e+00  -1.216724e+02  -2.038549e-02;
  -1.149853e+03   4.503991e+02   1.727997e-03;
   1.262912e+03  -8.441609e+02   1.515199e-02]
R=[ ...        
  -2.039286e-01  -4.244978e-01  -8.821648e-01;
  -8.860322e-01  -3.032110e-01   3.507278e-01;
   4.163652e-01  -8.531499e-01   3.142853e-01]
U=[ ...        
   1.546115e+03  -7.257349e+02   8.934884e-03;
  -7.257349e+02   6.352795e+02  -4.797271e-03;
   8.934884e-03  -4.797271e-03   2.335146e-02]
l=[ ...        
  -3.075429e-07  -2.507377e-04  -2.006780e-04;
   1.385391e-06  -6.582829e-05  -2.857468e-05;
   1.613666e-06  -1.219200e-05  -2.239487e-06]
d=[ ...        
  -3.075429e-07  -1.246761e-04  -9.953217e-05;
  -1.246761e-04  -6.582829e-05  -2.038334e-05;
  -9.953217e-05  -2.038334e-05  -2.239487e-06]
     iteration=        2650000       process=              5       (i,j,k)=              1              0              1       (x,y,z)=   1.500000e-02   5.000000e-03   1.575983e-02     particles=             35
fabric=[ ...   
   3.330019e-01   1.096332e-02   3.956544e-03;
   1.096332e-02   3.613500e-01   2.199393e-03;
   3.956544e-03   2.199393e-03   3.056481e-01]
sigma=[ ...    
  -1.121411e+02  -1.652957e+00   9.871526e-01;
  -1.652706e+00  -1.197350e+02   1.530250e+01;
   9.866488e-01   1.530248e+01  -1.337106e+02]
sigmaDot=[ ... 
   1.448011e+01   1.094535e+01   2.296874e+01;
   2.538305e+01  -1.867860e+01  -2.189817e+01;
   3.337367e+01  -1.590431e+01   7.024132e+01]
intgraE=[ ...  
  -9.614582e-03   1.044752e-02  -6.499426e-02;
   1.044752e-02   4.347372e-02   1.493198e-01;
  -6.499426e-02   1.493198e-01  -4.027498e-01]
E=[ ...        
   1.446285e+06  -4.948988e+05  -6.632022e+03;
  -4.948988e+05   9.678349e+05   9.123866e+03;
  -6.632022e+03   9.123866e+03   1.197083e+02]
e=[ ...        
   4.994273e-01  -2.034181e-03   3.976825e-04;
  -2.034181e-03   4.927722e-01   1.413318e-03;
   3.976825e-04   1.413318e-03   4.997233e-01]
intgraF=[ ...  
   9.892159e-01   2.952763e-02  -1.144071e-01;
   2.639684e-03   1.015634e+00   2.124687e-01;
  -4.707102e-02   2.335857e-01   3.691455e-01]
F=[ ...        
  -1.124083e+03   1.271325e+03   1.067151e+01;
   5.422837e+02  -2.595663e+02  -1.056540e+01;
   1.155394e+03   5.020247e+02   3.861076e+00]
R=[ ...        
  -5.138166e-01   8.180652e-01  -2.583831e-01;
   3.000325e-01  -1.108089e-01  -9.474713e-01;
   8.037244e-01   5.643498e-01   1.885107e-01]
U=[ ...        
   1.668894e+03  -3.276168e+02  -5.549920e+00;
  -3.276168e+02   1.352107e+03   1.207973e+01;
  -5.549920e+00   1.207973e+01   7.980928e+00]
l=[ ...        
  -1.953721e-07   1.932131e-06   3.225504e-06;
  -9.889364e-08  -1.312635e-08   6.607338e-07;
  -1.200334e-06  -3.977762e-08   5.005147e-07]
d=[ ...        
  -1.953721e-07   9.166186e-07   1.012585e-06;
   9.166186e-07  -1.312635e-08   3.104781e-07;
   1.012585e-06   3.104781e-07   5.005147e-07]
     iteration=        2650000       process=              6       (i,j,k)=              1              1              0       (x,y,z)=   1.500000e-02   1.500000e-02   5.253276e-03     particles=             70
fabric=[ ...   
   3.126053e-01  -2.098732e-03   1.069112e-02;
  -2.098732e-03   3.301090e-01   2.139240e-02;
   1.069112e-02   2.139240e-02   3.572857e-01]
sigma=[ ...    
  -3.134785e+02  -4.045892e+01   1.804265e+01;
  -4.046229e+01  -3.481478e+02   2.112086e+01;
   1.804581e+01   2.111469e+01  -3.546349e+02]
sigmaDot=[ ... 
  -1.438137e+01   2.478890e-01   7.871849e-01;
   2.012678e+00  -1.210384e+01  -6.391228e+00;
  -2.574522e+00  -3.061859e+00  -1.269176e+01]
intgraE=[ ...  
   3.554512e-01  -8.489406e-01  -3.512533e-02;
  -8.489406e-01   3.522556e-01   3.679637e-02;
  -3.512533e-02   3.679637e-02  -4.981732e-01]
E=[ ...        
   1.325378e+06  -1.084164e+06  -1.231327e+00;
  -1.084164e+06   9.152669e+05   1.964234e+00;
  -1.231327e+00   1.964234e+00  -4.999350e-01]
e=[ ...        
  -4.323203e+02  -1.126770e+03   1.401705e+03;
  -1.126770e+03  -2.932841e+03   3.649087e+03;
   1.401705e+03   3.649087e+03  -4.538977e+03]
intgraF=[ ...  
   4.845687e-01  -6.107594e-01  -4.564626e-02;
  -1.111464e+00   1.055398e+00   3.592092e-02;
  -4.906566e-01   4.664958e-01   1.672679e-02]
F=[ ...        
   5.939413e+02  -2.709999e+02   4.822817e-03;
  -1.265795e+03   1.072748e+03  -2.411339e-03;
  -8.341191e+02   7.786558e+02   1.004579e-02]
R=[ ...        
   8.204106e-01   5.217246e-01  -2.339442e-01;
  -5.419226e-01   5.790353e-01  -6.091289e-01;
  -1.823356e-01   6.265155e-01   7.577810e-01]
U=[ ...        
   1.325328e+03  -9.456545e+02   3.431745e-03;
  -9.456545e+02   9.676117e+02   7.413773e-03;
   3.431745e-03   7.413773e-03   7.953054e-03]
l=[ ...        
   4.136210e-02   9.529162e-03  -1.212760e-02;
   1.917360e-01  -1.087190e-01   8.129479e-02;
  -3.910666e-02  -2.249184e-02   2.097597e-02]
d=[ ...        
   4.136210e-02   1.006326e-01  -2.561713e-02;
   1.006326e-01  -1.087190e-01   2.940147e-02;
  -2.561713e-02   2.940147e-02   2.097597e-02]
     iteration=        2650000       process=              7       (i,j,k)=              1              1              1       (x,y,z)=   1.500000e-02   1.500000e-02   1.575983e-02     particles=             48
fabric=[ ...   
   3.295687e-01  -1.015338e-02  -9.363665e-03;
  -1.015338e-02   3.120910e-01  -6.333302e-03;
  -9.363665e-03  -6.333302e-03   3.583403e-01]
sigma=[ ...    
  -7.722691e+01   4.714197e-01   1.207283e+01;
   4.714299e-01  -7.538073e+01   4.096600e+00;
   1.207285e+01   4.096597e+00  -1.001985e+02]
sigmaDot=[ ... 
   5.915211e-01   1.856441e+00  -1.163978e+00;
   1.698268e+00   6.872076e+00   6.719402e+00;
  -2.161992e+00   6.415478e+00  -4.316517e+00]
intgraE=[ ...  
   1.740594e-02   7.398291e-02  -9.779643e-02;
   7.398291e-02   1.064827e-02  -3.851895e-02;
  -9.779643e-02  -3.851895e-02  -4.664300e-01]
E=[ ...        
   6.940563e+05  -5.277906e+05   1.521941e+01;
  -5.277906e+05   4.208986e+05  -1.237949e+01;
   1.521941e+01  -1.237949e+01  -4.996319e-01]
e=[ ...        
  -2.902457e+04  -1.319312e+04  -7.423877e+04;
  -1.319312e+04  -5.996328e+03  -3.374465e+04;
  -7.423877e+04  -3.374465e+04  -1.898834e+05]
intgraF=[ ...  
   1.008011e+00   2.683121e-02  -1.737981e-01;
   1.045809e-01   9.911030e-01  -3.574203e-02;
  -8.825154e-02  -1.956823e-01   1.888298e-01]
F=[ ...        
  -6.868624e+02   6.663999e+02  -2.046772e-02;
  -8.595599e+02   5.223412e+02  -1.319020e-02;
   4.212961e+02  -3.533681e+02   1.196912e-02]
R=[ ...        
  -9.087297e-02   9.288243e-01   3.592039e-01;
  -9.737723e-01  -1.584258e-01   1.633060e-01;
   2.085898e-01  -3.349427e-01   9.188600e-01]
U=[ ...        
   9.873109e+02  -6.429081e+02   1.720085e-02;
  -6.429081e+02   6.545742e+02  -2.093021e-02;
   1.720085e-02  -2.093021e-02   1.491818e-03]
l=[ ...        
  -8.540522e-09   3.329612e-08   2.414475e-08;
  -1.200026e-07   1.402228e-07   6.610841e-07;
  -9.885821e-08   3.992957e-08  -3.418436e-08]
d=[ ...        
  -8.540522e-09  -4.335323e-08  -3.735673e-08;
  -4.335323e-08   1.402228e-07   3.505068e-07;
  -3.735673e-08   3.505068e-07  -3.418436e-08]
