     iteration=        3750000       process=              0       (i,j,k)=              0              0              0       (x,y,z)=   5.000000e-03   5.000000e-03   5.253276e-03     particles=             80
fabric=[ ...   
   3.406930e-01   6.662155e-03  -4.596977e-04;
   6.662155e-03   3.072351e-01   5.832520e-04;
  -4.596977e-04   5.832520e-04   3.520719e-01]
sigma=[ ...    
  -3.166850e+02  -2.427247e+01   2.415554e+01;
  -2.427258e+01  -2.445851e+02  -2.612708e+01;
   2.415551e+01  -2.612724e+01  -3.729065e+02]
sigmaDot=[ ... 
  -5.262677e+00  -2.007828e+01   1.459751e+01;
  -1.678993e+01   2.873234e+01   2.345064e+00;
   9.215884e+00   3.044091e+00   2.148766e+01]
intgraE=[ ...  
   4.534943e+01  -1.806735e+01  -6.087960e-02;
  -1.806735e+01   1.189059e+01   8.611606e-03;
  -6.087960e-02   8.611606e-03  -4.998743e-01]
E=[ ...        
   1.862839e+05  -5.324657e+04  -1.989188e+00;
  -5.324657e+04   8.838396e+05   1.420273e+00;
  -1.989188e+00   1.420273e+00  -4.997947e-01]
e=[ ...        
  -4.154185e+01  -3.899516e+00  -2.357259e+02;
  -3.899516e+00   1.383065e-01  -2.186433e+01;
  -2.357259e+02  -2.186433e+01  -1.321199e+03]
intgraF=[ ...  
   6.094915e+00  -3.972189e+00  -3.536369e-03;
  -5.115589e-01   2.634830e+00  -6.447713e-03;
  -7.368118e+00   1.435466e+00   1.404751e-02]
F=[ ...        
   5.031563e+02  -8.531976e+02  -2.707293e-03;
  -3.351328e+02  -1.005604e+03   2.810441e-03;
  -8.419425e+01   1.688036e+02   1.988631e-02]
R=[ ...        
   7.724814e-01  -6.102912e-01   1.755480e-01;
  -6.221123e-01  -7.827585e-01   1.628915e-02;
  -1.274706e-01   1.217937e-01   9.843361e-01]
U=[ ...        
   6.079014e+02  -5.499813e+01  -6.374664e-03;
  -5.499813e+01   1.328403e+03   1.874368e-03;
  -6.374664e-03   1.874368e-03   1.914534e-02]
l=[ ...        
   1.950873e-02   2.704229e-03  -8.394707e-04;
   1.814123e-02   2.515325e-03  -7.803989e-04;
  -8.266723e-05  -1.176678e-05   3.870654e-06]
d=[ ...        
   1.950873e-02   1.042273e-02  -4.610690e-04;
   1.042273e-02   2.515325e-03  -3.960828e-04;
  -4.610690e-04  -3.960828e-04   3.870654e-06]
     iteration=        3750000       process=              1       (i,j,k)=              0              0              1       (x,y,z)=   5.000000e-03   5.000000e-03   1.575983e-02     particles=             46
fabric=[ ...   
   3.546013e-01  -9.976435e-03   2.483709e-02;
  -9.976435e-03   3.200316e-01   3.457356e-03;
   2.483709e-02   3.457356e-03   3.253672e-01]
sigma=[ ...    
  -6.660761e+01   8.018924e+00   9.613348e-01;
   8.018773e+00  -7.674401e+01   1.478448e+00;
   9.614789e-01   1.478448e+00  -1.060734e+02]
sigmaDot=[ ... 
   2.659535e+01  -1.389078e+01  -3.687384e+01;
  -1.949094e+01   2.120065e+01   1.208190e+01;
  -3.682207e+01   7.730410e+00   1.374770e+01]
intgraE=[ ...  
   9.541131e-02  -6.456886e-02  -6.784942e-01;
  -6.456886e-02   1.150406e-02   3.409816e-01;
  -6.784942e-01   3.409816e-01   3.604721e+00]
E=[ ...        
   6.649840e+05  -8.275410e+05   3.175635e+00;
  -8.275410e+05   1.803571e+06  -2.435672e+01;
   3.175635e+00  -2.435672e+01  -4.994458e-01]
e=[ ...        
  -1.548338e+05  -7.116022e+04   1.213528e+05;
  -7.116022e+04  -3.270398e+04   5.577248e+04;
   1.213528e+05   5.577248e+04  -9.511092e+04]
intgraF=[ ...  
   9.981295e-01   3.866021e-04  -9.610513e-02;
  -3.448883e-02   9.878713e-01   6.129197e-02;
  -4.397393e-01   2.170674e-01   2.862944e+00]
F=[ ...        
   4.045324e+02  -1.217120e+03   1.976895e-02;
  -1.073970e+03   1.174091e+03  -1.298039e-03;
  -1.136228e+02  -8.644495e+02   2.675489e-02]
R=[ ...        
   6.245659e-03  -6.724523e-01  -7.401141e-01;
  -8.660895e-01   3.663228e-01  -3.401420e-01;
  -4.998499e-01  -6.431294e-01   5.801160e-01]
U=[ ...        
   9.894754e+02  -5.923744e+02  -1.212574e-02;
  -5.923744e+02   1.804504e+03  -3.097603e-02;
  -1.212574e-02  -3.097603e-02   1.331180e-03]
l=[ ...        
   9.193376e-07  -3.545055e-07  -4.426083e-07;
   1.095382e-07   4.356575e-07   1.563165e-07;
   9.746334e-07  -4.379823e-09   4.391695e-07]
d=[ ...        
   9.193376e-07  -1.224837e-07   2.660126e-07;
  -1.224837e-07   4.356575e-07   7.596834e-08;
   2.660126e-07   7.596834e-08   4.391695e-07]
     iteration=        3750000       process=              2       (i,j,k)=              0              1              0       (x,y,z)=   5.000000e-03   1.500000e-02   5.253276e-03     particles=             81
fabric=[ ...   
   3.310362e-01  -4.694941e-04   1.686971e-03;
  -4.694941e-04   3.223807e-01   1.541942e-02;
   1.686971e-03   1.541942e-02   3.465831e-01]
sigma=[ ...    
  -2.983526e+02  -7.118634e+00   2.963858e+01;
  -7.118771e+00  -2.536779e+02  -3.485367e+01;
   2.963858e+01  -3.485347e+01  -2.910224e+02]
sigmaDot=[ ... 
  -8.143305e+00   6.196359e+00  -6.919563e-01;
   5.705025e+00  -8.592406e+00   1.470378e+00;
  -3.371644e-01   1.593981e+00  -3.575238e+00]
intgraE=[ ...  
   1.494218e+01  -1.573027e+01  -2.006669e-01;
  -1.573027e+01   1.588482e+01   2.068255e-01;
  -2.006669e-01   2.068255e-01  -4.973760e-01]
E=[ ...        
   3.416892e+05   1.212499e+05   6.570215e+02;
   1.212499e+05   1.985446e+05   3.805436e+01;
   6.570215e+02   3.805436e+01   1.009956e+00]
e=[ ...        
  -6.673687e+01   6.536338e+01   1.545773e+01;
   6.536338e+01  -6.304209e+01  -1.502702e+01;
   1.545773e+01  -1.502702e+01  -3.053728e+00]
intgraF=[ ...  
   4.292576e+00  -4.910703e+00  -5.941183e-02;
   1.162068e+00  -9.049941e-01  -1.383276e-02;
   3.332829e+00  -2.799218e+00  -3.907472e-02]
F=[ ...        
  -4.851241e+02   4.748551e+01  -1.251510e+00;
  -3.665849e+02   1.904565e+02  -1.065036e+00;
  -5.600443e+02  -5.988002e+02  -5.650971e-01]
R=[ ...        
  -6.540542e-01   2.627226e-01  -7.093588e-01;
  -5.545845e-01   4.711986e-01   6.858628e-01;
  -5.144406e-01  -8.419909e-01   1.624876e-01]
U=[ ...        
   8.087093e+02   1.713648e+02   1.699916e+00;
   1.713648e+02   6.064027e+02  -3.548367e-01;
   1.699916e+00  -3.548367e-01   6.547958e-02]
l=[ ...        
   7.741839e-04  -3.243415e-04  -3.959646e-03;
  -3.428119e-03   1.787539e-04   7.506107e-04;
   3.820101e-05   7.306896e-06   1.155996e-04]
d=[ ...        
   7.741839e-04  -1.876231e-03  -1.960723e-03;
  -1.876231e-03   1.787539e-04   3.789588e-04;
  -1.960723e-03   3.789588e-04   1.155996e-04]
     iteration=        3750000       process=              3       (i,j,k)=              0              1              1       (x,y,z)=   5.000000e-03   1.500000e-02   1.575983e-02     particles=             39
fabric=[ ...   
   3.401740e-01   1.688024e-02   1.970774e-02;
   1.688024e-02   3.265121e-01   1.254537e-03;
   1.970774e-02   1.254537e-03   3.333139e-01]
sigma=[ ...    
  -1.011562e+02  -1.031149e+01  -9.121204e+00;
  -1.031424e+01  -8.801515e+01  -1.374562e+00;
  -9.117041e+00  -1.374889e+00  -1.335808e+02]
sigmaDot=[ ... 
  -5.981254e+00   1.298296e+01   6.833006e+00;
   1.253245e+01  -1.526529e+01  -3.165068e+00;
   5.877263e+00  -3.112718e+00   5.162141e+00]
intgraE=[ ...  
  -4.111339e-02   7.395220e-02  -3.250967e-02;
   7.395220e-02   7.158015e-02  -4.380867e-02;
  -3.250967e-02  -4.380867e-02  -1.447513e-01]
E=[ ...        
   5.583492e+05  -5.816866e+05   7.701548e+00;
  -5.816866e+05   9.211531e+05  -3.567637e-01;
   7.701548e+00  -3.567637e-01  -4.995269e-01]
e=[ ...        
   4.458642e-01   4.048439e+00   7.657592e+00;
   4.048439e+00  -3.022653e+02  -5.726784e+02;
   7.657592e+00  -5.726784e+02  -1.082717e+03]
intgraF=[ ...  
   9.471465e-01  -1.347448e-04  -9.096779e-02;
   1.362075e-01   1.067701e+00  -1.257955e-01;
   4.619818e-02   5.634630e-02   8.284913e-01]
F=[ ...        
  -5.269615e+02  -1.391606e+02  -2.412766e-02;
  -8.113059e+02   1.193211e+03   6.151856e-03;
   4.251984e+02  -6.318142e+02   1.806165e-02]
R=[ ...        
  -8.717082e-01  -4.899849e-01  -6.295563e-03;
  -4.357464e-01   7.692099e-01   4.673770e-01;
   2.241651e-01  -4.101596e-01   8.840357e-01]
U=[ ...        
   9.081949e+02  -5.402606e+02   2.240042e-02;
  -5.402606e+02   1.245161e+03   9.146096e-03;
   2.240042e-02   9.146096e-03   1.899428e-02]
l=[ ...        
  -6.638331e-08   1.767410e-07   1.992838e-07;
   1.546158e-07  -2.106834e-07  -1.968020e-07;
  -2.507868e-08  -3.279704e-08   4.372982e-08]
d=[ ...        
  -6.638331e-08   1.656784e-07   8.710258e-08;
   1.656784e-07  -2.106834e-07  -1.147995e-07;
   8.710258e-08  -1.147995e-07   4.372982e-08]
     iteration=        3750000       process=              4       (i,j,k)=              1              0              0       (x,y,z)=   1.500000e-02   5.000000e-03   5.253276e-03     particles=             77
fabric=[ ...   
   3.322082e-01   4.588728e-03  -1.144582e-02;
   4.588728e-03   3.198989e-01   2.026615e-02;
  -1.144582e-02   2.026615e-02   3.478929e-01]
sigma=[ ...    
  -2.896216e+02   1.832091e+01  -3.952008e+00;
   1.832355e+01  -2.594923e+02  -4.830463e+01;
  -3.941984e+00  -4.828396e+01  -3.708362e+02]
sigmaDot=[ ... 
  -6.542509e+00   2.135868e+01   2.131737e+01;
   3.638940e+00   3.502085e+00   1.572478e+02;
  -9.670535e+01  -2.608778e+02  -1.559947e+02]
intgraE=[ ...  
   1.997186e+01  -1.506866e+00   1.549308e-02;
  -1.506866e+00   2.806971e+00   2.983744e-02;
   1.549308e-02   2.983744e-02  -4.996866e-01]
E=[ ...        
   1.458676e+06  -7.916383e+05   8.648150e+00;
  -7.916383e+05   4.651998e+05  -4.766091e+00;
   8.648150e+00  -4.766091e+00  -4.996759e-01]
e=[ ...        
  -7.130201e+02   2.837009e+02   2.542323e+02;
   2.837009e+02  -1.123016e+02  -1.010847e+02;
   2.542323e+02  -1.010847e+02  -9.008479e+01]
intgraF=[ ...  
   4.235446e+00   9.829456e-01   1.482440e-02;
   8.721524e-01   1.543400e+00   1.753228e-02;
   4.716362e+00  -1.807118e+00  -9.984947e-03]
F=[ ...        
  -7.193694e+00  -1.217102e+02  -2.038588e-02;
  -1.149874e+03   4.504224e+02   1.727935e-03;
   1.262969e+03  -8.442197e+02   1.515204e-02]
R=[ ...        
  -2.039284e-01  -4.245363e-01  -8.821463e-01;
  -8.860277e-01  -3.032051e-01   3.507443e-01;
   4.163750e-01  -8.531328e-01   3.143187e-01]
U=[ ...        
   1.546156e+03  -7.257785e+02   8.935194e-03;
  -7.257785e+02   6.353315e+02  -4.796076e-03;
   8.935194e-03  -4.796076e-03   2.335197e-02]
l=[ ...        
  -7.309172e-07  -8.476532e-06  -1.244490e-05;
   1.771330e-06  -1.325667e-06  -3.275788e-06;
   2.687948e-07   2.591634e-05  -5.125421e-06]
d=[ ...        
  -7.309172e-07  -3.352601e-06  -6.088054e-06;
  -3.352601e-06  -1.325667e-06   1.132028e-05;
  -6.088054e-06   1.132028e-05  -5.125421e-06]
     iteration=        3750000       process=              5       (i,j,k)=              1              0              1       (x,y,z)=   1.500000e-02   5.000000e-03   1.575983e-02     particles=             35
fabric=[ ...   
   3.330019e-01   1.096332e-02   3.956542e-03;
   1.096332e-02   3.613500e-01   2.199406e-03;
   3.956542e-03   2.199406e-03   3.056481e-01]
sigma=[ ...    
  -1.115749e+02  -2.182772e+00   1.323883e+00;
  -2.183363e+00  -1.195325e+02   1.536955e+01;
   1.324134e+00   1.536914e+01  -1.341518e+02]
sigmaDot=[ ... 
  -1.846964e+01  -2.578771e+01  -1.518888e+01;
  -3.852290e+01   2.400314e+01   4.707826e+01;
  -3.889463e+01   3.099092e+01  -8.720070e+00]
intgraE=[ ...  
  -9.614621e-03   1.044752e-02  -6.499426e-02;
   1.044752e-02   4.347379e-02   1.493198e-01;
  -6.499426e-02   1.493198e-01  -4.027498e-01]
E=[ ...        
   1.446285e+06  -4.948990e+05  -6.632022e+03;
  -4.948990e+05   9.678354e+05   9.123866e+03;
  -6.632022e+03   9.123866e+03   1.197082e+02]
e=[ ...        
   4.994273e-01  -2.034182e-03   3.976826e-04;
  -2.034182e-03   4.927722e-01   1.413319e-03;
   3.976826e-04   1.413319e-03   4.997233e-01]
intgraF=[ ...  
   9.892159e-01   2.952765e-02  -1.144071e-01;
   2.639683e-03   1.015634e+00   2.124688e-01;
  -4.707104e-02   2.335859e-01   3.691456e-01]
F=[ ...        
  -1.124084e+03   1.271325e+03   1.067151e+01;
   5.422836e+02  -2.595662e+02  -1.056539e+01;
   1.155394e+03   5.020250e+02   3.861074e+00]
R=[ ...        
  -5.138168e-01   8.180651e-01  -2.583830e-01;
   3.000325e-01  -1.108088e-01  -9.474713e-01;
   8.037243e-01   5.643500e-01   1.885107e-01]
U=[ ...        
   1.668894e+03  -3.276169e+02  -5.549921e+00;
  -3.276169e+02   1.352107e+03   1.207972e+01;
  -5.549921e+00   1.207972e+01   7.980925e+00]
l=[ ...        
  -3.649847e-08  -2.814596e-06  -4.530799e-06;
   1.536916e-07   9.011281e-07   2.032520e-06;
  -1.939413e-07   1.386886e-06   1.308039e-06]
d=[ ...        
  -3.649847e-08  -1.330452e-06  -2.362370e-06;
  -1.330452e-06   9.011281e-07   1.709703e-06;
  -2.362370e-06   1.709703e-06   1.308039e-06]
     iteration=        3750000       process=              6       (i,j,k)=              1              1              0       (x,y,z)=   1.500000e-02   1.500000e-02   5.253276e-03     particles=             70
fabric=[ ...   
   3.123610e-01  -2.482735e-03   9.988013e-03;
  -2.482735e-03   3.305493e-01   2.181934e-02;
   9.988013e-03   2.181934e-02   3.570897e-01]
sigma=[ ...    
  -3.135964e+02  -4.048106e+01   1.804475e+01;
  -4.048814e+01  -3.484888e+02   2.111400e+01;
   1.804821e+01   2.110286e+01  -3.547308e+02]
sigmaDot=[ ... 
   1.170531e+01  -8.571780e-01  -1.870847e+00;
   1.863151e+00   1.538317e+01   1.578943e+00;
  -1.256519e+00   3.150320e-01   9.555639e+00]
intgraE=[ ...  
   3.578964e-01  -8.516795e-01  -3.528669e-02;
  -8.516795e-01   3.552696e-01   3.696662e-02;
  -3.528669e-02   3.696662e-02  -4.981646e-01]
E=[ ...        
   1.331206e+06  -1.089020e+06  -1.139998e+00;
  -1.089020e+06   9.188366e+05   1.870041e+00;
  -1.139998e+00   1.870041e+00  -4.999352e-01]
e=[ ...        
  -3.996424e+02  -1.064825e+03   1.339931e+03;
  -1.064825e+03  -2.833124e+03   3.565711e+03;
   1.339931e+03   3.565711e+03  -4.486438e+03]
intgraF=[ ...  
   4.855267e-01  -6.117828e-01  -4.570046e-02;
  -1.112804e+00   1.057174e+00   3.606206e-02;
  -4.916533e-01   4.675930e-01   1.678939e-02]
F=[ ...        
   5.956299e+02  -2.738621e+02   4.817415e-03;
  -1.270918e+03   1.078040e+03  -2.500653e-03;
  -8.321094e+02   7.749212e+02   1.000772e-02]
R=[ ...        
   8.218408e-01   5.222723e-01  -2.276165e-01;
  -5.394291e-01   5.848132e-01  -6.058134e-01;
  -1.832864e-01   6.206651e-01   7.623522e-01]
U=[ ...        
   1.327598e+03  -9.486299e+02   3.473794e-03;
  -9.486299e+02   9.683881e+02   7.265029e-03;
   3.473794e-03   7.265029e-03   8.047813e-03]
l=[ ...        
  -2.403273e-03  -3.803445e-03  -7.046633e-03;
  -2.928394e-02   2.332320e-02   4.639852e-02;
   4.823454e-03  -1.577122e-03  -6.156812e-04]
d=[ ...        
  -2.403273e-03  -1.654369e-02  -1.111589e-03;
  -1.654369e-02   2.332320e-02   2.241070e-02;
  -1.111589e-03   2.241070e-02  -6.156812e-04]
     iteration=        3750000       process=              7       (i,j,k)=              1              1              1       (x,y,z)=   1.500000e-02   1.500000e-02   1.575983e-02     particles=             48
fabric=[ ...   
   3.295687e-01  -1.015339e-02  -9.363664e-03;
  -1.015339e-02   3.120910e-01  -6.333302e-03;
  -9.363664e-03  -6.333302e-03   3.583403e-01]
sigma=[ ...    
  -7.723191e+01   5.041659e-01   1.205251e+01;
   5.041631e-01  -7.537822e+01   4.095535e+00;
   1.205253e+01   4.095536e+00  -1.002332e+02]
sigmaDot=[ ... 
   7.723598e+00   7.461349e-01  -6.804888e-01;
   1.284889e+00  -3.549381e+00   1.057440e+00;
   8.124877e-01   1.630356e+00   7.402351e+00]
intgraE=[ ...  
   1.740593e-02   7.398292e-02  -9.779643e-02;
   7.398292e-02   1.064830e-02  -3.851894e-02;
  -9.779643e-02  -3.851894e-02  -4.664300e-01]
E=[ ...        
   6.940563e+05  -5.277906e+05   1.521941e+01;
  -5.277906e+05   4.208986e+05  -1.237949e+01;
   1.521941e+01  -1.237949e+01  -4.996319e-01]
e=[ ...        
  -2.901688e+04  -1.318962e+04  -7.421909e+04;
  -1.318962e+04  -5.994738e+03  -3.373570e+04;
  -7.421909e+04  -3.373570e+04  -1.898331e+05]
intgraF=[ ...  
   1.008011e+00   2.683121e-02  -1.737981e-01;
   1.045809e-01   9.911030e-01  -3.574202e-02;
  -8.825153e-02  -1.956823e-01   1.888298e-01]
F=[ ...        
  -6.868624e+02   6.663999e+02  -2.046772e-02;
  -8.595599e+02   5.223412e+02  -1.319020e-02;
   4.212961e+02  -3.533681e+02   1.196912e-02]
R=[ ...        
  -9.087298e-02   9.288243e-01   3.592039e-01;
  -9.737723e-01  -1.584258e-01   1.633060e-01;
   2.085898e-01  -3.349427e-01   9.188600e-01]
U=[ ...        
   9.873109e+02  -6.429081e+02   1.720085e-02;
  -6.429081e+02   6.545742e+02  -2.093021e-02;
   1.720085e-02  -2.093021e-02   1.491818e-03]
l=[ ...        
   1.563942e-07   1.311790e-07   1.799682e-07;
  -4.623216e-07  -2.129597e-07  -5.273970e-09;
  -1.436368e-07  -2.315269e-07   1.832316e-07]
d=[ ...        
   1.563942e-07  -1.655713e-07   1.816569e-08;
  -1.655713e-07  -2.129597e-07  -1.184004e-07;
   1.816569e-08  -1.184004e-07   1.832316e-07]
