     iteration=        2100000       process=              0       (i,j,k)=              0              0              0       (x,y,z)=   5.000000e-03   5.000000e-03   5.253276e-03     particles=             80
fabric=[ ...   
   3.406771e-01   6.658318e-03  -4.511766e-04;
   6.658318e-03   3.072653e-01   5.980610e-04;
  -4.511766e-04   5.980610e-04   3.520577e-01]
sigma=[ ...    
  -3.169107e+02  -2.419223e+01   2.393048e+01;
  -2.419222e+01  -2.445403e+02  -2.606630e+01;
   2.393038e+01  -2.606636e+01  -3.733373e+02]
sigmaDot=[ ... 
   1.586290e+01   1.505141e+01  -6.621585e+00;
   9.962915e+00  -1.254181e+01  -7.141849e-01;
  -2.275721e+00  -1.843184e+00   7.914121e+00]
intgraE=[ ...  
   4.535619e+01  -1.807028e+01  -6.088787e-02;
  -1.807028e+01   1.189171e+01   8.615606e-03;
  -6.088787e-02   8.615606e-03  -4.998743e-01]
E=[ ...        
   1.869203e+05  -5.191616e+04  -1.986050e+00;
  -5.191616e+04   8.850583e+05   1.434591e+00;
  -1.986050e+00   1.434591e+00  -4.997945e-01]
e=[ ...        
  -4.121524e+01  -4.177409e+00  -2.347034e+02;
  -4.177409e+00   8.166883e-02  -2.350345e+01;
  -2.347034e+02  -2.350345e+01  -1.320017e+03]
intgraF=[ ...  
   6.096133e+00  -3.972893e+00  -3.537337e-03;
  -5.104657e-01   2.634198e+00  -6.448581e-03;
  -7.368104e+00   1.435458e+00   1.404750e-02]
F=[ ...        
   5.033103e+02  -8.525699e+02  -2.719031e-03;
  -3.369792e+02  -1.007237e+03   2.799633e-03;
  -8.345857e+01   1.694598e+02   1.989210e-02]
R=[ ...        
   7.726906e-01  -6.101958e-01   1.749580e-01;
  -6.221010e-01  -7.827408e-01   1.752699e-02;
  -1.262519e-01   1.223845e-01   9.844199e-01]
U=[ ...        
   6.090751e+02  -5.356450e+01  -6.354039e-03;
  -5.356450e+01   1.329379e+03   1.902238e-03;
  -6.354039e-03   1.902238e-03   1.915554e-02]
l=[ ...        
   1.769499e-02   2.454917e-03  -7.620725e-04;
   1.609528e-02   2.232284e-03  -6.926331e-04;
   1.028679e-04   1.440876e-05  -4.608642e-06]
d=[ ...        
   1.769499e-02   9.275097e-03  -3.296023e-04;
   9.275097e-03   2.232284e-03  -3.391122e-04;
  -3.296023e-04  -3.391122e-04  -4.608642e-06]
     iteration=        2100000       process=              1       (i,j,k)=              0              0              1       (x,y,z)=   5.000000e-03   5.000000e-03   1.575983e-02     particles=             46
fabric=[ ...   
   3.564787e-01  -1.130126e-02   2.350286e-02;
  -1.130126e-02   3.196542e-01   3.392459e-04;
   2.350286e-02   3.392459e-04   3.238671e-01]
sigma=[ ...    
  -6.729314e+01   8.028017e+00   7.085384e-01;
   8.028185e+00  -7.684855e+01   1.488443e+00;
   7.084587e-01   1.488455e+00  -1.060229e+02]
sigmaDot=[ ... 
  -4.032081e+01   1.258031e+01   3.556789e+01;
   1.550393e+01  -1.598352e+01  -1.174648e+01;
   3.675760e+01  -8.297948e+00  -1.342950e+01]
intgraE=[ ...  
   9.541106e-02  -6.456877e-02  -6.784939e-01;
  -6.456877e-02   1.150403e-02   3.409815e-01;
  -6.784939e-01   3.409815e-01   3.604720e+00]
E=[ ...        
   6.649840e+05  -8.275409e+05   3.175634e+00;
  -8.275409e+05   1.803571e+06  -2.435672e+01;
   3.175634e+00  -2.435672e+01  -4.994458e-01]
e=[ ...        
  -1.547903e+05  -7.114021e+04   1.213187e+05;
  -7.114021e+04  -3.269479e+04   5.575680e+04;
   1.213187e+05   5.575680e+04  -9.508418e+04]
intgraF=[ ...  
   9.981293e-01   3.866861e-04  -9.610480e-02;
  -3.448875e-02   9.878713e-01   6.129176e-02;
  -4.397393e-01   2.170674e-01   2.862944e+00]
F=[ ...        
   4.045324e+02  -1.217120e+03   1.976895e-02;
  -1.073970e+03   1.174091e+03  -1.298038e-03;
  -1.136228e+02  -8.644495e+02   2.675489e-02]
R=[ ...        
   6.245660e-03  -6.724524e-01  -7.401141e-01;
  -8.660895e-01   3.663227e-01  -3.401420e-01;
  -4.998499e-01  -6.431294e-01   5.801160e-01]
U=[ ...        
   9.894754e+02  -5.923744e+02  -1.212574e-02;
  -5.923744e+02   1.804504e+03  -3.097603e-02;
  -1.212574e-02  -3.097603e-02   1.331180e-03]
l=[ ...        
  -1.440073e-06   5.197199e-07   6.310452e-07;
   2.487902e-07  -2.178160e-07  -3.304097e-07;
  -4.253245e-07  -9.543818e-08  -3.294810e-07]
d=[ ...        
  -1.440073e-06   3.842551e-07   1.028604e-07;
   3.842551e-07  -2.178160e-07  -2.129239e-07;
   1.028604e-07  -2.129239e-07  -3.294810e-07]
     iteration=        2100000       process=              2       (i,j,k)=              0              1              0       (x,y,z)=   5.000000e-03   1.500000e-02   5.253276e-03     particles=             81
fabric=[ ...   
   3.310500e-01  -4.595055e-04   1.498103e-03;
  -4.595055e-04   3.223632e-01   1.547003e-02;
   1.498103e-03   1.547003e-02   3.465868e-01]
sigma=[ ...    
  -2.982706e+02  -7.164350e+00   2.962747e+01;
  -7.164306e+00  -2.536127e+02  -3.487231e+01;
   2.962753e+01  -3.487237e+01  -2.909889e+02]
sigmaDot=[ ... 
   1.714923e+00  -2.557194e+00   6.257767e-01;
  -2.724772e+00   4.637731e+00  -6.020205e-01;
   5.430076e-01  -5.634878e-01   2.740096e+00]
intgraE=[ ...  
   1.493966e+01  -1.572802e+01  -2.006360e-01;
  -1.572802e+01   1.588297e+01   2.067989e-01;
  -2.006360e-01   2.067989e-01  -4.973764e-01]
E=[ ...        
   3.428096e+05   1.217479e+05   6.582258e+02;
   1.217479e+05   1.983889e+05   3.939554e+01;
   6.582258e+02   3.939554e+01   1.009337e+00]
e=[ ...        
  -6.280190e+01   6.150671e+01   1.421384e+01;
   6.150671e+01  -5.926244e+01  -1.381074e+01;
   1.421384e+01  -1.381074e+01  -2.691582e+00]
intgraF=[ ...  
   4.292312e+00  -4.910580e+00  -5.940942e-02;
   1.160912e+00  -9.036500e-01  -1.381662e-02;
   3.332816e+00  -2.799206e+00  -3.907455e-02]
F=[ ...        
  -4.847060e+02   4.784231e+01  -1.250831e+00;
  -3.692961e+02   1.877489e+02  -1.065302e+00;
  -5.606253e+02  -5.993666e+02  -5.650015e-01]
R=[ ...        
  -6.529546e-01   2.638381e-01  -7.099576e-01;
  -5.567947e-01   4.682394e-01   6.860988e-01;
  -5.134491e-01  -8.432919e-01   1.588354e-01]
U=[ ...        
   8.099656e+02   1.719679e+02   1.699990e+00;
   1.719679e+02   6.059751e+02  -3.523723e-01;
   1.699990e+00  -3.523723e-01   6.739215e-02]
l=[ ...        
   3.785026e-03  -7.012580e-04  -7.550923e-03;
  -1.399975e-02   5.251069e-04   3.376871e-04;
   8.648117e-06  -8.292936e-06  -1.058933e-04]
d=[ ...        
   3.785026e-03  -7.350503e-03  -3.771137e-03;
  -7.350503e-03   5.251069e-04   1.646971e-04;
  -3.771137e-03   1.646971e-04  -1.058933e-04]
     iteration=        2100000       process=              3       (i,j,k)=              0              1              1       (x,y,z)=   5.000000e-03   1.500000e-02   1.575983e-02     particles=             39
fabric=[ ...   
   3.400255e-01   1.748780e-02   2.042451e-02;
   1.748780e-02   3.267249e-01   1.326583e-03;
   2.042451e-02   1.326583e-03   3.332496e-01]
sigma=[ ...    
  -1.010057e+02  -1.028074e+01  -9.306630e+00;
  -1.027929e+01  -8.771592e+01  -1.430975e+00;
  -9.313090e+00  -1.430544e+00  -1.334484e+02]
sigmaDot=[ ... 
   2.155594e+00  -6.607910e+00  -4.315960e+00;
  -6.394826e+00   6.519662e+00   1.898465e+00;
  -3.985635e+00   2.432378e+00  -3.372161e+00]
intgraE=[ ...  
  -4.111339e-02   7.395219e-02  -3.250967e-02;
   7.395219e-02   7.158015e-02  -4.380868e-02;
  -3.250967e-02  -4.380868e-02  -1.447513e-01]
E=[ ...        
   5.288647e+05  -4.703081e+05   9.370440e+00;
  -4.703081e+05   6.975055e+05  -2.275499e+00;
   9.370440e+00  -2.275499e+00  -4.995806e-01]
e=[ ...        
   2.079691e-02   1.416603e+01   2.795493e+01;
   1.416603e+01  -4.182724e+02  -8.263965e+02;
   2.795493e+01  -8.263965e+02  -1.630293e+03]
intgraF=[ ...  
   9.471465e-01  -1.347473e-04  -9.096779e-02;
   1.362075e-01   1.067701e+00  -1.257955e-01;
   4.619818e-02   5.634629e-02   8.284913e-01]
F=[ ...        
  -6.096923e+02  -5.957830e+01  -2.409363e-02;
  -7.429765e+02   1.051802e+03   2.377180e-03;
   3.660485e+02  -5.340171e+02   1.589234e-02]
R=[ ...        
  -8.956985e-01  -4.443975e-01  -1.533173e-02;
  -4.026601e-01   7.959824e-01   4.519700e-01;
   1.886506e-01  -4.110024e-01   8.919013e-01]
U=[ ...        
   9.143228e+02  -4.708973e+02   2.362153e-02;
  -4.708973e+02   1.083175e+03   6.067553e-03;
   2.362153e-02   6.067553e-03   1.561821e-02]
l=[ ...        
   1.935788e-08  -7.651941e-08  -1.168787e-07;
  -7.345206e-08   1.081984e-07   8.966639e-08;
  -1.643666e-08  -1.420997e-08  -9.398443e-08]
d=[ ...        
   1.935788e-08  -7.498574e-08  -6.665769e-08;
  -7.498574e-08   1.081984e-07   3.772821e-08;
  -6.665769e-08   3.772821e-08  -9.398443e-08]
     iteration=        2100000       process=              4       (i,j,k)=              1              0              0       (x,y,z)=   1.500000e-02   5.000000e-03   5.253276e-03     particles=             77
fabric=[ ...   
   3.321899e-01   4.592063e-03  -1.143221e-02;
   4.592063e-03   3.199196e-01   2.027303e-02;
  -1.143221e-02   2.027303e-02   3.478905e-01]
sigma=[ ...    
  -2.892968e+02   1.823771e+01  -3.820775e+00;
   1.823754e+01  -2.589694e+02  -4.827719e+01;
  -3.814726e+00  -4.827152e+01  -3.698325e+02]
sigmaDot=[ ... 
   5.519921e+01   9.308676e+01  -4.776953e+01;
   6.261414e+01  -1.037350e+01  -1.519076e+02;
  -1.103631e+02  -1.961860e+02   8.476707e+01]
intgraE=[ ...  
   1.997184e+01  -1.506970e+00   1.549198e-02;
  -1.506970e+00   2.807010e+00   2.983768e-02;
   1.549198e-02   2.983768e-02  -4.996866e-01]
E=[ ...        
   1.458533e+06  -7.915163e+05   8.648058e+00;
  -7.915163e+05   4.651020e+05  -4.766078e+00;
   8.648058e+00  -4.766078e+00  -4.996759e-01]
e=[ ...        
  -7.131224e+02   2.837075e+02   2.542116e+02;
   2.837075e+02  -1.122907e+02  -1.010643e+02;
   2.542116e+02  -1.010643e+02  -9.005703e+01]
intgraF=[ ...  
   4.235438e+00   9.829274e-01   1.482420e-02;
   8.721525e-01   1.543406e+00   1.753235e-02;
   4.716365e+00  -1.807145e+00  -9.985210e-03]
F=[ ...        
  -7.259144e+00  -1.216455e+02  -2.038527e-02;
  -1.149845e+03   4.503895e+02   1.728055e-03;
   1.262882e+03  -8.441308e+02   1.515195e-02]
R=[ ...        
  -2.039292e-01  -4.244680e-01  -8.821790e-01;
  -8.860360e-01  -3.032146e-01   3.507151e-01;
   4.163569e-01  -8.531634e-01   3.142597e-01]
U=[ ...        
   1.546094e+03  -7.257139e+02   8.934651e-03;
  -7.257139e+02   6.352514e+02  -4.798170e-03;
   8.934651e-03  -4.798170e-03   2.335116e-02]
l=[ ...        
  -6.428207e-07   3.702205e-04   2.693777e-04;
  -2.062625e-06   4.980269e-05   4.303553e-05;
  -9.532803e-08   2.111642e-05  -3.577038e-06]
d=[ ...        
  -6.428207e-07   1.840789e-04   1.346412e-04;
   1.840789e-04   4.980269e-05   3.207598e-05;
   1.346412e-04   3.207598e-05  -3.577038e-06]
     iteration=        2100000       process=              5       (i,j,k)=              1              0              1       (x,y,z)=   1.500000e-02   5.000000e-03   1.575983e-02     particles=             35
fabric=[ ...   
   3.330019e-01   1.096332e-02   3.956541e-03;
   1.096332e-02   3.613500e-01   2.199390e-03;
   3.956541e-03   2.199390e-03   3.056481e-01]
sigma=[ ...    
  -1.123474e+02  -1.880021e+00   1.070417e+00;
  -1.879620e+00  -1.196883e+02   1.546513e+01;
   1.070389e+00   1.546528e+01  -1.337162e+02]
sigmaDot=[ ... 
   3.872041e+01   1.698107e+01   7.184006e+00;
   1.696446e+01   7.533243e+00  -3.121872e+01;
   2.622335e+01  -2.559106e+01  -1.375880e+01]
intgraE=[ ...  
  -9.614576e-03   1.044752e-02  -6.499425e-02;
   1.044752e-02   4.347365e-02   1.493197e-01;
  -6.499425e-02   1.493197e-01  -4.027499e-01]
E=[ ...        
   1.446285e+06  -4.948988e+05  -6.632021e+03;
  -4.948988e+05   9.678349e+05   9.123865e+03;
  -6.632021e+03   9.123865e+03   1.197083e+02]
e=[ ...        
   4.994273e-01  -2.034181e-03   3.976825e-04;
  -2.034181e-03   4.927722e-01   1.413318e-03;
   3.976825e-04   1.413318e-03   4.997233e-01]
intgraF=[ ...  
   9.892160e-01   2.952760e-02  -1.144071e-01;
   2.639691e-03   1.015634e+00   2.124687e-01;
  -4.707096e-02   2.335857e-01   3.691454e-01]
F=[ ...        
  -1.124083e+03   1.271325e+03   1.067151e+01;
   5.422837e+02  -2.595663e+02  -1.056540e+01;
   1.155394e+03   5.020247e+02   3.861076e+00]
R=[ ...        
  -5.138166e-01   8.180652e-01  -2.583831e-01;
   3.000325e-01  -1.108089e-01  -9.474713e-01;
   8.037244e-01   5.643498e-01   1.885107e-01]
U=[ ...        
   1.668894e+03  -3.276168e+02  -5.549919e+00;
  -3.276168e+02   1.352107e+03   1.207973e+01;
  -5.549919e+00   1.207973e+01   7.980928e+00]
l=[ ...        
   5.236836e-07   1.569662e-06   3.113695e-06;
  -3.558201e-07  -8.665137e-07  -1.693529e-06;
  -1.347301e-07  -1.627877e-06  -1.369517e-06]
d=[ ...        
   5.236836e-07   6.069210e-07   1.489482e-06;
   6.069210e-07  -8.665137e-07  -1.660703e-06;
   1.489482e-06  -1.660703e-06  -1.369517e-06]
     iteration=        2100000       process=              6       (i,j,k)=              1              1              0       (x,y,z)=   1.500000e-02   1.500000e-02   5.253276e-03     particles=             70
fabric=[ ...   
   3.125575e-01  -2.291253e-03   1.063992e-02;
  -2.291253e-03   3.301961e-01   2.166474e-02;
   1.063992e-02   2.166474e-02   3.572464e-01]
sigma=[ ...    
  -3.136035e+02  -4.047256e+01   1.803328e+01;
  -4.047781e+01  -3.481929e+02   2.112216e+01;
   1.803551e+01   2.111334e+01  -3.548122e+02]
sigmaDot=[ ... 
  -5.551218e+01  -6.523939e+00   8.344447e+00;
  -9.545851e+00  -6.226152e+01   1.741864e-01;
   8.277268e+00  -2.481794e-01  -6.286145e+01]
intgraE=[ ...  
   3.564471e-01  -8.503046e-01  -3.524126e-02;
  -8.503046e-01   3.539263e-01   3.691560e-02;
  -3.524126e-02   3.691560e-02  -4.981676e-01]
E=[ ...        
   1.120776e+06  -8.931045e+05  -1.063537e-01;
  -8.931045e+05   7.379650e+05   9.842042e-01;
  -1.063537e-01   9.842042e-01  -4.999361e-01]
e=[ ...        
  -5.137446e+02  -1.258633e+03   1.427993e+03;
  -1.258633e+03  -3.080050e+03   3.495065e+03;
   1.427993e+03   3.495065e+03  -3.964858e+03]
intgraF=[ ...  
   4.840932e-01  -6.101614e-01  -4.560159e-02;
  -1.112766e+00   1.057564e+00   3.614920e-02;
  -4.902046e-01   4.659551e-01   1.668999e-02]
F=[ ...        
   6.056421e+02  -2.816390e+02   4.698885e-03;
  -1.128003e+03   9.350353e+02  -3.846431e-03;
  -7.761192e+02   7.227168e+02   9.531183e-03]
R=[ ...        
   8.311212e-01   4.911595e-01  -2.607678e-01;
  -5.301138e-01   5.581339e-01  -6.383306e-01;
  -1.679787e-01   6.687667e-01   7.242474e-01]
U=[ ...        
   1.231703e+03  -8.511523e+02   4.343353e-03;
  -8.511523e+02   8.668741e+02   6.535216e-03;
   4.343353e-03   6.535216e-03   8.132911e-03]
l=[ ...        
  -4.615964e-02   1.180913e-02  -5.524691e-04;
  -2.650515e-01  -1.567047e-01   1.145331e-01;
   3.501919e-02  -2.481161e-02   1.943400e-02]
d=[ ...        
  -4.615964e-02  -1.266212e-01   1.723336e-02;
  -1.266212e-01  -1.567047e-01   4.486074e-02;
   1.723336e-02   4.486074e-02   1.943400e-02]
     iteration=        2100000       process=              7       (i,j,k)=              1              1              1       (x,y,z)=   1.500000e-02   1.500000e-02   1.575983e-02     particles=             48
fabric=[ ...   
   3.295687e-01  -1.015338e-02  -9.363665e-03;
  -1.015338e-02   3.120910e-01  -6.333301e-03;
  -9.363665e-03  -6.333301e-03   3.583403e-01]
sigma=[ ...    
  -7.718452e+01   4.737816e-01   1.206331e+01;
   4.737741e-01  -7.534303e+01   4.101051e+00;
   1.206329e+01   4.101031e+00  -1.001783e+02]
sigmaDot=[ ... 
  -3.695913e+00  -4.166879e-01  -8.096539e-01;
  -1.328923e+00   2.981844e+00  -1.375968e+00;
  -1.642564e+00  -1.095049e+00  -5.409742e+00]
intgraE=[ ...  
   1.740593e-02   7.398291e-02  -9.779643e-02;
   7.398291e-02   1.064828e-02  -3.851895e-02;
  -9.779643e-02  -3.851895e-02  -4.664300e-01]
E=[ ...        
   6.940563e+05  -5.277906e+05   1.521941e+01;
  -5.277906e+05   4.208986e+05  -1.237949e+01;
   1.521941e+01  -1.237949e+01  -4.996319e-01]
e=[ ...        
  -2.902506e+04  -1.319333e+04  -7.424000e+04;
  -1.319333e+04  -5.996424e+03  -3.374520e+04;
  -7.424000e+04  -3.374520e+04  -1.898866e+05]
intgraF=[ ...  
   1.008011e+00   2.683119e-02  -1.737981e-01;
   1.045809e-01   9.911030e-01  -3.574203e-02;
  -8.825153e-02  -1.956823e-01   1.888298e-01]
F=[ ...        
  -6.868624e+02   6.663999e+02  -2.046772e-02;
  -8.595599e+02   5.223412e+02  -1.319020e-02;
   4.212961e+02  -3.533681e+02   1.196912e-02]
R=[ ...        
  -9.087298e-02   9.288243e-01   3.592039e-01;
  -9.737723e-01  -1.584258e-01   1.633060e-01;
   2.085898e-01  -3.349427e-01   9.188600e-01]
U=[ ...        
   9.873109e+02  -6.429081e+02   1.720085e-02;
  -6.429081e+02   6.545742e+02  -2.093021e-02;
   1.720085e-02  -2.093021e-02   1.491818e-03]
l=[ ...        
  -7.063668e-08  -3.037367e-08  -1.159622e-08;
   2.530382e-07  -1.739076e-08   1.495454e-07;
   4.542659e-09  -3.928499e-08  -9.714007e-08]
d=[ ...        
  -7.063668e-08   1.113323e-07  -3.526779e-09;
   1.113323e-07  -1.739076e-08   5.513019e-08;
  -3.526779e-09   5.513019e-08  -9.714007e-08]
