     iteration=        3350000       process=              0       (i,j,k)=              0              0              0       (x,y,z)=   5.000000e-03   5.000000e-03   5.253276e-03     particles=             80
fabric=[ ...   
   3.406625e-01   6.655507e-03  -4.426238e-04;
   6.655507e-03   3.072929e-01   6.112668e-04;
  -4.426238e-04   6.112668e-04   3.520446e-01]
sigma=[ ...    
  -3.166354e+02  -2.422516e+01   2.406836e+01;
  -2.422512e+01  -2.444519e+02  -2.609159e+01;
   2.406809e+01  -2.609146e+01  -3.728650e+02]
sigmaDot=[ ... 
   1.583349e+01  -1.204681e+01   1.581110e+01;
  -9.170720e+00   3.014518e+00  -5.202768e+00;
   1.093472e+01  -5.380202e+00  -4.553529e+00]
intgraE=[ ...  
   4.535359e+01  -1.806915e+01  -6.088470e-02;
  -1.806915e+01   1.189128e+01   8.614074e-03;
  -6.088470e-02   8.614074e-03  -4.998743e-01]
E=[ ...        
   1.875177e+05  -5.066876e+04  -1.983138e+00;
  -5.066876e+04   8.862017e+05   1.447967e+00;
  -1.983138e+00   1.447967e+00  -4.997944e-01]
e=[ ...        
  -4.091441e+01  -4.432585e+00  -2.337596e+02;
  -4.432585e+00   2.557954e-02  -2.501929e+01;
  -2.337596e+02  -2.501929e+01  -1.318933e+03]
intgraF=[ ...  
   6.095665e+00  -3.972622e+00  -3.536963e-03;
  -5.108838e-01   2.634440e+00  -6.448249e-03;
  -7.368111e+00   1.435462e+00   1.404750e-02]
F=[ ...        
   5.034520e+02  -8.519848e+02  -2.730083e-03;
  -3.387052e+02  -1.008763e+03   2.789601e-03;
  -8.277233e+01   1.700716e+02   1.989744e-02]
R=[ ...        
   7.728832e-01  -6.101085e-01   1.744110e-01;
  -6.220900e-01  -7.827230e-01   1.867372e-02;
  -1.251225e-01   1.229319e-01   9.844959e-01]
U=[ ...        
   6.101714e+02  -5.222336e+01  -6.335035e-03;
  -5.222336e+01   1.330292e+03   1.928193e-03;
  -6.335035e-03   1.928193e-03   1.916488e-02]
l=[ ...        
  -4.097325e-03  -5.698029e-04   1.771275e-04;
  -3.653799e-03  -5.071242e-04   1.564878e-04;
  -6.022824e-05  -7.828998e-06   2.258769e-06]
d=[ ...        
  -4.097325e-03  -2.111801e-03   5.844964e-05;
  -2.111801e-03  -5.071242e-04   7.432938e-05;
   5.844964e-05   7.432938e-05   2.258769e-06]
     iteration=        3350000       process=              1       (i,j,k)=              0              0              1       (x,y,z)=   5.000000e-03   5.000000e-03   1.575983e-02     particles=             46
fabric=[ ...   
   3.546013e-01  -9.976432e-03   2.483709e-02;
  -9.976432e-03   3.200316e-01   3.457354e-03;
   2.483709e-02   3.457354e-03   3.253672e-01]
sigma=[ ...    
  -6.730435e+01   8.052069e+00   7.812495e-01;
   8.051895e+00  -7.667369e+01   1.510008e+00;
   7.813028e-01   1.509950e+00  -1.060308e+02]
sigmaDot=[ ... 
   4.568185e+01  -8.879972e+00  -3.146346e+01;
  -3.570832e+00   1.290982e+01   1.370928e+01;
  -3.799597e+01   1.272798e+01   4.103186e+01]
intgraE=[ ...  
   9.541119e-02  -6.456882e-02  -6.784941e-01;
  -6.456882e-02   1.150405e-02   3.409816e-01;
  -6.784941e-01   3.409816e-01   3.604721e+00]
E=[ ...        
   6.649839e+05  -8.275409e+05   3.175636e+00;
  -8.275409e+05   1.803571e+06  -2.435672e+01;
   3.175636e+00  -2.435672e+01  -4.994458e-01]
e=[ ...        
  -1.548229e+05  -7.115521e+04   1.213443e+05;
  -7.115521e+04  -3.270168e+04   5.576855e+04;
   1.213443e+05   5.576855e+04  -9.510422e+04]
intgraF=[ ...  
   9.981294e-01   3.866365e-04  -9.610501e-02;
  -3.448879e-02   9.878713e-01   6.129187e-02;
  -4.397393e-01   2.170674e-01   2.862944e+00]
F=[ ...        
   4.045324e+02  -1.217120e+03   1.976895e-02;
  -1.073970e+03   1.174091e+03  -1.298039e-03;
  -1.136228e+02  -8.644495e+02   2.675489e-02]
R=[ ...        
   6.245666e-03  -6.724523e-01  -7.401141e-01;
  -8.660895e-01   3.663228e-01  -3.401420e-01;
  -4.998499e-01  -6.431295e-01   5.801160e-01]
U=[ ...        
   9.894754e+02  -5.923744e+02  -1.212574e-02;
  -5.923744e+02   1.804504e+03  -3.097604e-02;
  -1.212574e-02  -3.097604e-02   1.331180e-03]
l=[ ...        
   1.674316e-06  -5.696917e-07  -5.985157e-07;
  -4.247973e-07   1.050378e-07   6.827729e-07;
  -2.007415e-07   8.213738e-08   3.335784e-07]
d=[ ...        
   1.674316e-06  -4.972445e-07  -3.996286e-07;
  -4.972445e-07   1.050378e-07   3.824551e-07;
  -3.996286e-07   3.824551e-07   3.335784e-07]
     iteration=        3350000       process=              2       (i,j,k)=              0              1              0       (x,y,z)=   5.000000e-03   1.500000e-02   5.253276e-03     particles=             81
fabric=[ ...   
   3.310409e-01  -4.644564e-04   1.603589e-03;
  -4.644564e-04   3.223732e-01   1.543921e-02;
   1.603589e-03   1.543921e-02   3.465859e-01]
sigma=[ ...    
  -2.983518e+02  -7.116756e+00   2.963203e+01;
  -7.116809e+00  -2.536819e+02  -3.484188e+01;
   2.963208e+01  -3.484178e+01  -2.910441e+02]
sigmaDot=[ ... 
   3.534494e+00  -5.587940e+00   1.717406e+00;
  -5.495831e+00   5.913634e+00  -1.017840e+00;
   2.254596e+00  -1.290182e+00   8.489360e-01]
intgraE=[ ...  
   1.494083e+01  -1.572908e+01  -2.006504e-01;
  -1.572908e+01   1.588385e+01   2.068115e-01;
  -2.006504e-01   2.068115e-01  -4.973762e-01]
E=[ ...        
   3.428479e+05   1.217726e+05   6.583294e+02;
   1.217726e+05   1.984271e+05   3.941559e+01;
   6.583294e+02   3.941559e+01   1.009671e+00]
e=[ ...        
  -6.212910e+01   6.085557e+01   1.406406e+01;
   6.085557e+01  -5.863227e+01  -1.366579e+01;
   1.406406e+01  -1.366579e+01  -2.658242e+00]
intgraF=[ ...  
   4.292441e+00  -4.910647e+00  -5.941065e-02;
   1.161404e+00  -9.042248e-01  -1.382350e-02;
   3.332830e+00  -2.799219e+00  -3.907472e-02]
F=[ ...        
  -4.847342e+02   4.784936e+01  -1.251214e+00;
  -3.692858e+02   1.877737e+02  -1.065137e+00;
  -5.606760e+02  -5.994220e+02  -5.650540e-01]
R=[ ...        
  -6.529656e-01   2.638530e-01  -7.099419e-01;
  -5.567686e-01   4.682504e-01   6.861125e-01;
  -5.134634e-01  -8.432812e-01   1.588464e-01]
U=[ ...        
   8.100081e+02   1.719908e+02   1.700170e+00;
   1.719908e+02   6.060316e+02  -3.523883e-01;
   1.700170e+00  -3.523883e-01   6.772854e-02]
l=[ ...        
   2.923127e-03  -6.348207e-04  -7.075459e-03;
  -1.097364e-02   4.439564e-04   6.901259e-04;
   6.273364e-05   3.473642e-06   7.753037e-05]
d=[ ...        
   2.923127e-03  -5.804228e-03  -3.506363e-03;
  -5.804228e-03   4.439564e-04   3.467998e-04;
  -3.506363e-03   3.467998e-04   7.753037e-05]
     iteration=        3350000       process=              3       (i,j,k)=              0              1              1       (x,y,z)=   5.000000e-03   1.500000e-02   1.575983e-02     particles=             39
fabric=[ ...   
   3.401590e-01   1.691719e-02   1.973354e-02;
   1.691719e-02   3.265327e-01   1.277437e-03;
   1.973354e-02   1.277437e-03   3.333082e-01]
sigma=[ ...    
  -1.011820e+02  -1.028351e+01  -9.149474e+00;
  -1.028592e+01  -8.803434e+01  -1.349758e+00;
  -9.145578e+00  -1.350109e+00  -1.335893e+02]
sigmaDot=[ ... 
  -2.928180e+00   1.853004e+00   4.780482e-01;
   2.153422e+00  -6.125842e+00   8.598063e-01;
   7.009199e-03   5.219193e-01   4.275424e-01]
intgraE=[ ...  
  -4.111339e-02   7.395219e-02  -3.250967e-02;
   7.395219e-02   7.158015e-02  -4.380867e-02;
  -3.250967e-02  -4.380867e-02  -1.447513e-01]
E=[ ...        
   5.583685e+05  -5.804984e+05   7.724760e+00;
  -5.804984e+05   9.180966e+05  -3.901117e-01;
   7.724760e+00  -3.901117e-01  -4.995270e-01]
e=[ ...        
   4.237608e-01   4.808582e+00   9.080601e+00;
   4.808582e+00  -3.027959e+02  -5.727487e+02;
   9.080601e+00  -5.727487e+02  -1.081088e+03]
intgraF=[ ...  
   9.471465e-01  -1.347517e-04  -9.096779e-02;
   1.362075e-01   1.067701e+00  -1.257955e-01;
   4.619818e-02   5.634629e-02   8.284913e-01]
F=[ ...        
  -5.269711e+02  -1.396690e+02  -2.412993e-02;
  -8.113197e+02   1.190659e+03   6.099816e-03;
   4.252056e+02  -6.316793e+02   1.806807e-02]
R=[ ...        
  -8.713400e-01  -4.906229e-01  -7.465312e-03;
  -4.366387e-01   7.683441e-01   4.679680e-01;
   2.238599e-01  -4.110189e-01   8.837139e-01]
U=[ ...        
   9.086110e+02  -5.395961e+02   2.240668e-02;
  -5.395961e+02   1.242992e+03   9.099137e-03;
   2.240668e-02   9.099137e-03   1.900166e-02]
l=[ ...        
  -5.793931e-08   4.912226e-08  -1.224001e-09;
   1.301841e-07  -7.541390e-08   2.793606e-09;
   5.905334e-09  -1.174142e-07   1.113551e-08]
d=[ ...        
  -5.793931e-08   8.965317e-08   2.340667e-09;
   8.965317e-08  -7.541390e-08  -5.731031e-08;
   2.340667e-09  -5.731031e-08   1.113551e-08]
     iteration=        3350000       process=              4       (i,j,k)=              1              0              0       (x,y,z)=   1.500000e-02   5.000000e-03   5.253276e-03     particles=             77
fabric=[ ...   
   3.321796e-01   4.594196e-03  -1.141551e-02;
   4.594196e-03   3.199360e-01   2.029083e-02;
  -1.141551e-02   2.029083e-02   3.478844e-01]
sigma=[ ...    
  -2.894419e+02   1.832936e+01  -4.024107e+00;
   1.833140e+01  -2.593441e+02  -4.839273e+01;
  -4.017687e+00  -4.838463e+01  -3.702682e+02]
sigmaDot=[ ... 
   2.384415e+00   1.778943e+02   1.954776e+02;
   1.670914e+02   7.822339e+01  -2.464257e+01;
   1.716289e+01   3.740706e+01   2.868023e+02]
intgraE=[ ...  
   1.997168e+01  -1.506922e+00   1.549222e-02;
  -1.506922e+00   2.806980e+00   2.983744e-02;
   1.549222e-02   2.983744e-02  -4.996866e-01]
E=[ ...        
   1.458641e+06  -7.916085e+05   8.648101e+00;
  -7.916085e+05   4.651764e+05  -4.766054e+00;
   8.648101e+00  -4.766054e+00  -4.996759e-01]
e=[ ...        
  -7.130393e+02   2.837029e+02   2.542297e+02;
   2.837029e+02  -1.123002e+02  -1.010816e+02;
   2.542297e+02  -1.010816e+02  -9.008047e+01]
intgraF=[ ...  
   4.235402e+00   9.829402e-01   1.482427e-02;
   8.721461e-01   1.543400e+00   1.753227e-02;
   4.716363e+00  -1.807126e+00  -9.985025e-03]
F=[ ...        
  -7.205537e+00  -1.216986e+02  -2.038574e-02;
  -1.149866e+03   4.504133e+02   1.727951e-03;
   1.262948e+03  -8.441984e+02   1.515202e-02]
R=[ ...        
  -2.039284e-01  -4.245251e-01  -8.821517e-01;
  -8.860289e-01  -3.032071e-01   3.507395e-01;
   4.163724e-01  -8.531377e-01   3.143090e-01]
U=[ ...        
   1.546141e+03  -7.257624e+02   8.935101e-03;
  -7.257624e+02   6.353131e+02  -4.796431e-03;
   8.935101e-03  -4.796431e-03   2.335180e-02]
l=[ ...        
  -5.953796e-07  -5.041512e-04  -3.969047e-04;
   3.539748e-06  -1.103868e-04  -5.891579e-05;
   2.879024e-06  -3.050797e-05   1.946482e-08]
d=[ ...        
  -5.953796e-07  -2.503057e-04  -1.970128e-04;
  -2.503057e-04  -1.103868e-04  -4.471188e-05;
  -1.970128e-04  -4.471188e-05   1.946482e-08]
     iteration=        3350000       process=              5       (i,j,k)=              1              0              1       (x,y,z)=   1.500000e-02   5.000000e-03   1.575983e-02     particles=             35
fabric=[ ...   
   3.330019e-01   1.096332e-02   3.956546e-03;
   1.096332e-02   3.613500e-01   2.199397e-03;
   3.956546e-03   2.199397e-03   3.056481e-01]
sigma=[ ...    
  -1.118302e+02  -1.378957e+00   8.873874e-01;
  -1.379180e+00  -1.198624e+02   1.511182e+01;
   8.869663e-01   1.511147e+01  -1.336887e+02]
sigmaDot=[ ... 
  -1.672291e+01  -6.854473e+00   2.340595e+01;
   2.961945e+01  -3.558956e+01  -1.947159e+01;
   5.125582e+00  -2.220744e+01   7.345556e+01]
intgraE=[ ...  
  -9.614609e-03   1.044758e-02  -6.499423e-02;
   1.044758e-02   4.347374e-02   1.493198e-01;
  -6.499423e-02   1.493198e-01  -4.027498e-01]
E=[ ...        
   1.446285e+06  -4.948989e+05  -6.632022e+03;
  -4.948989e+05   9.678350e+05   9.123866e+03;
  -6.632022e+03   9.123866e+03   1.197083e+02]
e=[ ...        
   4.994273e-01  -2.034182e-03   3.976825e-04;
  -2.034182e-03   4.927722e-01   1.413318e-03;
   3.976825e-04   1.413318e-03   4.997233e-01]
intgraF=[ ...  
   9.892159e-01   2.952778e-02  -1.144070e-01;
   2.639671e-03   1.015634e+00   2.124688e-01;
  -4.707107e-02   2.335858e-01   3.691455e-01]
F=[ ...        
  -1.124083e+03   1.271325e+03   1.067151e+01;
   5.422837e+02  -2.595664e+02  -1.056540e+01;
   1.155394e+03   5.020247e+02   3.861076e+00]
R=[ ...        
  -5.138167e-01   8.180652e-01  -2.583831e-01;
   3.000325e-01  -1.108089e-01  -9.474713e-01;
   8.037244e-01   5.643499e-01   1.885106e-01]
U=[ ...        
   1.668894e+03  -3.276169e+02  -5.549920e+00;
  -3.276169e+02   1.352107e+03   1.207973e+01;
  -5.549920e+00   1.207973e+01   7.980928e+00]
l=[ ...        
  -4.143536e-07  -4.353110e-07  -5.112687e-07;
   3.489896e-07   4.631665e-07   1.742762e-06;
  -5.633446e-07   9.020998e-07   1.511484e-06]
d=[ ...        
  -4.143536e-07  -4.316071e-08  -5.373066e-07;
  -4.316071e-08   4.631665e-07   1.322431e-06;
  -5.373066e-07   1.322431e-06   1.511484e-06]
     iteration=        3350000       process=              6       (i,j,k)=              1              1              0       (x,y,z)=   1.500000e-02   1.500000e-02   5.253276e-03     particles=             70
fabric=[ ...   
   3.126335e-01  -2.151251e-03   1.080857e-02;
  -2.151251e-03   3.300593e-01   2.142177e-02;
   1.080857e-02   2.142177e-02   3.573071e-01]
sigma=[ ...    
  -3.136700e+02  -4.048797e+01   1.804803e+01;
  -4.049113e+01  -3.484879e+02   2.112914e+01;
   1.805032e+01   2.112338e+01  -3.548148e+02]
sigmaDot=[ ... 
   3.879934e+01   4.181139e+00  -2.310536e+00;
   5.215661e+00   4.941552e+01  -1.134776e+01;
  -5.074267e+00  -1.210288e+01   3.991101e+01]
intgraE=[ ...  
   3.593500e-01  -8.529522e-01  -3.531182e-02;
  -8.529522e-01   3.563356e-01   3.697878e-02;
  -3.531182e-02   3.697878e-02  -4.981661e-01]
E=[ ...        
   1.119470e+06  -8.925516e+05  -1.254917e-01;
  -8.925516e+05   7.392316e+05   1.036130e+00;
  -1.254917e-01   1.036130e+00  -4.999360e-01]
e=[ ...        
  -5.706490e+02  -1.347871e+03   1.509917e+03;
  -1.347871e+03  -3.180382e+03   3.563298e+03;
   1.509917e+03   3.563298e+03  -3.991190e+03]
intgraF=[ ...  
   4.842749e-01  -6.103257e-01  -4.560577e-02;
  -1.115150e+00   1.059626e+00   3.618306e-02;
  -4.905281e-01   4.662266e-01   1.669295e-02]
F=[ ...        
   6.050812e+02  -2.772323e+02   4.708689e-03;
  -1.126643e+03   9.333569e+02  -3.833779e-03;
  -7.768492e+02   7.283209e+02   9.550659e-03]
R=[ ...        
   8.285361e-01   4.896864e-01  -2.715424e-01;
  -5.352468e-01   5.502246e-01  -6.409085e-01;
  -1.644349e-01   6.763580e-01   7.179840e-01]
U=[ ...        
   1.232105e+03  -8.490346e+02   4.382875e-03;
  -8.490346e+02   8.704047e+02   6.656006e-03;
   4.382875e-03   6.656006e-03   8.035713e-03]
l=[ ...        
  -3.693167e-02  -7.623386e-03   7.319606e-03;
  -1.752566e-01   1.598466e-01  -1.067497e-01;
   3.688408e-02   2.333112e-02  -2.242817e-02]
d=[ ...        
  -3.693167e-02  -9.143998e-02   2.210184e-02;
  -9.143998e-02   1.598466e-01  -4.170931e-02;
   2.210184e-02  -4.170931e-02  -2.242817e-02]
     iteration=        3350000       process=              7       (i,j,k)=              1              1              1       (x,y,z)=   1.500000e-02   1.500000e-02   1.575983e-02     particles=             48
fabric=[ ...   
   3.295687e-01  -1.015338e-02  -9.363665e-03;
  -1.015338e-02   3.120910e-01  -6.333302e-03;
  -9.363665e-03  -6.333302e-03   3.583403e-01]
sigma=[ ...    
  -7.722824e+01   4.879204e-01   1.205737e+01;
   4.879304e-01  -7.543634e+01   4.093962e+00;
   1.205739e+01   4.093971e+00  -1.002147e+02]
sigmaDot=[ ... 
   4.348297e+00   2.815981e+00  -6.823959e-02;
   3.589938e+00   7.263478e+00   1.000160e+01;
   4.488598e-01   9.246653e+00   2.520303e+00]
intgraE=[ ...  
   1.740593e-02   7.398291e-02  -9.779643e-02;
   7.398291e-02   1.064829e-02  -3.851894e-02;
  -9.779643e-02  -3.851894e-02  -4.664300e-01]
E=[ ...        
   6.940563e+05  -5.277906e+05   1.521941e+01;
  -5.277906e+05   4.208986e+05  -1.237949e+01;
   1.521941e+01  -1.237949e+01  -4.996319e-01]
e=[ ...        
  -2.902843e+04  -1.319487e+04  -7.424863e+04;
  -1.319487e+04  -5.997125e+03  -3.374913e+04;
  -7.424863e+04  -3.374913e+04  -1.899086e+05]
intgraF=[ ...  
   1.008011e+00   2.683121e-02  -1.737981e-01;
   1.045809e-01   9.911030e-01  -3.574202e-02;
  -8.825154e-02  -1.956822e-01   1.888298e-01]
F=[ ...        
  -6.868624e+02   6.663999e+02  -2.046772e-02;
  -8.595599e+02   5.223412e+02  -1.319020e-02;
   4.212961e+02  -3.533681e+02   1.196912e-02]
R=[ ...        
  -9.087297e-02   9.288243e-01   3.592039e-01;
  -9.737723e-01  -1.584258e-01   1.633060e-01;
   2.085898e-01  -3.349427e-01   9.188600e-01]
U=[ ...        
   9.873109e+02  -6.429081e+02   1.720085e-02;
  -6.429081e+02   6.545742e+02  -2.093021e-02;
   1.720085e-02  -2.093021e-02   1.491818e-03]
l=[ ...        
   2.005193e-09   8.508570e-08   9.583173e-08;
  -3.262911e-07   1.752310e-07   6.663078e-07;
  -4.452449e-08  -7.069787e-10   1.041822e-07]
d=[ ...        
   2.005193e-09  -1.206027e-07   2.565362e-08;
  -1.206027e-07   1.752310e-07   3.328004e-07;
   2.565362e-08   3.328004e-07   1.041822e-07]
