     iteration=        1300000       process=              0       (i,j,k)=              0              0              0       (x,y,z)=   5.000000e-03   5.000000e-03   5.253277e-03     particles=             80
fabric=[ ...   
   3.407088e-01   6.666361e-03  -4.677733e-04;
   6.666361e-03   3.072048e-01   5.695560e-04;
  -4.677733e-04   5.695560e-04   3.520864e-01]
sigma=[ ...    
  -3.171514e+02  -2.443465e+01   2.401368e+01;
  -2.443550e+01  -2.444707e+02  -2.627460e+01;
   2.401200e+01  -2.627516e+01  -3.729781e+02]
sigmaDot=[ ... 
   3.317901e+02   1.158962e+02   1.957153e+02;
   1.132491e+02   4.263050e+00   6.411178e+01;
   1.855683e+02   9.706214e+01   4.256655e+02]
intgraE=[ ...  
   4.533201e+01  -1.805996e+01  -6.085791e-02;
  -1.805996e+01   1.188786e+01   8.601177e-03;
  -6.085791e-02   8.601177e-03  -4.998743e-01]
E=[ ...        
   1.856737e+05  -5.452412e+04  -1.992232e+00;
  -5.452412e+04   8.826697e+05   1.406472e+00;
  -1.992232e+00   1.406472e+00  -4.997948e-01]
e=[ ...        
  -4.186129e+01  -3.626921e+00  -2.367237e+02;
  -3.626921e+00   1.894667e-01  -2.026799e+01;
  -2.367237e+02  -2.026799e+01  -1.322361e+03]
intgraF=[ ...  
   6.091825e+00  -3.970401e+00  -3.533914e-03;
  -5.144354e-01   2.636494e+00  -6.445427e-03;
  -7.368110e+00   1.435459e+00   1.404751e-02]
F=[ ...        
   5.030054e+02  -8.538039e+02  -2.696072e-03;
  -3.333544e+02  -1.004031e+03   2.820927e-03;
  -8.490449e+01   1.681698e+02   1.988065e-02]
R=[ ...        
   7.722765e-01  -6.103853e-01   1.761214e-01;
  -6.221229e-01  -7.827743e-01   1.508580e-02;
  -1.286551e-01   1.212196e-01   9.842528e-01]
U=[ ...        
   6.067700e+02  -5.637798e+01  -6.394824e-03;
  -5.637798e+01   1.327465e+03   1.847417e-03;
  -6.394824e-03   1.847417e-03   1.913531e-02]
l=[ ...        
  -3.445667e-03  -4.777817e-04   1.567906e-04;
  -3.276891e-03  -4.545145e-04   1.425926e-04;
   4.776526e-05   1.129376e-05   4.744014e-06]
d=[ ...        
  -3.445667e-03  -1.877336e-03   1.022779e-04;
  -1.877336e-03  -4.545145e-04   7.694317e-05;
   1.022779e-04   7.694317e-05   4.744014e-06]
     iteration=        1300000       process=              1       (i,j,k)=              0              0              1       (x,y,z)=   5.000000e-03   5.000000e-03   1.575983e-02     particles=             46
fabric=[ ...   
   3.546869e-01  -1.148291e-02   2.340128e-02;
  -1.148291e-02   3.172400e-01   1.931863e-03;
   2.340128e-02   1.931863e-03   3.280732e-01]
sigma=[ ...    
  -6.616244e+01   6.902486e+00  -1.875747e-01;
   7.051138e+00  -7.500074e+01   1.429174e+00;
   1.949171e-01   1.569443e+00  -1.046326e+02]
sigmaDot=[ ... 
   5.709540e+03   2.473900e+03   2.090354e+04;
   1.132335e+03  -2.022740e+03   2.638616e+03;
  -7.706454e+03  -6.627690e+03   2.010747e+03]
intgraE=[ ...  
   9.536776e-02  -6.457568e-02  -6.785537e-01;
  -6.457568e-02   1.153900e-02   3.411400e-01;
  -6.785537e-01   3.411400e-01   3.605495e+00]
E=[ ...        
   6.651818e+05  -8.274911e+05   3.178344e+00;
  -8.274911e+05   1.803138e+06  -2.435627e+01;
   3.178344e+00  -2.435627e+01  -4.994459e-01]
e=[ ...        
  -1.551502e+05  -7.131274e+04   1.216307e+05;
  -7.131274e+04  -3.277736e+04   5.590576e+04;
   1.216307e+05   5.590576e+04  -9.535210e+04]
intgraF=[ ...  
   9.980460e-01   4.471610e-04  -9.585248e-02;
  -3.451567e-02   9.878929e-01   6.137427e-02;
  -4.398277e-01   2.171302e-01   2.863221e+00]
F=[ ...        
   4.045459e+02  -1.217098e+03   1.977284e-02;
  -1.074137e+03   1.173882e+03  -1.303298e-03;
  -1.137385e+02  -8.642630e+02   2.674779e-02]
R=[ ...        
   6.234905e-03  -6.725293e-01  -7.400443e-01;
  -8.661147e-01   3.662614e-01  -3.401440e-01;
  -4.998064e-01  -6.430840e-01   5.802039e-01]
U=[ ...        
   9.896955e+02  -5.923405e+02  -1.211663e-02;
  -5.923405e+02   1.804275e+03  -3.097624e-02;
  -1.211663e-02  -3.097624e-02   1.329706e-03]
l=[ ...        
   2.528547e-04  -2.481951e-04  -3.776127e-04;
   2.195887e-04  -2.238845e-04  -4.684816e-04;
   1.832977e-04  -1.360335e-04  -3.830532e-04]
d=[ ...        
   2.528547e-04  -1.430323e-05  -9.715753e-05;
  -1.430323e-05  -2.238845e-04  -3.022575e-04;
  -9.715753e-05  -3.022575e-04  -3.830532e-04]
     iteration=        1300000       process=              2       (i,j,k)=              0              1              0       (x,y,z)=   5.000000e-03   1.500000e-02   5.253277e-03     particles=             81
fabric=[ ...   
   3.319438e-01  -1.798389e-03   1.543325e-03;
  -1.798389e-03   3.200873e-01   1.602374e-02;
   1.543325e-03   1.602374e-02   3.479689e-01]
sigma=[ ...    
  -2.979378e+02  -7.125750e+00   2.981854e+01;
  -7.000614e+00  -2.532264e+02  -3.463571e+01;
   2.981523e+01  -3.468128e+01  -2.907408e+02]
sigmaDot=[ ... 
   5.714426e+02   1.215294e+03  -4.522313e+03;
  -4.956953e+03  -1.847019e+03  -1.118480e+03;
   1.375342e+03   3.928375e+03  -2.289638e+02]
intgraE=[ ...  
   1.494052e+01  -1.572899e+01  -2.006477e-01;
  -1.572899e+01   1.588406e+01   2.068121e-01;
  -2.006477e-01   2.068121e-01  -4.973762e-01]
E=[ ...        
   3.378789e+05   1.168718e+05   6.554283e+02;
   1.168718e+05   1.935366e+05   3.658684e+01;
   6.554283e+02   3.658684e+01   1.009396e+00]
e=[ ...        
  -6.574321e+01   6.435953e+01   1.493827e+01;
   6.435953e+01  -6.202942e+01  -1.451348e+01;
   1.493827e+01  -1.451348e+01  -2.868675e+00]
intgraF=[ ...  
   4.292650e+00  -4.910906e+00  -5.941369e-02;
   1.160404e+00  -9.030900e-01  -1.380973e-02;
   3.332817e+00  -2.799206e+00  -3.907455e-02]
F=[ ...        
  -4.836543e+02   4.882751e+01  -1.250128e+00;
  -3.695718e+02   1.874826e+02  -1.066133e+00;
  -5.524980e+02  -5.912194e+02  -5.650958e-01]
R=[ ...        
  -6.535597e-01   2.624736e-01  -7.099065e-01;
  -5.572518e-01   4.678440e-01   6.859974e-01;
  -5.121817e-01  -8.439370e-01   1.595002e-01]
U=[ ...        
   8.050209e+02   1.664251e+02   1.700569e+00;
   1.664251e+02   5.994805e+02  -3.500041e-01;
   1.700569e+00  -3.500041e-01   6.597668e-02]
l=[ ...        
   1.955775e-03  -1.029777e-04   2.534495e-03;
  -5.544955e-03   8.515755e-05  -1.312971e-03;
  -3.468531e-05   3.451621e-05   8.302699e-05]
d=[ ...        
   1.955775e-03  -2.823966e-03   1.249905e-03;
  -2.823966e-03   8.515755e-05  -6.392273e-04;
   1.249905e-03  -6.392273e-04   8.302699e-05]
     iteration=        1300000       process=              3       (i,j,k)=              0              1              1       (x,y,z)=   5.000000e-03   1.500000e-02   1.575983e-02     particles=             39
fabric=[ ...   
   3.351761e-01   1.086504e-02   2.187710e-02;
   1.086504e-02   3.324284e-01  -2.085268e-03;
   2.187710e-02  -2.085268e-03   3.323955e-01]
sigma=[ ...    
  -1.024498e+02  -1.014307e+01  -8.847194e+00;
  -1.008448e+01  -8.472837e+01  -1.318690e+00;
  -8.892082e+00  -1.328633e+00  -1.337423e+02]
sigmaDot=[ ... 
   1.112659e+03  -8.538692e+02  -1.176808e+03;
  -1.069534e+04   8.884129e+02  -5.454984e+02;
  -5.362771e+02  -9.684548e+02   1.276261e+03]
intgraE=[ ...  
  -4.103093e-02   7.389802e-02  -3.229189e-02;
   7.389802e-02   7.137701e-02  -4.357261e-02;
  -3.229189e-02  -4.357261e-02  -1.444598e-01]
E=[ ...        
   5.578766e+05  -5.798853e+05   7.722759e+00;
  -5.798853e+05   9.177397e+05  -3.211492e-01;
   7.722759e+00  -3.211492e-01  -4.995249e-01]
e=[ ...        
   4.461526e-01   4.048763e+00   7.652120e+00;
   4.048763e+00  -3.039353e+02  -5.753796e+02;
   7.652120e+00  -5.753796e+02  -1.086961e+03]
intgraF=[ ...  
   9.472284e-01  -2.471770e-04  -9.061580e-02;
   1.362340e-01   1.067518e+00  -1.252938e-01;
   4.622596e-02   5.619804e-02   8.289575e-01]
F=[ ...        
  -5.252810e+02  -1.425805e+02  -2.423631e-02;
  -8.115510e+02   1.190443e+03   6.115849e-03;
   4.256982e+02  -6.308706e+02   1.803617e-02]
R=[ ...        
  -8.704273e-01  -4.922572e-01  -6.265836e-03;
  -4.376652e-01   7.679429e-01   4.676674e-01;
   2.254008e-01  -4.098128e-01   8.838823e-01]
U=[ ...        
   9.083593e+02  -5.391081e+02   2.248462e-02;
  -5.391081e+02   1.242917e+03   9.235666e-03;
   2.248462e-02   9.235666e-03   1.895390e-02]
l=[ ...        
  -5.308913e-04   7.994417e-04  -2.606139e-03;
  -4.746043e-05   9.888147e-04  -2.897413e-03;
   1.520707e-05   8.300559e-04  -2.868833e-03]
d=[ ...        
  -5.308913e-04   3.759906e-04  -1.295466e-03;
   3.759906e-04   9.888147e-04  -1.033678e-03;
  -1.295466e-03  -1.033678e-03  -2.868833e-03]
     iteration=        1300000       process=              4       (i,j,k)=              1              0              0       (x,y,z)=   1.500000e-02   5.000000e-03   5.253277e-03     particles=             77
fabric=[ ...   
   3.322163e-01   4.587120e-03  -1.146282e-02;
   4.587120e-03   3.198831e-01   2.024179e-02;
  -1.146282e-02   2.024179e-02   3.479006e-01]
sigma=[ ...    
  -2.890116e+02   1.825310e+01  -3.703867e+00;
   1.825425e+01  -2.588887e+02  -4.824265e+01;
  -3.698596e+00  -4.823425e+01  -3.696788e+02]
sigmaDot=[ ... 
  -1.787698e+02   1.743422e+02   1.591568e+02;
   2.150384e+02   5.442574e+01   3.011063e+00;
   2.926632e+01  -1.809614e+02  -3.119167e+02]
intgraE=[ ...  
   1.997178e+01  -1.507039e+00   1.549117e-02;
  -1.507039e+00   2.807039e+00   2.983787e-02;
   1.549117e-02   2.983787e-02  -4.996866e-01]
E=[ ...        
   1.458461e+06  -7.914539e+05   8.648125e+00;
  -7.914539e+05   4.650501e+05  -4.766219e+00;
   8.648125e+00  -4.766219e+00  -4.996759e-01]
e=[ ...        
  -7.132002e+02   2.837093e+02   2.541906e+02;
   2.837093e+02  -1.122798e+02  -1.010456e+02;
   2.541906e+02  -1.010456e+02  -9.003224e+01]
intgraF=[ ...  
   4.235420e+00   9.829189e-01   1.482408e-02;
   8.721521e-01   1.543409e+00   1.753238e-02;
   4.716367e+00  -1.807162e+00  -9.985392e-03]
F=[ ...        
  -7.310448e+00  -1.215944e+02  -2.038490e-02;
  -1.149833e+03   4.503771e+02   1.728177e-03;
   1.262835e+03  -8.440833e+02   1.515189e-02]
R=[ ...        
  -2.039305e-01  -4.244096e-01  -8.822068e-01;
  -8.860437e-01  -3.032210e-01   3.506901e-01;
   4.163399e-01  -8.531902e-01   3.142095e-01]
U=[ ...        
   1.546062e+03  -7.256825e+02   8.934198e-03;
  -7.256825e+02   6.352056e+02  -4.799917e-03;
   8.934198e-03  -4.799917e-03   2.335062e-02]
l=[ ...        
  -1.832295e-06  -2.894133e-04  -2.322435e-04;
   1.553858e-06  -4.537041e-05  -3.930651e-05;
  -1.574642e-06   3.811279e-05  -1.077636e-05]
d=[ ...        
  -1.832295e-06  -1.439297e-04  -1.169091e-04;
  -1.439297e-04  -4.537041e-05  -5.968584e-07;
  -1.169091e-04  -5.968584e-07  -1.077636e-05]
     iteration=        1300000       process=              5       (i,j,k)=              1              0              1       (x,y,z)=   1.500000e-02   5.000000e-03   1.575983e-02     particles=             35
fabric=[ ...   
   3.330606e-01   7.185293e-03   4.723787e-03;
   7.185293e-03   3.589190e-01   3.254129e-03;
   4.723787e-03   3.254129e-03   3.080204e-01]
sigma=[ ...    
  -1.124088e+02  -1.366262e+00   8.801494e-01;
  -1.371845e+00  -1.198595e+02   1.591623e+01;
   8.875921e-01   1.591771e+01  -1.345444e+02]
sigmaDot=[ ... 
  -4.779730e+02  -1.585667e+02   2.575472e+02;
  -2.572066e+02  -3.529930e+02   4.081163e+01;
   1.880944e+02  -7.192168e+01  -4.535777e+02]
intgraE=[ ...  
  -9.613692e-03   1.044569e-02  -6.499479e-02;
   1.044569e-02   4.347223e-02   1.493198e-01;
  -6.499479e-02   1.493198e-01  -4.027498e-01]
E=[ ...        
   1.446300e+06  -4.949093e+05  -6.631775e+03;
  -4.949093e+05   9.678429e+05   9.123449e+03;
  -6.631775e+03   9.123449e+03   1.196949e+02]
e=[ ...        
   4.994272e-01  -2.034493e-03   3.977446e-04;
  -2.034493e-03   4.927712e-01   1.413528e-03;
   3.977446e-04   1.413528e-03   4.997233e-01]
intgraF=[ ...  
   9.892168e-01   2.952542e-02  -1.144077e-01;
   2.638262e-03   1.015633e+00   2.124688e-01;
  -4.707119e-02   2.335861e-01   3.691453e-01]
F=[ ...        
  -1.124091e+03   1.271331e+03   1.067101e+01;
   5.422893e+02  -2.595708e+02  -1.056472e+01;
   1.155397e+03   5.020225e+02   3.860812e+00]
R=[ ...        
  -5.138158e-01   8.180650e-01  -2.583853e-01;
   3.000339e-01  -1.108107e-01  -9.474707e-01;
   8.037244e-01   5.643498e-01   1.885110e-01]
U=[ ...        
   1.668902e+03  -3.276224e+02  -5.549681e+00;
  -3.276224e+02   1.352111e+03   1.207911e+01;
  -5.549681e+00   1.207911e+01   7.980338e+00]
l=[ ...        
  -5.958661e-06   6.658272e-05   9.880170e-06;
  -5.453021e-06   2.643091e-05   1.604422e-05;
   1.521116e-05  -1.096756e-05  -2.540031e-05]
d=[ ...        
  -5.958661e-06   3.056485e-05   1.254566e-05;
   3.056485e-05   2.643091e-05   2.538330e-06;
   1.254566e-05   2.538330e-06  -2.540031e-05]
     iteration=        1300000       process=              6       (i,j,k)=              1              1              0       (x,y,z)=   1.500000e-02   1.500000e-02   5.253277e-03     particles=             70
fabric=[ ...   
   3.125056e-01  -1.363538e-03   1.021388e-02;
  -1.363538e-03   3.304314e-01   1.984795e-02;
   1.021388e-02   1.984795e-02   3.570630e-01]
sigma=[ ...    
  -3.137450e+02  -4.051030e+01   1.800588e+01;
  -4.050799e+01  -3.484500e+02   2.108861e+01;
   1.800768e+01   2.109910e+01  -3.550774e+02]
sigmaDot=[ ... 
  -3.933027e+00  -1.088786e+02  -4.979079e+01;
  -1.079072e+02   7.750401e+00   6.784633e+01;
   1.449314e+01   3.859586e+01   4.892445e+01]
intgraE=[ ...  
   3.599988e-01  -8.533025e-01  -3.528242e-02;
  -8.533025e-01   3.564488e-01   3.694891e-02;
  -3.528242e-02   3.694891e-02  -4.981674e-01]
E=[ ...        
   1.254443e+06  -1.019855e+06   5.808597e-01;
  -1.019855e+06   8.590564e+05   4.169596e-01;
   5.808597e-01   4.169596e-01  -4.999360e-01]
e=[ ...        
  -4.385726e+02  -1.063788e+03   1.273372e+03;
  -1.063788e+03  -2.576855e+03   3.085137e+03;
   1.273372e+03   3.085137e+03  -3.692459e+03]
intgraF=[ ...  
   4.846748e-01  -6.109253e-01  -4.566219e-02;
  -1.115170e+00   1.058915e+00   3.604262e-02;
  -4.914105e-01   4.672968e-01   1.676782e-02]
F=[ ...        
   5.879314e+02  -2.596260e+02   4.553135e-03;
  -1.222151e+03   1.028638e+03  -4.875168e-03;
  -8.182728e+02   7.698130e+02   9.133146e-03]
R=[ ...        
   8.174442e-01   5.161024e-01  -2.557800e-01;
  -5.483696e-01   5.613849e-01  -6.197885e-01;
  -1.762833e-01   6.469044e-01   7.419157e-01]
U=[ ...        
   1.295039e+03  -9.120087e+02   4.785307e-03;
  -9.120087e+02   9.414637e+02   5.521310e-03;
   4.785307e-03   5.521310e-03   8.632996e-03]
l=[ ...        
  -1.152704e-02  -1.130345e-03   1.280499e-02;
   1.010979e-01   1.274584e-01  -1.803104e-01;
   1.875834e-02   2.156105e-02  -2.182103e-02]
d=[ ...        
  -1.152704e-02   4.998377e-02   1.578167e-02;
   4.998377e-02   1.274584e-01  -7.937469e-02;
   1.578167e-02  -7.937469e-02  -2.182103e-02]
     iteration=        1300000       process=              7       (i,j,k)=              1              1              1       (x,y,z)=   1.500000e-02   1.500000e-02   1.575983e-02     particles=             48
fabric=[ ...   
   3.295686e-01  -1.015315e-02  -9.363628e-03;
  -1.015315e-02   3.120911e-01  -6.333273e-03;
  -9.363628e-03  -6.333273e-03   3.583403e-01]
sigma=[ ...    
  -7.688423e+01   2.213977e-01   1.226107e+01;
   2.201358e-01  -7.527909e+01   3.857009e+00;
   1.226263e+01   3.858643e+00  -1.001665e+02]
sigmaDot=[ ... 
  -2.190294e+02  -1.702799e+02   6.404325e+01;
  -2.279910e+02  -4.395589e+02  -1.664416e+00;
   3.444842e+01   2.265916e-01   1.346640e+02]
intgraE=[ ...  
   1.740838e-02   7.398418e-02  -9.779705e-02;
   7.398418e-02   1.064870e-02  -3.851925e-02;
  -9.779705e-02  -3.851925e-02  -4.664299e-01]
E=[ ...        
   6.940529e+05  -5.277878e+05   1.521941e+01;
  -5.277878e+05   4.208961e+05  -1.237948e+01;
   1.521941e+01  -1.237948e+01  -4.996319e-01]
e=[ ...        
  -2.903434e+04  -1.319772e+04  -7.426445e+04;
  -1.319772e+04  -5.998495e+03  -3.375674e+04;
  -7.426445e+04  -3.375674e+04  -1.899509e+05]
intgraF=[ ...  
   1.008013e+00   2.683286e-02  -1.737988e-01;
   1.045816e-01   9.911033e-01  -3.574224e-02;
  -8.825179e-02  -1.956826e-01   1.888299e-01]
F=[ ...        
  -6.868614e+02   6.663986e+02  -2.046778e-02;
  -8.595581e+02   5.223400e+02  -1.319024e-02;
   4.212934e+02  -3.533653e+02   1.196913e-02]
R=[ ...        
  -9.087308e-02   9.288255e-01   3.592009e-01;
  -9.737722e-01  -1.584255e-01   1.633067e-01;
   2.085900e-01  -3.349397e-01   9.188610e-01]
U=[ ...        
   9.873086e+02  -6.429063e+02   1.720090e-02;
  -6.429063e+02   6.545721e+02  -2.093026e-02;
   1.720090e-02  -2.093026e-02   1.491863e-03]
l=[ ...        
  -2.672369e-05  -3.542288e-05   1.663903e-05;
  -2.797329e-05  -5.375365e-06  -8.755519e-06;
   5.251511e-06   1.123212e-05   9.712093e-06]
d=[ ...        
  -2.672369e-05  -3.169808e-05   1.094527e-05;
  -3.169808e-05  -5.375365e-06   1.238302e-06;
   1.094527e-05   1.238302e-06   9.712093e-06]
