     iteration=          38687       process=              0       (i,j,k)=              0              0              0       (x,y,z)=   4.989146e-03   5.011790e-03   4.577235e-03     particles=             75
fabric=[ ...   
   3.690822e-01   1.705350e-02   1.528512e-02;
   1.705350e-02   3.294012e-01   1.664703e-02;
   1.528512e-02   1.664703e-02   3.015166e-01]
sigma=[ ...    
  -3.150593e+05  -4.139929e+04  -2.634912e+04;
  -1.985406e+04  -2.775269e+05  -1.522159e+04;
  -2.410872e+04  -1.581367e+04  -2.973542e+05]
sigmaDot=[ ... 
   0.000000e+00   0.000000e+00   0.000000e+00;
   0.000000e+00   0.000000e+00   0.000000e+00;
   0.000000e+00   0.000000e+00   0.000000e+00]
intgraE=[ ...  
  -5.000000e-01   0.000000e+00   0.000000e+00;
   0.000000e+00  -5.000000e-01   0.000000e+00;
   0.000000e+00   0.000000e+00  -5.000000e-01]
E=[ ...        
  -1.352171e-03   1.854464e-03  -3.220031e-04;
   1.854464e-03   1.927440e-03   6.767597e-05;
  -3.220031e-04   6.767597e-05   2.146910e-03]
e=[ ...        
  -1.351021e-03   1.861869e-03  -3.270285e-04;
   1.861869e-03   1.902538e-03   7.307372e-05;
  -3.270285e-04   7.307372e-05   2.136249e-03]
intgraF=[ ...  
   0.000000e+00   0.000000e+00   0.000000e+00;
   0.000000e+00   0.000000e+00   0.000000e+00;
   0.000000e+00   0.000000e+00   0.000000e+00]
F=[ ...        
   9.986446e-01   4.677566e-03  -2.548568e-03;
  -9.629289e-04   1.001914e+00  -1.158260e-03;
   1.895934e-03   1.304957e-03   1.002141e+00]
R=[ ...        
   9.999936e-01   2.818359e-03  -2.222057e-03;
  -2.821084e-03   9.999953e-01  -1.224379e-03;
   2.218596e-03   1.230640e-03   9.999968e-01]
U=[ ...        
   9.986451e-01   1.853948e-03  -3.219388e-04;
   1.853948e-03   1.001924e+00   6.783640e-05;
  -3.219388e-04   6.783640e-05   1.002145e+00]
l=[ ...        
  -5.119028e-02   2.623260e-02  -4.454966e-02;
  -4.713622e-02   3.500003e-02  -4.391316e-02;
   1.028799e-01  -2.780777e-02   4.237336e-02]
d=[ ...        
  -5.119028e-02  -1.045181e-02   2.916511e-02;
  -1.045181e-02   3.500003e-02  -3.586046e-02;
   2.916511e-02  -3.586046e-02   4.237336e-02]
     iteration=          38687       process=              1       (i,j,k)=              0              0              1       (x,y,z)=   4.989146e-03   5.011790e-03   1.370916e-02     particles=             54
fabric=[ ...   
   3.238199e-01  -5.952989e-06  -2.017381e-02;
  -5.952989e-06   4.118702e-01  -2.546145e-02;
  -2.017381e-02  -2.546145e-02   2.643099e-01]
sigma=[ ...    
  -1.325289e+05   2.252818e+04  -2.087195e+04;
   2.242833e+04  -1.659777e+05   8.844660e+03;
  -2.080513e+04   8.933522e+03  -1.135588e+05]
sigmaDot=[ ... 
   0.000000e+00   0.000000e+00   0.000000e+00;
   0.000000e+00   0.000000e+00   0.000000e+00;
   0.000000e+00   0.000000e+00   0.000000e+00]
intgraE=[ ...  
  -5.000000e-01   0.000000e+00   0.000000e+00;
   0.000000e+00  -5.000000e-01   0.000000e+00;
   0.000000e+00   0.000000e+00  -5.000000e-01]
E=[ ...        
   1.270575e-02  -3.116158e-03   7.455702e-04;
  -3.116158e-03   2.154564e-02   8.868541e-03;
   7.455702e-04   8.868541e-03   7.943834e-03]
e=[ ...        
   1.240024e-02  -2.990477e-03   7.153278e-04;
  -2.990477e-03   2.037011e-02   8.445375e-03;
   7.153278e-04   8.445375e-03   7.769500e-03]
intgraF=[ ...  
   0.000000e+00   0.000000e+00   0.000000e+00;
   0.000000e+00   0.000000e+00   0.000000e+00;
   0.000000e+00   0.000000e+00   0.000000e+00]
F=[ ...        
   1.012620e+00  -8.493240e-03  -1.342724e-03;
   2.279058e-03   1.021181e+00   3.094218e-03;
   2.821448e-03   1.445165e-02   1.007907e+00]
R=[ ...        
   9.999839e-01  -5.295408e-03  -2.031699e-03;
   5.283943e-03   9.999703e-01  -5.607607e-03;
   2.061333e-03   5.596782e-03   9.999822e-01]
U=[ ...        
   1.012621e+00  -3.067453e-03   7.512795e-04;
  -3.067453e-03   1.021276e+00   8.742271e-03;
   7.512795e-04   8.742271e-03   1.007874e+00]
l=[ ...        
  -1.430951e-02  -3.298161e-02  -1.443343e-01;
  -6.674695e-02  -8.560688e-02   6.861188e-02;
  -4.181589e-02   4.460750e-02  -1.826372e-01]
d=[ ...        
  -1.430951e-02  -4.986428e-02  -9.307507e-02;
  -4.986428e-02  -8.560688e-02   5.660969e-02;
  -9.307507e-02   5.660969e-02  -1.826372e-01]
     iteration=          38687       process=              2       (i,j,k)=              0              1              0       (x,y,z)=   4.989146e-03   1.497436e-02   4.577235e-03     particles=             69
fabric=[ ...   
   3.065741e-01  -2.562866e-02  -1.473603e-02;
  -2.562866e-02   3.790821e-01   1.722406e-02;
  -1.473603e-02   1.722406e-02   3.143437e-01]
sigma=[ ...    
  -1.073889e+05   3.010228e+04   5.097428e+03;
   3.013359e+04  -1.317525e+05  -8.847732e+03;
   4.779917e+03  -9.107980e+03  -1.196104e+05]
sigmaDot=[ ... 
   0.000000e+00   0.000000e+00   0.000000e+00;
   0.000000e+00   0.000000e+00   0.000000e+00;
   0.000000e+00   0.000000e+00   0.000000e+00]
intgraE=[ ...  
  -5.000000e-01   0.000000e+00   0.000000e+00;
   0.000000e+00  -5.000000e-01   0.000000e+00;
   0.000000e+00   0.000000e+00  -5.000000e-01]
E=[ ...        
   7.820987e-03   7.959966e-04   8.992876e-03;
   7.959966e-04  -3.075530e-03   4.152549e-03;
   8.992876e-03   4.152549e-03   1.268659e-02]
e=[ ...        
   7.664986e-03   7.181030e-04   8.663871e-03;
   7.181030e-04  -3.159154e-03   4.005086e-03;
   8.663871e-03   4.005086e-03   1.209939e-02]
intgraF=[ ...  
   0.000000e+00   0.000000e+00   0.000000e+00;
   0.000000e+00   0.000000e+00   0.000000e+00;
   0.000000e+00   0.000000e+00   0.000000e+00]
F=[ ...        
   1.007788e+00   2.537629e-04   1.588048e-02;
   1.324976e-03   9.968886e-01   3.333428e-04;
   1.956729e-03   7.870518e-03   1.012483e+00]
R=[ ...        
   9.999761e-01  -5.522095e-04   6.895487e-03;
   5.781061e-04   9.999928e-01  -3.754164e-03;
  -6.893364e-03   3.758060e-03   9.999692e-01]
U=[ ...        
   1.007751e+00   7.758100e-04   8.900882e-03;
   7.758100e-04   9.969109e-01   4.129542e-03;
   8.900882e-03   4.129542e-03   1.012560e+00]
l=[ ...        
   8.990116e-03  -7.128832e-03  -1.609849e-02;
   4.705570e-02  -1.215788e-01  -4.403539e-02;
  -9.574941e-02   1.592707e-01   1.767872e-01]
d=[ ...        
   8.990116e-03   1.996343e-02  -5.592395e-02;
   1.996343e-02  -1.215788e-01   5.761765e-02;
  -5.592395e-02   5.761765e-02   1.767872e-01]
     iteration=          38687       process=              3       (i,j,k)=              0              1              1       (x,y,z)=   4.989146e-03   1.497436e-02   1.370916e-02     particles=             46
fabric=[ ...   
   3.708717e-01  -6.272868e-03  -7.822414e-03;
  -6.272868e-03   3.118008e-01   4.087657e-02;
  -7.822414e-03   4.087657e-02   3.173275e-01]
sigma=[ ...    
  -1.915288e+05   4.174127e+04   1.780907e+04;
   4.226675e+04  -2.674461e+05  -3.937999e+04;
   1.759306e+04  -3.966517e+04  -3.170177e+05]
sigmaDot=[ ... 
   0.000000e+00   0.000000e+00   0.000000e+00;
   0.000000e+00   0.000000e+00   0.000000e+00;
   0.000000e+00   0.000000e+00   0.000000e+00]
intgraE=[ ...  
  -5.000000e-01   0.000000e+00   0.000000e+00;
   0.000000e+00  -5.000000e-01   0.000000e+00;
   0.000000e+00   0.000000e+00  -5.000000e-01]
E=[ ...        
  -3.783236e-04   3.794322e-03   2.567698e-03;
   3.794322e-03   6.926927e-03  -2.321039e-03;
   2.567698e-03  -2.321039e-03   5.946296e-03]
e=[ ...        
  -3.462057e-04   3.829545e-03   2.529991e-03;
   3.829545e-03   6.713088e-03  -2.308561e-03;
   2.529991e-03  -2.308561e-03   5.859502e-03]
intgraF=[ ...  
   0.000000e+00   0.000000e+00   0.000000e+00;
   0.000000e+00   0.000000e+00   0.000000e+00;
   0.000000e+00   0.000000e+00   0.000000e+00]
F=[ ...        
   9.996021e-01   1.344272e-02   2.807587e-03;
  -5.799936e-03   1.006805e+00  -6.201924e-04;
   2.311633e-03  -4.031522e-03   1.005925e+00]
R=[ ...        
   9.999540e-01   9.592401e-03   2.633403e-04;
  -9.592837e-03   9.999525e-01   1.705287e-03;
  -2.469700e-04  -1.707735e-03   9.999985e-01]
U=[ ...        
   9.996111e-01   3.784977e-03   2.564974e-03;
   3.784977e-03   1.006893e+00  -2.311084e-03;
   2.564974e-03  -2.311084e-03   1.005923e+00]
l=[ ...        
  -4.034655e-02  -1.404970e-02   6.774123e-02;
  -9.628744e-02   3.606765e-02   3.846904e-02;
  -3.577702e-02  -6.139826e-03   8.626471e-02]
d=[ ...        
  -4.034655e-02  -5.516857e-02   1.598211e-02;
  -5.516857e-02   3.606765e-02   1.616461e-02;
   1.598211e-02   1.616461e-02   8.626471e-02]
     iteration=          38687       process=              4       (i,j,k)=              1              0              0       (x,y,z)=   1.493224e-02   5.011790e-03   4.577235e-03     particles=             67
fabric=[ ...   
   3.345849e-01   5.927335e-03  -5.957647e-04;
   5.927335e-03   3.155431e-01   9.903195e-03;
  -5.957647e-04   9.903195e-03   3.498721e-01]
sigma=[ ...    
  -3.007944e+05  -1.842353e+04   5.770898e+03;
  -1.893546e+04  -1.886113e+05   3.782076e+03;
   5.985631e+03   3.811319e+03  -2.028466e+05]
sigmaDot=[ ... 
   0.000000e+00   0.000000e+00   0.000000e+00;
   0.000000e+00   0.000000e+00   0.000000e+00;
   0.000000e+00   0.000000e+00   0.000000e+00]
intgraE=[ ...  
  -5.000000e-01   0.000000e+00   0.000000e+00;
   0.000000e+00  -5.000000e-01   0.000000e+00;
   0.000000e+00   0.000000e+00  -5.000000e-01]
E=[ ...        
  -1.429758e-03  -3.370254e-03  -6.259739e-04;
  -3.370254e-03   5.146599e-03   2.042264e-03;
  -6.259739e-04   2.042264e-03   1.053198e-03]
e=[ ...        
  -1.470661e-03  -3.334209e-03  -5.990553e-04;
  -3.334209e-03   5.096526e-03   1.990720e-03;
  -5.990553e-04   1.990720e-03   1.022641e-03]
intgraF=[ ...  
   0.000000e+00   0.000000e+00   0.000000e+00;
   0.000000e+00   0.000000e+00   0.000000e+00;
   0.000000e+00   0.000000e+00   0.000000e+00]
F=[ ...        
   9.985517e-01  -9.705493e-04  -2.645989e-03;
  -5.738767e-03   1.005131e+00   6.266833e-03;
   1.424706e-03  -2.214746e-03   1.001030e+00]
R=[ ...        
   9.999951e-01   2.384750e-03  -2.026044e-03;
  -2.376172e-03   9.999882e-01   4.226006e-03;
   2.036099e-03  -4.221171e-03   9.999890e-01]
U=[ ...        
   9.985634e-01  -3.363417e-03  -6.226720e-04;
  -3.363417e-03   1.005126e+00   2.034933e-03;
  -6.226720e-04   2.034933e-03   1.001050e+00]
l=[ ...        
  -1.436470e-03  -6.664277e-03  -5.443369e-03;
  -2.840691e-02  -7.292948e-03  -4.230530e-02;
   2.764996e-02  -2.546009e-02  -3.678784e-03]
d=[ ...        
  -1.436470e-03  -1.753560e-02   1.110329e-02;
  -1.753560e-02  -7.292948e-03  -3.388270e-02;
   1.110329e-02  -3.388270e-02  -3.678784e-03]
     iteration=          38687       process=              5       (i,j,k)=              1              0              1       (x,y,z)=   1.493224e-02   5.011790e-03   1.370916e-02     particles=             42
fabric=[ ...   
   3.394078e-01  -1.459062e-03   2.126428e-02;
  -1.459062e-03   3.537973e-01  -1.539749e-02;
   2.126428e-02  -1.539749e-02   3.067949e-01]
sigma=[ ...    
  -1.475357e+05  -1.675396e+04  -6.648105e+03;
  -1.670415e+04  -1.725087e+05  -2.307242e+04;
  -6.687163e+03  -2.332847e+04  -1.931245e+05]
sigmaDot=[ ... 
   0.000000e+00   0.000000e+00   0.000000e+00;
   0.000000e+00   0.000000e+00   0.000000e+00;
   0.000000e+00   0.000000e+00   0.000000e+00]
intgraE=[ ...  
  -5.000000e-01   0.000000e+00   0.000000e+00;
   0.000000e+00  -5.000000e-01   0.000000e+00;
   0.000000e+00   0.000000e+00  -5.000000e-01]
E=[ ...        
  -8.289043e-03  -1.764828e-03   6.772747e-04;
  -1.764828e-03   5.542270e-03   2.425186e-05;
   6.772747e-04   2.425186e-05   3.975956e-03]
e=[ ...        
  -8.432742e-03  -1.773013e-03   7.174562e-04;
  -1.773013e-03   5.475600e-03   2.827071e-05;
   7.174562e-04   2.827071e-05   3.940036e-03]
intgraF=[ ...  
   0.000000e+00   0.000000e+00   0.000000e+00;
   0.000000e+00   0.000000e+00   0.000000e+00;
   0.000000e+00   0.000000e+00   0.000000e+00]
F=[ ...        
   9.916729e-01  -1.711404e-03   3.222970e-03;
  -1.825209e-03   1.005524e+00   1.574089e-03;
  -1.831454e-03  -1.522732e-03   1.003962e+00]
R=[ ...        
   9.999968e-01   5.553185e-05   2.534140e-03;
  -5.944284e-05   9.999988e-01   1.543271e-03;
  -2.534051e-03  -1.543417e-03   9.999956e-01]
U=[ ...        
   9.916745e-01  -1.767311e-03   6.787755e-04;
  -1.767311e-03   1.005525e+00   2.473425e-05;
   6.787755e-04   2.473425e-05   1.003968e+00]
l=[ ...        
  -5.349401e-02  -3.649769e-02   1.288511e-02;
  -1.076206e-01  -1.635514e-02  -2.531077e-02;
  -2.713566e-02  -3.347497e-02   7.374816e-02]
d=[ ...        
  -5.349401e-02  -7.205916e-02  -7.125276e-03;
  -7.205916e-02  -1.635514e-02  -2.939287e-02;
  -7.125276e-03  -2.939287e-02   7.374816e-02]
     iteration=          38687       process=              6       (i,j,k)=              1              1              0       (x,y,z)=   1.493224e-02   1.497436e-02   4.577235e-03     particles=             59
fabric=[ ...   
   3.330502e-01  -1.332206e-02  -9.822935e-03;
  -1.332206e-02   3.315361e-01   1.795506e-02;
  -9.822935e-03   1.795506e-02   3.354137e-01]
sigma=[ ...    
  -1.281125e+05   1.272525e+04   4.607559e+04;
   1.277372e+04  -9.353063e+04  -1.354202e+04;
   4.627915e+04  -1.349422e+04  -8.602719e+04]
sigmaDot=[ ... 
   0.000000e+00   0.000000e+00   0.000000e+00;
   0.000000e+00   0.000000e+00   0.000000e+00;
   0.000000e+00   0.000000e+00   0.000000e+00]
intgraE=[ ...  
  -5.000000e-01   0.000000e+00   0.000000e+00;
   0.000000e+00  -5.000000e-01   0.000000e+00;
   0.000000e+00   0.000000e+00  -5.000000e-01]
E=[ ...        
  -1.443069e-02   3.873560e-03   2.038862e-02;
   3.873560e-03  -5.341437e-03  -4.502456e-03;
   2.038862e-02  -4.502456e-03   1.552647e-02]
e=[ ...        
  -1.539913e-02   4.097909e-03   2.057312e-02;
   4.097909e-03  -5.480533e-03  -5.163231e-03;
   2.057312e-02  -5.163231e-03   1.386514e-02]
intgraF=[ ...  
   0.000000e+00   0.000000e+00   0.000000e+00;
   0.000000e+00   0.000000e+00   0.000000e+00;
   0.000000e+00   0.000000e+00   0.000000e+00]
F=[ ...        
   9.852839e-01   1.927141e-02   2.576996e-02;
  -1.142121e-02   9.944268e-01  -1.752642e-02;
   1.496296e-02   7.810602e-03   1.014929e+00]
R=[ ...        
   9.998667e-01   1.541956e-02   5.367724e-03;
  -1.535147e-02   9.998040e-01  -1.250364e-02;
  -5.559473e-03   1.241957e-02   9.999074e-01]
U=[ ...        
   9.852447e-01   3.959506e-03   2.039311e-02;
   3.959506e-03   9.946261e-01  -4.520636e-03;
   2.039311e-02  -4.520636e-03   1.015193e+00]
l=[ ...        
  -6.215616e-02   2.740053e-02  -3.003694e-02;
  -6.896582e-02  -4.471778e-03  -1.021718e-01;
   9.470735e-02   5.596711e-02   7.024137e-02]
d=[ ...        
  -6.215616e-02  -2.078264e-02   3.233520e-02;
  -2.078264e-02  -4.471778e-03  -2.310234e-02;
   3.233520e-02  -2.310234e-02   7.024137e-02]
     iteration=          38687       process=              7       (i,j,k)=              1              1              1       (x,y,z)=   1.493224e-02   1.497436e-02   1.370916e-02     particles=             53
fabric=[ ...   
   3.727817e-01  -3.131107e-02   1.642515e-02;
  -3.131107e-02   3.382836e-01   2.785097e-02;
   1.642515e-02   2.785097e-02   2.889346e-01]
sigma=[ ...    
  -3.956023e+04   6.384149e+03  -1.890305e+02;
   6.626778e+03  -3.589203e+04  -4.130720e+02;
  -2.754387e+02  -5.935790e+02  -3.515369e+04]
sigmaDot=[ ... 
   0.000000e+00   0.000000e+00   0.000000e+00;
   0.000000e+00   0.000000e+00   0.000000e+00;
   0.000000e+00   0.000000e+00   0.000000e+00]
intgraE=[ ...  
  -5.000000e-01   0.000000e+00   0.000000e+00;
   0.000000e+00  -5.000000e-01   0.000000e+00;
   0.000000e+00   0.000000e+00  -5.000000e-01]
E=[ ...        
   8.173211e-03  -1.602654e-02  -7.022606e-04;
  -1.602654e-02  -1.973794e-02   2.240789e-02;
  -7.022606e-04   2.240789e-02   8.093507e-03]
e=[ ...        
   8.201549e-03  -1.577992e-02  -5.701875e-04;
  -1.577992e-02  -2.322509e-02   2.276305e-02;
  -5.701875e-04   2.276305e-02   7.326005e-03]
intgraF=[ ...  
   0.000000e+00   0.000000e+00   0.000000e+00;
   0.000000e+00   0.000000e+00   0.000000e+00;
   0.000000e+00   0.000000e+00   0.000000e+00]
F=[ ...        
   1.008127e+00  -3.672363e-02  -4.339427e-04;
   5.108357e-03   9.788970e-01   1.426141e-02;
  -1.031692e-03   3.059586e-02   1.007960e+00]
R=[ ...        
   9.997783e-01  -2.104753e-02   5.526052e-04;
   2.105136e-02   9.997447e-01  -8.202776e-03;
  -3.798160e-04   8.212591e-03   9.999662e-01]
U=[ ...        
   1.008011e+00  -1.612000e-02  -5.164639e-04;
  -1.612000e-02   9.796714e-01   2.254486e-02;
  -5.164639e-04   2.254486e-02   1.007809e+00]
l=[ ...        
   8.498995e-02   3.806414e-02  -4.342938e-02;
  -1.949934e-02   1.296005e-02   1.062251e-01;
  -9.845391e-03   3.333204e-02   8.162722e-02]
d=[ ...        
   8.498995e-02   9.282401e-03  -2.663739e-02;
   9.282401e-03   1.296005e-02   6.977856e-02;
  -2.663739e-02   6.977856e-02   8.162722e-02]
