     iteration=           9999       process=              0       (i,j,k)=              0              0              0       (x,y,z)=   4.994652e-03   5.011773e-03   4.582926e-03     particles=             74
fabric=[ ...   
   3.944649e-01   2.008326e-02   2.892979e-02;
   2.008326e-02   2.951891e-01   2.701511e-02;
   2.892979e-02   2.701511e-02   3.103460e-01]
sigma=[ ...    
  -3.799939e+04  -8.655043e+02   1.701294e+03;
  -1.095683e+03  -2.057829e+04  -3.717783e+03;
   1.670024e+03  -3.691202e+03  -2.289178e+04]
sigmaDot=[ ... 
   1.330688e+07  -3.953803e+06   1.144147e+06;
  -8.206851e+06  -7.872752e+06   2.989096e+06;
  -3.569412e+06  -4.390621e+05  -1.614011e+05]
intgraE=[ ...  
  -1.130506e-03   1.857929e-03  -1.036487e-03;
   1.857929e-03   6.732055e-04  -8.913526e-04;
  -1.036487e-03  -8.913526e-04   1.069233e-04]
E=[ ...        
  -2.007446e-04   7.623098e-04   4.405922e-05;
   7.623098e-04  -1.723198e-03  -3.084515e-03;
   4.405922e-05  -3.084515e-03   9.044595e-04]
e=[ ...        
  -2.020624e-04   7.643409e-04   4.748980e-05;
   7.643409e-04  -1.765154e-03  -3.083358e-03;
   4.748980e-05  -3.083358e-03   8.995594e-04]
intgraF=[ ...  
   9.988663e-01   4.852725e-03  -1.290080e-04;
  -1.133217e-03   1.000660e+00  -4.445834e-04;
  -1.944409e-03  -1.337059e-03   1.000107e+00]
F=[ ...        
   9.997988e-01   6.889744e-04   5.159733e-04;
   8.348281e-04   9.982591e-01  -5.225268e-04;
  -4.269289e-04  -5.642669e-03   1.000904e+00]
R=[ ...        
   9.999999e-01  -7.281708e-05   4.701050e-04;
   7.161292e-05   9.999967e-01   2.560970e-03;
  -4.702899e-04  -2.560936e-03   9.999966e-01]
U=[ ...        
   9.997989e-01   7.631163e-04   4.522085e-05;
   7.631163e-04   9.982703e-01  -3.085814e-03;
   4.522085e-05  -3.085814e-03   1.000899e+00]
l=[ ...        
  -2.978308e-02   1.274866e-01  -3.389185e-03;
  -2.977090e-02   1.734733e-02  -1.167971e-02;
  -5.108182e-02  -3.512606e-02   2.806032e-03]
d=[ ...        
  -2.978308e-02   4.885784e-02  -2.723550e-02;
   4.885784e-02   1.734733e-02  -2.340289e-02;
  -2.723550e-02  -2.340289e-02   2.806032e-03]
     iteration=           9999       process=              1       (i,j,k)=              0              0              1       (x,y,z)=   4.994652e-03   5.011773e-03   1.373602e-02     particles=             53
fabric=[ ...   
   3.308823e-01  -2.754897e-02   2.014501e-02;
  -2.754897e-02   3.701634e-01   5.715560e-04;
   2.014501e-02   5.715560e-04   2.989543e-01]
sigma=[ ...    
  -2.803413e+04   3.238552e+03  -2.763899e+03;
   3.409878e+03  -2.697046e+04  -1.031880e+03;
  -2.806066e+03  -1.074624e+03  -1.756803e+04]
sigmaDot=[ ... 
   7.660283e+04  -6.284433e+06  -6.486988e+06;
   3.464449e+06   8.052053e+06  -2.084341e+07;
  -2.042795e+06  -5.474189e+06  -2.054820e+06]
intgraE=[ ...  
  -1.037896e-03  -2.395557e-03  -1.919041e-03;
  -2.395557e-03   1.108330e-03   1.559778e-03;
  -1.919041e-03   1.559778e-03  -1.826207e-03]
E=[ ...        
  -1.105129e-03   4.400749e-03  -7.779092e-04;
   4.400749e-03  -2.018343e-02   3.203244e-04;
  -7.779092e-04   3.203244e-04  -5.120334e-04]
e=[ ...        
  -1.159332e-03   4.617954e-03  -7.853552e-04;
   4.617954e-03  -2.106476e-02   3.472113e-04;
  -7.853552e-04   3.472113e-04  -5.140914e-04]
intgraF=[ ...  
   9.989553e-01  -3.419579e-03  -5.670922e-04;
  -1.363261e-03   1.001097e+00  -3.495654e-05;
  -3.277622e-03   3.158385e-03   9.981720e-01]
F=[ ...        
   9.988787e-01   3.402801e-03  -6.871935e-04;
   5.514989e-03   9.796028e-01   6.722512e-04;
  -8.735507e-04  -1.555998e-05   9.994874e-01]
R=[ ...        
   9.999994e-01  -1.067748e-03   9.246859e-05;
   1.067716e-03   9.999994e-01   3.478006e-04;
  -9.283990e-05  -3.477017e-04   9.999999e-01]
U=[ ...        
   9.988840e-01   4.448738e-03  -7.792676e-04;
   4.448738e-03   9.795985e-01   3.254611e-04;
  -7.792676e-04   3.254611e-04   9.994875e-01]
l=[ ...        
  -2.744658e-02  -8.983622e-02  -1.489815e-02;
  -3.581440e-02   2.881664e-02  -9.183480e-04;
  -8.610684e-02   8.297436e-02  -4.802467e-02]
d=[ ...        
  -2.744658e-02  -6.282531e-02  -5.050250e-02;
  -6.282531e-02   2.881664e-02   4.102800e-02;
  -5.050250e-02   4.102800e-02  -4.802467e-02]
     iteration=           9999       process=              2       (i,j,k)=              0              1              0       (x,y,z)=   4.994652e-03   1.498601e-02   4.582926e-03     particles=             70
fabric=[ ...   
   2.930946e-01  -5.467807e-02   4.094025e-03;
  -5.467807e-02   3.378514e-01   1.378848e-02;
   4.094025e-03   1.378848e-02   3.690540e-01]
sigma=[ ...    
  -1.492977e+04   5.035611e+03   1.572851e+03;
   4.647921e+03  -1.679757e+04  -2.861438e+03;
   1.417476e+03  -2.870152e+03  -2.967411e+04]
sigmaDot=[ ... 
  -3.328333e+06  -2.539782e+06  -8.079240e+06;
  -9.121950e+06   1.407285e+07   1.696960e+06;
   7.706863e+06   2.054477e+06  -3.402227e+06]
intgraE=[ ...  
   4.477352e-03   9.150933e-04   1.028020e-02;
   9.150933e-04  -5.783359e-03  -1.689030e-03;
   1.028020e-02  -1.689030e-03   7.659786e-03]
E=[ ...        
   2.061098e-03   2.100965e-04   2.498050e-03;
   2.100965e-04  -1.155416e-03   3.665250e-04;
   2.498050e-03   3.665250e-04   1.487537e-03]
e=[ ...        
   2.045532e-03   2.072762e-04   2.479713e-03;
   2.072762e-04  -1.159052e-03   3.634017e-04;
   2.479713e-03   3.634017e-04   1.465782e-03]
intgraF=[ ...  
   1.004465e+00   9.425151e-05   1.891103e-02;
   1.743374e-03   9.941988e-01  -4.861895e-03;
   1.561793e-03   1.443107e-03   1.007441e+00]
F=[ ...        
   1.002058e+00  -3.590524e-04   3.616421e-03;
   7.788046e-04   9.988427e-01  -7.868003e-04;
   1.370822e-03   1.517992e-03   1.001480e+00]
R=[ ...        
   9.999992e-01  -5.696671e-04   1.121369e-03;
   5.709597e-04   9.999992e-01  -1.152718e-03;
  -1.120711e-03   1.153357e-03   9.999987e-01]
U=[ ...        
   1.002056e+00   2.095456e-04   2.493599e-03;
   2.095456e-04   9.988438e-01   3.662039e-04;
   2.493599e-03   3.662039e-04   1.001483e+00]
l=[ ...        
   1.172913e-01   2.476094e-03   4.968143e-01;
   4.580041e-02  -1.524049e-01  -1.277275e-01;
   4.103006e-02   3.791206e-02   1.954957e-01]
d=[ ...        
   1.172913e-01   2.413825e-02   2.689222e-01;
   2.413825e-02  -1.524049e-01  -4.490771e-02;
   2.689222e-01  -4.490771e-02   1.954957e-01]
     iteration=           9999       process=              3       (i,j,k)=              0              1              1       (x,y,z)=   4.994652e-03   1.498601e-02   1.373602e-02     particles=             47
fabric=[ ...   
   3.531309e-01  -3.375311e-03   1.813706e-03;
  -3.375311e-03   3.161191e-01   6.303256e-02;
   1.813706e-03   6.303256e-02   3.307499e-01]
sigma=[ ...    
  -3.061273e+04   2.003681e+03  -3.467160e+03;
   1.791819e+03  -4.799686e+04  -2.290028e+03;
  -3.543815e+03  -2.099428e+03  -6.411037e+04]
sigmaDot=[ ... 
  -1.154759e+05   6.566160e+05   3.622521e+06;
   2.680604e+06  -3.208277e+06   4.604689e+06;
  -2.425664e+06   4.801689e+06  -1.871057e+07]
intgraE=[ ...  
   1.116191e-02  -2.591714e-03  -2.066820e-03;
  -2.591714e-03  -4.928322e-03   9.254968e-04;
  -2.066820e-03   9.254968e-04   5.217741e-03]
E=[ ...        
   1.264510e-03   1.250011e-03  -2.128309e-03;
   1.250011e-03  -2.657485e-03  -2.022111e-03;
  -2.128309e-03  -2.022111e-03   4.275655e-03]
e=[ ...        
   1.250888e-03   1.245691e-03  -2.103316e-03;
   1.245691e-03  -2.688731e-03  -1.997847e-03;
  -2.103316e-03  -1.997847e-03   4.226631e-03]
intgraF=[ ...  
   1.011036e+00   5.368119e-03  -8.194785e-03;
  -1.067576e-02   9.950407e-01  -1.046135e-03;
   4.119114e-03   2.920829e-03   1.005170e+00]
F=[ ...        
   1.001261e+00   4.850783e-04  -2.957205e-03;
   2.014647e-03   9.973311e-01  -1.029177e-04;
  -1.289980e-03  -3.923422e-03   1.004262e+00]
R=[ ...        
   9.999994e-01  -7.673944e-04  -8.340098e-04;
   7.689860e-04   9.999979e-01   1.909742e-03;
   8.325425e-04  -1.910382e-03   9.999978e-01]
U=[ ...        
   1.001261e+00   1.248745e-03  -2.121191e-03;
   1.248745e-03   9.973361e-01  -2.019173e-03;
  -2.121191e-03  -2.019173e-03   1.004262e+00]
l=[ ...        
   2.899164e-01   1.410266e-01  -2.152863e-01;
  -2.804643e-01  -1.302862e-01  -2.748315e-02;
   1.082138e-01   7.673349e-02   1.358284e-01]
d=[ ...        
   2.899164e-01  -6.971890e-02  -5.353625e-02;
  -6.971890e-02  -1.302862e-01   2.462517e-02;
  -5.353625e-02   2.462517e-02   1.358284e-01]
     iteration=           9999       process=              4       (i,j,k)=              1              0              0       (x,y,z)=   1.495453e-02   5.011773e-03   4.582926e-03     particles=             67
fabric=[ ...   
   3.201476e-01  -1.636566e-02  -8.171639e-03;
  -1.636566e-02   2.978957e-01  -1.179092e-02;
  -8.171639e-03  -1.179092e-02   3.819567e-01]
sigma=[ ...    
  -5.136952e+04  -4.205230e+03  -4.116871e+02;
  -4.040542e+03  -3.019802e+04  -1.946878e+03;
  -5.189517e+02  -1.840258e+03  -3.321244e+04]
sigmaDot=[ ... 
  -4.274439e+06   5.684377e+05   7.017766e+06;
   2.133423e+06  -2.389486e+06   2.493739e+06;
  -1.068742e+05   9.920069e+06  -4.814370e+05]
intgraE=[ ...  
  -7.913224e-04  -3.594704e-04   8.832570e-04;
  -3.594704e-04   2.257496e-03   1.027625e-03;
   8.832570e-04   1.027625e-03  -1.203741e-03]
E=[ ...        
  -1.024530e-03  -6.775876e-04   1.933984e-05;
  -6.775876e-04   1.517995e-03   6.646264e-04;
   1.933984e-05   6.646264e-04   3.389209e-04]
e=[ ...        
  -1.028978e-03  -6.742925e-04   2.160267e-05;
  -6.742925e-04   1.514435e-03   6.608860e-04;
   2.160267e-05   6.608860e-04   3.364085e-04]
intgraF=[ ...  
   9.991994e-01   2.206538e-03  -1.287818e-03;
  -2.915924e-03   1.002252e+00   2.450317e-03;
   3.064149e-03  -3.982247e-04   9.987917e-01]
F=[ ...        
   9.989734e-01   3.764526e-04  -3.519950e-05;
  -1.728589e-03   1.001517e+00   1.726107e-03;
   7.680086e-05  -3.993245e-04   1.000337e+00]
R=[ ...        
   9.999994e-01   1.052321e-03  -5.545094e-05;
  -1.052262e-03   9.999989e-01   1.061752e-03;
   5.656818e-05  -1.061693e-03   9.999994e-01]
U=[ ...        
   9.989747e-01  -6.774278e-04   1.957147e-05;
  -6.774278e-04   1.001516e+00   6.640171e-04;
   1.957147e-05   6.640171e-04   1.000339e+00]
l=[ ...        
  -2.103237e-02   5.796824e-02  -3.383245e-02;
  -7.660461e-02   5.917430e-02   6.437260e-02;
   8.049866e-02  -1.046181e-02  -3.174347e-02]
d=[ ...        
  -2.103237e-02  -9.318187e-03   2.333311e-02;
  -9.318187e-03   5.917430e-02   2.695539e-02;
   2.333311e-02   2.695539e-02  -3.174347e-02]
     iteration=           9999       process=              5       (i,j,k)=              1              0              1       (x,y,z)=   1.495453e-02   5.011773e-03   1.373602e-02     particles=             43
fabric=[ ...   
   3.326646e-01   7.562325e-03   1.985770e-02;
   7.562325e-03   3.341599e-01  -2.467295e-02;
   1.985770e-02  -2.467295e-02   3.331755e-01]
sigma=[ ...    
  -3.328732e+04   2.561959e+02  -2.024199e+03;
   5.495396e+02  -3.428395e+04  -3.224991e+03;
  -2.156172e+03  -3.288958e+03  -3.868284e+04]
sigmaDot=[ ... 
   1.111103e+07   2.794106e+06   7.013614e+06;
   1.527456e+05  -1.641918e+06  -4.216269e+06;
  -2.013469e+07   8.709901e+06   5.449305e+06]
intgraE=[ ...  
  -4.585879e-03   8.509951e-04  -1.625671e-03;
   8.509951e-04   3.818872e-03   1.106598e-03;
  -1.625671e-03   1.106598e-03   1.246685e-03]
E=[ ...        
  -2.724704e-03  -4.793927e-04   4.289070e-04;
  -4.793927e-04   7.109565e-04  -8.147495e-04;
   4.289070e-04  -8.147495e-04  -1.314965e-04]
e=[ ...        
  -2.740377e-03  -4.807145e-04   4.307354e-04;
  -4.807145e-04   7.100250e-04  -8.124512e-04;
   4.307354e-04  -8.124512e-04  -1.351784e-04]
intgraF=[ ...  
   9.953942e-01   1.743654e-03   1.082522e-03;
  -2.855438e-05   1.003809e+00   1.056490e-03;
  -4.323467e-03   1.149363e-03   1.001245e+00]
F=[ ...        
   9.972713e-01  -3.012552e-04   7.330281e-04;
  -6.579130e-04   1.000711e+00  -1.853984e-03;
   1.255831e-04   2.260532e-04   9.998665e-01]
R=[ ...        
   9.999999e-01   1.785673e-04   3.038879e-04;
  -1.782513e-04   9.999994e-01  -1.039634e-03;
  -3.040734e-04   1.039580e-03   9.999994e-01]
U=[ ...        
   9.972714e-01  -4.797019e-04   4.293257e-04;
  -4.797019e-04   1.000710e+00  -8.144110e-04;
   4.293257e-04  -8.144110e-04   9.998681e-01]
l=[ ...        
  -1.210004e-01   4.580775e-02   2.843909e-02;
  -7.501559e-04   1.000782e-01   2.775519e-02;
  -1.135824e-01   3.019506e-02   3.270143e-02]
d=[ ...        
  -1.210004e-01   2.252880e-02  -4.257165e-02;
   2.252880e-02   1.000782e-01   2.897513e-02;
  -4.257165e-02   2.897513e-02   3.270143e-02]
     iteration=           9999       process=              6       (i,j,k)=              1              1              0       (x,y,z)=   1.495453e-02   1.498601e-02   4.582926e-03     particles=             59
fabric=[ ...   
   3.520380e-01  -3.704780e-02  -2.007792e-02;
  -3.704780e-02   3.213176e-01  -4.949426e-03;
  -2.007792e-02  -4.949426e-03   3.266444e-01]
sigma=[ ...    
  -1.507390e+04   4.251584e+03   5.740236e+03;
   4.331124e+03  -1.599949e+04  -3.182747e+03;
   5.609485e+03  -3.156132e+03  -1.372410e+04]
sigmaDot=[ ... 
  -5.343821e+06   1.225619e+06   5.082112e+06;
  -8.869223e+06  -4.170837e+05  -1.059943e+06;
   3.540342e+06  -5.619691e+06  -5.814799e+06]
intgraE=[ ...  
  -1.556612e-02   4.127902e-03   1.797068e-02;
   4.127902e-03  -3.141434e-03  -4.741197e-03;
   1.797068e-02  -4.741197e-03  -5.317617e-03]
E=[ ...        
  -8.131573e-04  -3.216074e-03   7.493795e-03;
  -3.216074e-03  -2.791101e-03  -3.240139e-03;
   7.493795e-03  -3.240139e-03   2.843770e-03]
e=[ ...        
  -9.930810e-04  -3.232467e-03   7.409924e-03;
  -3.232467e-03  -2.779441e-03  -3.265049e-03;
   7.409924e-03  -3.265049e-03   2.673659e-03]
intgraF=[ ...  
   9.841796e-01   2.228081e-02   2.792633e-02;
  -1.375051e-02   9.965975e-01  -1.388294e-02;
   8.314325e-03   3.752937e-03   9.941791e-01]
F=[ ...        
   9.991068e-01   3.596769e-03   7.282324e-03;
  -1.005862e-02   9.971983e-01  -7.149539e-03;
   7.618617e-03   6.213051e-04   1.002788e+00]
R=[ ...        
   9.999767e-01   6.825132e-03  -1.762575e-04;
  -6.825761e-03   9.999693e-01  -3.859610e-03;
   1.499097e-04   3.860723e-03   9.999925e-01]
U=[ ...        
   9.991533e-01  -3.209860e-03   7.481283e-03;
  -3.209860e-03   9.971946e-01  -3.228130e-03;
   7.481283e-03  -3.228130e-03   1.002807e+00]
l=[ ...        
  -4.156188e-01   5.853421e-01   7.336563e-01;
  -3.612414e-01  -8.938705e-02  -3.647207e-01;
   2.184267e-01   9.859392e-02  -1.529207e-01]
d=[ ...        
  -4.156188e-01   1.120504e-01   4.760415e-01;
   1.120504e-01  -8.938705e-02  -1.330634e-01;
   4.760415e-01  -1.330634e-01  -1.529207e-01]
     iteration=           9999       process=              7       (i,j,k)=              1              1              1       (x,y,z)=   1.495453e-02   1.498601e-02   1.373602e-02     particles=             52
fabric=[ ...   
   3.459683e-01   2.640466e-03  -4.663791e-03;
   2.640466e-03   3.331849e-01  -3.032044e-02;
  -4.663791e-03  -3.032044e-02   3.208468e-01]
sigma=[ ...    
  -5.520502e+03   6.272753e+02   1.731085e+01;
   5.780749e+02  -2.041104e+03   2.821856e+02;
   4.058165e+01   3.321099e+02  -4.830080e+03]
sigmaDot=[ ... 
  -5.471787e+06   2.551842e+06  -4.598377e+06;
  -4.645343e+06  -9.840684e+05   3.008975e+06;
   1.808384e+06   1.003101e+07  -3.296836e+06]
intgraE=[ ...  
   2.603580e-04   1.872020e-04  -4.477609e-03;
   1.872020e-04  -1.126379e-03   2.974981e-03;
  -4.477609e-03   2.974981e-03  -7.132105e-03]
E=[ ...        
  -3.296185e-04  -1.130269e-03   2.812446e-04;
  -1.130269e-03  -5.502735e-03   4.288873e-03;
   2.812446e-04   4.288873e-03  -4.821722e-03]
e=[ ...        
  -3.320443e-04  -1.148308e-03   2.921183e-04;
  -1.148308e-03  -5.634088e-03   4.376661e-03;
   2.921183e-04   4.376661e-03  -4.877812e-03]
intgraF=[ ...  
   1.000246e+00   1.926804e-03  -3.812603e-03;
  -1.523826e-03   9.988534e-01   5.366682e-05;
  -5.178702e-03   5.946307e-03   9.928350e-01]
F=[ ...        
   9.996695e-01  -1.584045e-03  -5.264998e-04;
  -6.891005e-04   9.944522e-01   1.074040e-03;
   1.094848e-03   7.545305e-03   9.951659e-01]
R=[ ...        
   9.999996e-01  -4.488175e-04  -8.129268e-04;
   4.461707e-04   9.999946e-01  -3.253208e-03;
   8.143825e-04   3.252844e-03   9.999944e-01]
U=[ ...        
   9.996696e-01  -1.134205e-03   2.844253e-04;
  -1.134205e-03   9.944720e-01   4.311390e-03;
   2.844253e-04   4.311390e-03   9.951572e-01]
l=[ ...        
   6.456322e-03   5.061931e-02  -1.001614e-01;
  -4.003264e-02  -3.012174e-02   1.409888e-03;
  -1.360504e-01   1.562162e-01  -1.882338e-01]
d=[ ...        
   6.456322e-03   5.293336e-03  -1.181059e-01;
   5.293336e-03  -3.012174e-02   7.881306e-02;
  -1.181059e-01   7.881306e-02  -1.882338e-01]
