     iteration=          29999       process=              0       (i,j,k)=              0              0              0       (x,y,z)=   4.989151e-03   5.011838e-03   4.578312e-03     particles=             75
fabric=[ ...   
   3.712084e-01   4.350718e-03  -1.742905e-03;
   4.350718e-03   2.914203e-01   2.415493e-02;
  -1.742905e-03   2.415493e-02   3.373712e-01]
sigma=[ ...    
  -7.457391e+04  -3.313575e+03   3.744258e+02;
  -3.354478e+03  -4.602343e+04  -7.784749e+03;
   3.415463e+02  -7.736244e+03  -5.191411e+04]
sigmaDot=[ ... 
   3.418248e+06  -1.310657e+06  -5.540359e+04;
   1.264227e+06  -2.680491e+06  -3.149421e+06;
   4.977730e+04   2.216706e+05   5.664676e+05]
intgraE=[ ...  
  -3.213934e-03  -3.860484e-04  -2.897977e-03;
  -3.860484e-04  -2.691203e-03   2.798529e-04;
  -2.897977e-03   2.798529e-04  -7.580103e-04]
E=[ ...        
  -1.393057e-03   1.460294e-03  -5.233827e-04;
   1.460294e-03   1.943519e-03   1.025282e-03;
  -5.233827e-04   1.025282e-03   1.878841e-03]
e=[ ...        
  -1.392941e-03   1.468613e-03  -5.240010e-04;
   1.468613e-03   1.919136e-03   1.021752e-03;
  -5.240010e-04   1.021752e-03   1.870871e-03]
intgraF=[ ...  
   9.967661e-01   3.739422e-03  -2.799165e-03;
  -4.508417e-03   9.972976e-01  -4.910719e-04;
  -3.010349e-03   1.060726e-03   9.992377e-01]
F=[ ...        
   9.986051e-01   4.178791e-03  -1.367488e-03;
  -1.250690e-03   1.001930e+00  -2.399508e-04;
   3.179190e-04   2.292392e-03   1.001876e+00]
R=[ ...        
   9.999960e-01   2.714232e-03  -8.446802e-04;
  -2.715297e-03   9.999955e-01  -1.262711e-03;
   8.412491e-04   1.264999e-03   9.999988e-01]
U=[ ...        
   9.986048e-01   1.460164e-03  -5.240040e-04;
   1.460164e-03   1.001940e+00   1.023711e-03;
  -5.240040e-04   1.023711e-03   1.001876e+00]
l=[ ...        
   4.569853e-03   2.341426e-02  -3.025975e-02;
  -5.511906e-02   5.671112e-03  -9.941476e-03;
   2.366290e-02   6.428274e-03   1.161572e-02]
d=[ ...        
   4.569853e-03  -1.585240e-02  -3.298421e-03;
  -1.585240e-02   5.671112e-03  -1.756601e-03;
  -3.298421e-03  -1.756601e-03   1.161572e-02]
     iteration=          29999       process=              1       (i,j,k)=              0              0              1       (x,y,z)=   4.989151e-03   5.011838e-03   1.371737e-02     particles=             54
fabric=[ ...   
   3.086649e-01  -3.097024e-02  -9.316046e-03;
  -3.097024e-02   4.019532e-01  -2.385891e-02;
  -9.316046e-03  -2.385891e-02   2.893819e-01]
sigma=[ ...    
  -5.154240e+04   9.874590e+03  -7.689717e+03;
   9.875916e+03  -7.168212e+04   1.456273e+03;
  -7.584337e+03   1.454031e+03  -4.274948e+04]
sigmaDot=[ ... 
   8.287088e+06   1.844366e+06   9.215006e+05;
  -1.377920e+06  -6.971582e+06  -3.158385e+06;
  -2.120389e+06  -1.604913e+06  -2.763857e+06]
intgraE=[ ...  
  -1.415872e-03  -4.182619e-03  -1.102904e-03;
  -4.182619e-03   1.649161e-03   4.656470e-03;
  -1.102904e-03   4.656470e-03  -3.109518e-03]
E=[ ...        
   1.214758e-02  -1.102960e-03   2.069942e-03;
  -1.102960e-03   1.884055e-02   7.183184e-03;
   2.069942e-03   7.183184e-03   1.020137e-02]
e=[ ...        
   1.185640e-02  -1.104796e-03   1.961964e-03;
  -1.104796e-03   1.800022e-02   6.827706e-03;
   1.961964e-03   6.827706e-03   9.946307e-03]
intgraF=[ ...  
   9.985775e-01  -6.170908e-03   3.299259e-04;
  -2.190512e-03   1.001622e+00   5.743988e-03;
  -2.530605e-03   3.572854e-03   9.968690e-01]
F=[ ...        
   1.012065e+00  -5.697629e-03   1.392595e-03;
   3.466848e-03   1.018593e+00   3.372987e-03;
   2.691494e-03   1.082876e-02   1.010143e+00]
R=[ ...        
   9.999896e-01  -4.515640e-03  -6.201770e-04;
   4.513327e-03   9.999830e-01  -3.681330e-03;
   6.367901e-04   3.678493e-03   9.999930e-01]
U=[ ...        
   1.012072e+00  -1.093432e-03   2.051053e-03;
  -1.093432e-03   1.018641e+00   7.082445e-03;
   2.051053e-03   7.082445e-03   1.010123e+00]
l=[ ...        
   1.867189e-03  -2.069534e-02  -5.936191e-02;
  -9.054692e-02  -7.438730e-02   2.966687e-02;
   1.750843e-02   5.838796e-02  -3.940017e-02]
d=[ ...        
   1.867189e-03  -5.562113e-02  -2.092674e-02;
  -5.562113e-02  -7.438730e-02   4.402742e-02;
  -2.092674e-02   4.402742e-02  -3.940017e-02]
     iteration=          29999       process=              2       (i,j,k)=              0              1              0       (x,y,z)=   4.989151e-03   1.497765e-02   4.578312e-03     particles=             69
fabric=[ ...   
   3.087831e-01  -2.671746e-02  -2.362149e-02;
  -2.671746e-02   3.671472e-01   2.726950e-02;
  -2.362149e-02   2.726950e-02   3.240697e-01]
sigma=[ ...    
  -4.825691e+04   1.515384e+04   2.706890e+03;
   1.541622e+04  -6.261822e+04  -4.118638e+03;
   2.420223e+03  -4.106070e+03  -5.275820e+04]
sigmaDot=[ ... 
   1.243232e+06  -1.250658e+07   1.042645e+07;
   1.559353e+07  -1.323540e+07  -1.458630e+06;
  -5.312204e+06  -1.137649e+07   8.939840e+06]
intgraE=[ ...  
   1.119914e-03   6.385733e-03   4.669832e-03;
   6.385733e-03  -7.534736e-03  -1.442781e-03;
   4.669832e-03  -1.442781e-03   1.171885e-02]
E=[ ...        
   7.986195e-03   2.767480e-04   8.724112e-03;
   2.767480e-04  -1.570828e-03   3.977111e-03;
   8.724112e-03   3.977111e-03   1.184532e-02]
e=[ ...        
   7.810344e-03   2.071458e-04   8.405430e-03;
   2.071458e-04  -1.636369e-03   3.852938e-03;
   8.405430e-03   3.852938e-03   1.133346e-02]
intgraF=[ ...  
   1.001002e+00   4.473242e-04   1.839202e-02;
   1.246099e-02   9.924248e-01  -7.844323e-03;
  -8.871439e-03   4.835726e-03   1.011453e+00]
F=[ ...        
   1.007949e+00  -9.204243e-04   1.432233e-02;
   1.460320e-03   9.983969e-01   6.428484e-05;
   2.977189e-03   7.812021e-03   1.011675e+00]
R=[ ...        
   9.999835e-01  -1.203404e-03   5.622547e-03;
   1.225101e-03   9.999918e-01  -3.856933e-03;
  -5.617860e-03   3.863758e-03   9.999768e-01]
U=[ ...        
   1.007918e+00   2.588408e-04   8.638729e-03;
   2.588408e-04   9.984201e-01   3.955914e-03;
   8.638729e-03   3.955914e-03   1.011731e+00]
l=[ ...        
  -9.952848e-02  -9.281150e-03  -3.931684e-02;
   4.101949e-01   1.594636e-02  -8.053756e-02;
  -3.289803e-01   4.956236e-02   1.624901e-01]
d=[ ...        
  -9.952848e-02   2.004569e-01  -1.841486e-01;
   2.004569e-01   1.594636e-02  -1.548760e-02;
  -1.841486e-01  -1.548760e-02   1.624901e-01]
     iteration=          29999       process=              3       (i,j,k)=              0              1              1       (x,y,z)=   4.989151e-03   1.497765e-02   1.371737e-02     particles=             46
fabric=[ ...   
   3.489590e-01  -1.789055e-02  -1.463508e-02;
  -1.789055e-02   3.268533e-01   4.623010e-02;
  -1.463508e-02   4.623010e-02   3.241878e-01]
sigma=[ ...    
  -7.598008e+04   1.852851e+04   7.024842e+03;
   1.867006e+04  -1.104532e+05  -1.900188e+04;
   6.873556e+03  -1.914941e+04  -1.322504e+05]
sigmaDot=[ ... 
   8.689011e+06  -1.458410e+06  -2.149713e+06;
   1.065591e+06  -1.876944e+07   3.552577e+06;
  -6.530089e+06  -1.440895e+07   6.370147e+06]
intgraE=[ ...  
   5.946357e-03  -3.521024e-03   1.078124e-03;
  -3.521024e-03  -3.703972e-03   4.431255e-04;
   1.078124e-03   4.431255e-04   1.062082e-02]
E=[ ...        
  -2.560669e-04   3.622402e-03  -3.568712e-03;
   3.622402e-03   2.051299e-03  -2.258620e-03;
  -3.568712e-03  -2.258620e-03   5.031218e-04]
e=[ ...        
  -2.147304e-04   3.621754e-03  -3.574500e-03;
   3.621754e-03   1.941176e-03  -2.175810e-03;
  -3.574500e-03  -2.175810e-03   4.402106e-04]
intgraF=[ ...  
   1.005841e+00   5.477401e-03  -2.171936e-03;
  -1.258993e-02   9.962722e-01   2.877484e-03;
   4.331365e-03  -1.948041e-03   1.010559e+00]
F=[ ...        
   9.997294e-01   1.262208e-02  -7.525916e-03;
  -5.362391e-03   1.001967e+00  -1.967079e-03;
   3.757293e-04  -2.450142e-03   1.000473e+00]
R=[ ...        
   9.999519e-01   8.979876e-03  -3.939697e-03;
  -8.978961e-03   9.999597e-01   2.500308e-04;
   3.941783e-03  -2.146444e-04   9.999922e-01]
U=[ ...        
   9.997310e-01   3.615192e-03  -3.564245e-03;
   3.615192e-03   1.002040e+00  -2.249327e-03;
  -3.564245e-03  -2.249327e-03   1.000494e+00]
l=[ ...        
  -9.208223e-02   1.890846e-02   1.925593e-01;
   7.565187e-02   4.575241e-02   1.665887e-01;
   4.281219e-02  -9.005213e-02   5.136409e-02]
d=[ ...        
  -9.208223e-02   4.728017e-02   1.176857e-01;
   4.728017e-02   4.575241e-02   3.826829e-02;
   1.176857e-01   3.826829e-02   5.136409e-02]
     iteration=          29999       process=              4       (i,j,k)=              1              0              0       (x,y,z)=   1.493560e-02   5.011838e-03   4.578312e-03     particles=             67
fabric=[ ...   
   3.128192e-01   4.603018e-03  -2.015929e-02;
   4.603018e-03   3.328496e-01   3.557548e-04;
  -2.015929e-02   3.557548e-04   3.543312e-01]
sigma=[ ...    
  -1.325402e+05  -2.049888e+03   5.988598e+03;
  -2.017419e+03  -8.587810e+04   1.441908e+03;
   6.117296e+03   1.521310e+03  -8.070229e+04]
sigmaDot=[ ... 
  -2.413391e+06   2.350773e+06   7.557998e+05;
   1.000839e+06  -4.959988e+06  -4.580726e+06;
   6.014127e+06  -2.334428e+06  -1.083930e+07]
intgraE=[ ...  
  -1.606534e-03  -1.958253e-03   2.698769e-03;
  -1.958253e-03   2.635101e-03   7.652430e-04;
   2.698769e-03   7.652430e-04   1.379070e-03]
E=[ ...        
  -3.601191e-04  -3.054150e-03  -1.032725e-03;
  -3.054150e-03   4.049459e-03   2.108460e-03;
  -1.032725e-03   2.108460e-03   1.481994e-03]
e=[ ...        
  -3.889467e-04  -3.027190e-03  -1.005603e-03;
  -3.027190e-03   4.018534e-03   2.064681e-03;
  -1.005603e-03   2.064681e-03   1.446084e-03]
intgraF=[ ...  
   9.983640e-01   9.682261e-04  -3.018897e-04;
  -4.856215e-03   1.002628e+00   4.005263e-03;
   5.710561e-03  -2.481611e-03   1.001370e+00]
F=[ ...        
   9.996262e-01  -9.982889e-04  -3.199495e-03;
  -5.087684e-03   1.004039e+00   6.042351e-03;
   1.161898e-03  -1.850334e-03   1.001458e+00]
R=[ ...        
   9.999955e-01   2.045486e-03  -2.171637e-03;
  -2.036933e-03   9.999902e-01   3.933361e-03;
   2.179661e-03  -3.928920e-03   9.999899e-01]
U=[ ...        
   9.996346e-01  -3.047478e-03  -1.028951e-03;
  -3.047478e-03   1.004034e+00   2.101101e-03;
  -1.028951e-03   2.101101e-03   1.001478e+00]
l=[ ...        
  -5.601295e-02  -1.071765e-02   2.742628e-02;
  -1.796975e-02   1.203458e-02   5.711983e-03;
   3.968026e-02   1.739301e-02  -3.362725e-02]
d=[ ...        
  -5.601295e-02  -1.434370e-02   3.355327e-02;
  -1.434370e-02   1.203458e-02   1.155250e-02;
   3.355327e-02   1.155250e-02  -3.362725e-02]
     iteration=          29999       process=              5       (i,j,k)=              1              0              1       (x,y,z)=   1.493560e-02   5.011838e-03   1.371737e-02     particles=             42
fabric=[ ...   
   3.519710e-01   1.164518e-02   1.952032e-02;
   1.164518e-02   3.495135e-01  -1.279473e-02;
   1.952032e-02  -1.279473e-02   2.985155e-01]
sigma=[ ...    
  -5.386828e+04  -6.184338e+03  -2.981595e+03;
  -5.927152e+03  -6.842698e+04  -6.868463e+03;
  -2.938286e+03  -6.844907e+03  -7.303016e+04]
sigmaDot=[ ... 
   1.068589e+07  -1.023473e+06  -1.427543e+06;
   1.542364e+06  -8.832011e+06  -5.478054e+06;
  -9.763718e+06   1.813566e+06   1.047829e+06]
intgraE=[ ...  
  -8.822476e-03  -3.554941e-03  -2.058628e-03;
  -3.554941e-03   7.644842e-03   1.578371e-03;
  -2.058628e-03   1.578371e-03   5.530763e-03]
E=[ ...        
  -7.413840e-03  -1.170021e-03   1.272946e-03;
  -1.170021e-03   4.611219e-03   2.663665e-04;
   1.272946e-03   2.663665e-04   2.819867e-03]
e=[ ...        
  -7.526091e-03  -1.177956e-03   1.306450e-03;
  -1.177956e-03   4.566087e-03   2.674634e-04;
   1.306450e-03   2.674634e-04   2.795327e-03]
intgraF=[ ...  
   9.910916e-01  -1.785212e-03   4.001080e-03;
  -5.305881e-03   1.007614e+00   3.850303e-03;
  -8.018161e-03  -7.118193e-04   1.005500e+00]
F=[ ...        
   9.925577e-01  -1.284996e-03   3.282845e-03;
  -1.059736e-03   1.004600e+00   5.354943e-04;
  -7.099590e-04  -1.003085e-06   1.002810e+00]
R=[ ...        
   9.999980e-01  -1.131538e-04   2.001190e-03;
   1.126168e-04   1.000000e+00   2.684673e-04;
  -2.001220e-03  -2.682414e-04   9.999980e-01]
U=[ ...        
   9.925570e-01  -1.171857e-03   1.276054e-03;
  -1.171857e-03   1.004600e+00   2.661276e-04;
   1.276054e-03   2.661276e-04   1.002815e+00]
l=[ ...        
  -7.695025e-02  -5.333231e-02  -3.177644e-04;
  -1.034770e-01   7.053010e-02   4.223683e-02;
  -1.937883e-02  -7.530760e-02   1.009023e-01]
d=[ ...        
  -7.695025e-02  -7.840464e-02  -9.848299e-03;
  -7.840464e-02   7.053010e-02  -1.653539e-02;
  -9.848299e-03  -1.653539e-02   1.009023e-01]
     iteration=          29999       process=              6       (i,j,k)=              1              1              0       (x,y,z)=   1.493560e-02   1.497765e-02   4.578312e-03     particles=             59
fabric=[ ...   
   3.584648e-01  -9.351620e-03  -1.348086e-02;
  -9.351620e-03   3.211568e-01   2.552820e-02;
  -1.348086e-02   2.552820e-02   3.203784e-01]
sigma=[ ...    
  -5.257601e+04   8.227541e+03   1.838110e+04;
   8.347378e+03  -4.347491e+04  -5.530543e+03;
   1.825524e+04  -5.150245e+03  -3.613522e+04]
sigmaDot=[ ... 
   8.283211e+06   2.172614e+05   1.184096e+04;
   4.233463e+06  -1.272294e+07  -6.353464e+06;
   2.186944e+06  -5.272791e+06  -1.848700e+06]
intgraE=[ ...  
  -1.795149e-02   1.020547e-02   2.211628e-02;
   1.020547e-02  -3.361961e-03  -5.049172e-03;
   2.211628e-02  -5.049172e-03  -2.753266e-03]
E=[ ...        
  -1.016150e-02   3.961474e-03   2.010599e-02;
   3.961474e-03  -5.304926e-03  -4.526105e-03;
   2.010599e-02  -4.526105e-03   1.532939e-02]
e=[ ...        
  -1.085925e-02   4.095439e-03   2.010308e-02;
   4.095439e-03  -5.452815e-03  -5.179273e-03;
   2.010308e-02  -5.179273e-03   1.369999e-02]
intgraF=[ ...  
   9.817558e-01   2.849167e-02   3.079479e-02;
  -7.695035e-03   9.961965e-01  -1.856100e-02;
   1.390412e-02   7.540344e-03   9.965945e-01]
F=[ ...        
   9.896142e-01   1.974640e-02   2.586544e-02;
  -1.178788e-02   9.944579e-01  -1.710032e-02;
   1.420422e-02   7.334475e-03   1.014740e+00]
R=[ ...        
   9.998581e-01   1.581878e-02   5.784181e-03;
  -1.574815e-02   9.998033e-01  -1.205954e-02;
  -5.973810e-03   1.196674e-02   9.999106e-01]
U=[ ...        
   9.895746e-01   4.038911e-03   2.006921e-02;
   4.038911e-03   9.946623e-01  -4.544666e-03;
   2.006921e-02  -4.544666e-03   1.015005e+00]
l=[ ...        
  -5.576768e-02  -1.058426e-02  -2.934558e-02;
   3.440647e-03   1.725508e-02  -1.214228e-01;
   8.656037e-02   6.293804e-02   6.816742e-02]
d=[ ...        
  -5.576768e-02  -3.571807e-03   2.860739e-02;
  -3.571807e-03   1.725508e-02  -2.924237e-02;
   2.860739e-02  -2.924237e-02   6.816742e-02]
     iteration=          29999       process=              7       (i,j,k)=              1              1              1       (x,y,z)=   1.493560e-02   1.497765e-02   1.371737e-02     particles=             53
fabric=[ ...   
   3.827468e-01  -2.366975e-02   7.733921e-03;
  -2.366975e-02   3.182498e-01   1.915776e-02;
   7.733921e-03   1.915776e-02   2.990035e-01]
sigma=[ ...    
  -1.150596e+04   2.708306e+03   5.662057e+02;
   2.710223e+03  -1.256833e+04  -1.238748e+03;
   7.950707e+02  -1.177804e+03  -1.322879e+04]
sigmaDot=[ ... 
   1.069683e+07   3.817236e+06  -4.803693e+06;
   5.644688e+06  -8.461855e+06   4.201409e+06;
  -2.468867e+06   1.100121e+06   3.039614e+06]
intgraE=[ ...  
   8.898719e-04   5.163699e-03  -4.357161e-03;
   5.163699e-03  -5.749340e-03   7.390642e-03;
  -4.357161e-03   7.390642e-03   2.798095e-03]
E=[ ...        
   3.315193e-03  -8.329115e-03  -9.590896e-04;
  -8.329115e-03  -1.047889e-02   1.381426e-02;
  -9.590896e-04   1.381426e-02   4.649551e-03]
e=[ ...        
   3.362930e-03  -8.274408e-03  -9.117706e-04;
  -8.274408e-03  -1.152667e-02   1.390993e-02;
  -9.117706e-04   1.390993e-02   4.297694e-03]
intgraF=[ ...  
   1.000854e+00   2.998837e-03  -4.686868e-03;
   7.395518e-03   9.942079e-01   8.275051e-03;
  -4.073452e-03   6.550211e-03   1.002749e+00]
F=[ ...        
   1.003301e+00  -2.067092e-02  -2.849483e-03;
   4.110904e-03   9.891106e-01   1.102378e-02;
   8.913145e-04   1.659000e-02   1.004574e+00]
R=[ ...        
   9.999212e-01  -1.242581e-02  -1.771653e-03;
   1.242081e-02   9.999189e-01  -2.804135e-03;
   1.806353e-03   2.781908e-03   9.999945e-01]
U=[ ...        
   1.003275e+00  -8.353773e-03  -8.977186e-04;
  -8.353773e-03   9.893334e-01   1.385293e-02;
  -8.977186e-04   1.385293e-02   1.004543e+00]
l=[ ...        
   4.175613e-02  -1.614293e-03  -3.238516e-02;
   6.997977e-02   1.829093e-02   1.355338e-01;
  -7.798847e-03   6.621075e-02   1.340439e-01]
d=[ ...        
   4.175613e-02   3.418274e-02  -2.009200e-02;
   3.418274e-02   1.829093e-02   1.008723e-01;
  -2.009200e-02   1.008723e-01   1.340439e-01]
