     iteration=          19999       process=              0       (i,j,k)=              0              0              0       (x,y,z)=   4.990966e-03   5.011199e-03   4.580863e-03     particles=             74
fabric=[ ...   
   3.899030e-01   2.956019e-03   1.297040e-02;
   2.956019e-03   2.892629e-01   2.130855e-02;
   1.297040e-02   2.130855e-02   3.208342e-01]
sigma=[ ...    
  -3.936157e+04  -2.839780e+03   1.329509e+03;
  -2.649945e+03  -2.579434e+04  -5.257289e+03;
   1.174230e+03  -5.786112e+03  -2.951974e+04]
sigmaDot=[ ... 
  -8.512532e+05  -5.253515e+06   4.705088e+06;
   4.949155e+07   1.267042e+06  -4.333334e+06;
   5.692461e+07  -8.680391e+07  -1.539089e+07]
intgraE=[ ...  
  -3.354976e-03   8.587985e-05  -2.798596e-03;
   8.587985e-05  -2.857434e-03   3.317120e-04;
  -2.798596e-03   3.317120e-04  -1.106135e-03]
E=[ ...        
  -5.140433e-04   5.232634e-04  -6.034275e-04;
   5.232634e-04  -3.215129e-03  -3.731396e-03;
  -6.034275e-04  -3.731396e-03   6.186075e-04]
e=[ ...        
  -5.159715e-04   5.237306e-04  -5.994307e-04;
   5.237306e-04  -3.288307e-03  -3.738075e-03;
  -5.994307e-04  -3.738075e-03   6.129424e-04]
intgraF=[ ...  
   9.966283e-01   3.040349e-03  -1.893241e-03;
  -2.863328e-03   9.971335e-01  -1.966648e-04;
  -3.715016e-03   8.662414e-04   9.988914e-01]
F=[ ...        
   9.994852e-01  -3.325744e-05  -9.841557e-04;
   1.081728e-03   9.967554e-01  -4.983126e-04;
  -2.225294e-04  -6.961827e-03   1.000618e+00]
R=[ ...        
   9.999998e-01  -5.596133e-04  -3.835910e-04;
   5.608518e-04   9.999946e-01   3.236152e-03;
   3.817780e-04  -3.236367e-03   9.999947e-01]
U=[ ...        
   9.994855e-01   5.231168e-04  -6.024211e-04;
   5.231168e-04   9.967725e-01  -3.736125e-03;
  -6.024211e-04  -3.736125e-03   1.000611e+00]
l=[ ...        
  -6.616680e-02  -5.310566e-02  -5.200063e-02;
  -5.113004e-02  -1.035745e-01   7.250226e-03;
  -5.221682e-02   6.507148e-02  -3.577864e-02]
d=[ ...        
  -6.616680e-02  -5.211785e-02  -5.210873e-02;
  -5.211785e-02  -1.035745e-01   3.616085e-02;
  -5.210873e-02   3.616085e-02  -3.577864e-02]
     iteration=          19999       process=              1       (i,j,k)=              0              0              1       (x,y,z)=   4.990966e-03   5.011199e-03   1.372785e-02     particles=             53
fabric=[ ...   
   2.992565e-01  -3.767567e-02   1.252264e-02;
  -3.767567e-02   4.136307e-01  -1.338835e-02;
   1.252264e-02  -1.338835e-02   2.871128e-01]
sigma=[ ...    
  -3.129403e+04   6.744879e+03  -2.591415e+03;
   6.804402e+03  -4.713015e+04   8.017301e+02;
  -2.500592e+03   7.189108e+02  -2.290427e+04]
sigmaDot=[ ... 
   1.095438e+07  -5.704549e+06   4.662811e+06;
  -6.762344e+06   1.868356e+07  -7.992714e+06;
   2.369043e+06  -6.792817e+06   3.120143e+06]
intgraE=[ ...  
  -1.477541e-03  -2.509169e-03  -4.728647e-04;
  -2.509169e-03   3.867262e-03   3.349495e-03;
  -4.728647e-04   3.349495e-03  -1.946531e-03]
E=[ ...        
   3.150722e-03  -4.810486e-03  -9.127065e-04;
  -4.810486e-03   9.948083e-03   2.425562e-03;
  -9.127065e-04   2.425562e-03   2.899414e-03]
e=[ ...        
   3.116368e-03  -4.705084e-03  -8.925661e-04;
  -4.705084e-03   9.662052e-03   2.359324e-03;
  -8.925661e-04   2.359324e-03   2.874567e-03]
intgraF=[ ...  
   9.985165e-01  -5.544977e-03   2.107724e-03;
   5.219813e-04   1.003843e+00   4.873540e-03;
  -3.058874e-03   1.821985e-03   9.980374e-01]
F=[ ...        
   1.003145e+00  -8.102304e-03  -1.395656e-03;
  -1.477095e-03   1.009860e+00   1.194637e-03;
  -4.223812e-04   3.622918e-03   1.002894e+00]
R=[ ...        
   9.999945e-01  -3.290352e-03  -4.821147e-04;
   3.289768e-03   9.999939e-01  -1.206902e-03;
   4.860829e-04   1.205309e-03   9.999992e-01]
U=[ ...        
   1.003134e+00  -4.778293e-03  -9.042289e-04;
  -4.778293e-03   1.009885e+00   2.408019e-03;
  -9.042289e-04   2.408019e-03   1.002892e+00]
l=[ ...        
  -1.276471e-02  -6.283792e-02   7.893452e-02;
   5.618236e-02   8.054142e-02   1.449031e-01;
   6.384393e-03  -3.929268e-02  -3.967781e-03]
d=[ ...        
  -1.276471e-02  -3.327778e-03   4.265945e-02;
  -3.327778e-03   8.054142e-02   5.280522e-02;
   4.265945e-02   5.280522e-02  -3.967781e-03]
     iteration=          19999       process=              2       (i,j,k)=              0              1              0       (x,y,z)=   4.990966e-03   1.498016e-02   4.580863e-03     particles=             70
fabric=[ ...   
   3.040568e-01  -5.541944e-02  -8.177985e-03;
  -5.541944e-02   3.680576e-01   2.200232e-02;
  -8.177985e-03   2.200232e-02   3.278855e-01]
sigma=[ ...    
  -2.676229e+04   9.305066e+03   1.500263e+03;
   9.335963e+03  -3.622956e+04  -1.761493e+03;
   1.546905e+03  -1.784098e+03  -3.987849e+04]
sigmaDot=[ ... 
   1.060394e+07   4.911094e+05  -2.971513e+06;
  -5.572561e+06  -6.411855e+06   3.445354e+06;
   3.179943e+06   6.354900e+06   2.667539e+06]
intgraE=[ ...  
   4.005799e-03   4.300420e-04   1.036900e-02;
   4.300420e-04  -8.011680e-03  -1.108811e-03;
   1.036900e-02  -1.108811e-03   6.986009e-03]
E=[ ...        
   8.196879e-03   8.756377e-04   9.005066e-03;
   8.756377e-04  -1.175374e-03   1.050442e-03;
   9.005066e-03   1.050442e-03   7.654200e-03]
e=[ ...        
   7.988535e-03   8.385563e-04   8.725401e-03;
   8.385563e-04  -1.184952e-03   1.006530e-03;
   8.725401e-03   1.006530e-03   7.305075e-03]
intgraF=[ ...  
   1.003997e+00   7.292585e-04   1.963482e-02;
   1.255049e-04   9.919500e-01  -5.653841e-03;
   1.018516e-03   3.353734e-03   1.006754e+00]
F=[ ...        
   1.008153e+00  -1.847196e-04   1.365462e-02;
   1.925082e-03   9.988178e-01  -1.410602e-03;
   4.215150e-03   3.486086e-03   1.007532e+00]
R=[ ...        
   9.999885e-01  -1.058807e-03   4.685851e-03;
   1.070272e-03   9.999964e-01  -2.444839e-03;
  -4.683246e-03   2.449826e-03   9.999860e-01]
U=[ ...        
   1.008124e+00   8.679627e-04   8.934439e-03;
   8.679627e-04   9.988230e-01   1.043223e-03;
   8.934439e-03   1.043223e-03   1.007585e+00]
l=[ ...        
  -1.377330e-02   1.878644e-02   2.151432e-02;
  -4.729961e-02  -6.659679e-02  -2.259181e-02;
  -1.600167e-02   5.664506e-02  -1.951606e-02]
d=[ ...        
  -1.377330e-02  -1.425658e-02   2.756327e-03;
  -1.425658e-02  -6.659679e-02   1.702662e-02;
   2.756327e-03   1.702662e-02  -1.951606e-02]
     iteration=          19999       process=              3       (i,j,k)=              0              1              1       (x,y,z)=   4.990966e-03   1.498016e-02   1.372785e-02     particles=             47
fabric=[ ...   
   3.535394e-01  -1.916833e-02  -9.958529e-03;
  -1.916833e-02   2.970742e-01   5.886884e-02;
  -9.958529e-03   5.886884e-02   3.493864e-01]
sigma=[ ...    
  -3.797594e+04   6.352743e+03  -4.921376e+03;
   6.461758e+03  -5.670466e+04  -1.569075e+03;
  -5.072574e+03  -1.548746e+03  -8.299982e+04]
sigmaDot=[ ... 
   1.475990e+07  -2.936362e+05   1.853031e+07;
  -6.028067e+07   2.788135e+07  -1.822491e+07;
   2.367744e+07  -4.980596e+07   2.175243e+07]
intgraE=[ ...  
   8.766365e-03  -4.913345e-03  -2.515420e-03;
  -4.913345e-03  -5.080859e-03  -7.152649e-04;
  -2.515420e-03  -7.152649e-04   9.085425e-03]
E=[ ...        
  -3.729970e-02  -7.022192e-03   1.605919e-03;
  -7.022192e-03  -3.986829e-03  -2.294809e-03;
   1.605919e-03  -2.294809e-03   3.407204e-03]
e=[ ...        
  -4.056564e-02  -7.314065e-03   1.607086e-03;
  -7.314065e-03  -4.029563e-03  -2.268975e-03;
   1.607086e-03  -2.268975e-03   3.397580e-03]
intgraF=[ ...  
   1.008614e+00   4.923205e-03  -8.013569e-03;
  -1.487042e-02   9.948937e-01  -2.137115e-03;
   2.993011e-03   7.285601e-04   1.009010e+00]
F=[ ...        
   9.618448e-01   1.485398e-03  -6.203312e-04;
  -1.550833e-02   9.959789e-01   2.522584e-03;
   3.834591e-03  -7.077089e-03   1.003398e+00]
R=[ ...        
   9.999598e-01   8.686167e-03  -2.218719e-03;
  -8.675417e-03   9.999508e-01   4.809931e-03;
   2.260390e-03  -4.790489e-03   9.999860e-01]
U=[ ...        
   9.619493e-01  -7.171191e-03   1.625880e-03;
  -7.171191e-03   9.959767e-01  -2.289696e-03;
   1.625880e-03  -2.289696e-03   1.003397e+00]
l=[ ...        
  -7.070786e-02  -1.280480e-02   4.721366e-03;
  -1.221287e-01  -3.596151e-03  -3.297419e-02;
  -3.395674e-02  -6.505197e-02   1.122049e-01]
d=[ ...        
  -7.070786e-02  -6.746675e-02  -1.461769e-02;
  -6.746675e-02  -3.596151e-03  -4.901308e-02;
  -1.461769e-02  -4.901308e-02   1.122049e-01]
     iteration=          19999       process=              4       (i,j,k)=              1              0              0       (x,y,z)=   1.494134e-02   5.011199e-03   4.580863e-03     particles=             67
fabric=[ ...   
   3.209874e-01  -1.486372e-02  -1.965843e-02;
  -1.486372e-02   3.448441e-01  -1.184630e-03;
  -1.965843e-02  -1.184630e-03   3.341685e-01]
sigma=[ ...    
  -6.922151e+04  -2.435304e+02  -2.107257e+03;
  -2.840110e+01  -4.548149e+04  -6.916166e+02;
  -2.223353e+03  -6.529391e+02  -3.253649e+04]
sigmaDot=[ ... 
  -9.684917e+06  -7.278482e+06  -5.832721e+06;
  -1.657990e+06   1.281540e+07   7.834601e+05;
  -2.403367e+06  -4.289979e+06  -5.982517e+06]
intgraE=[ ...  
   5.661445e-05  -1.522877e-03   1.698307e-03;
  -1.522877e-03   2.275892e-03   4.116965e-04;
   1.698307e-03   4.116965e-04   2.390026e-03]
E=[ ...        
  -7.343304e-04  -2.048379e-03  -5.562711e-04;
  -2.048379e-03   3.110467e-03   9.547202e-04;
  -5.562711e-04   9.547202e-04   9.606419e-04]
e=[ ...        
  -7.489063e-04  -2.034400e-03  -5.487873e-04;
  -2.034400e-03   3.090532e-03   9.391457e-04;
  -5.487873e-04   9.391457e-04   9.515222e-04]
intgraF=[ ...  
   1.000037e+00   1.294682e-03  -1.126150e-03;
  -4.317069e-03   1.002268e+00   3.831747e-03;
   4.528573e-03  -3.008428e-03   1.002379e+00]
F=[ ...        
   9.992593e-01  -6.294064e-04  -1.669854e-03;
  -3.456528e-03   1.003105e+00   2.885151e-03;
   5.655080e-04  -9.847795e-04   1.000955e+00]
R=[ ...        
   9.999984e-01   1.412961e-03  -1.114896e-03;
  -1.410808e-03   9.999971e-01   1.930300e-03;
   1.117620e-03  -1.928724e-03   9.999975e-01]
U=[ ...        
   9.992632e-01  -2.045694e-03  -5.552353e-04;
  -2.045694e-03   1.003103e+00   9.522180e-04;
  -5.552353e-04   9.522180e-04   1.000960e+00]
l=[ ...        
   2.460293e-02  -2.685499e-02   4.866098e-03;
  -4.143375e-02   5.633264e-04   4.069114e-02;
   4.262699e-02  -7.677508e-02   1.060590e-01]
d=[ ...        
   2.460293e-02  -3.414437e-02   2.374655e-02;
  -3.414437e-02   5.633264e-04  -1.804197e-02;
   2.374655e-02  -1.804197e-02   1.060590e-01]
     iteration=          19999       process=              5       (i,j,k)=              1              0              1       (x,y,z)=   1.494134e-02   5.011199e-03   1.372785e-02     particles=             42
fabric=[ ...   
   3.566969e-01   1.134924e-03   9.882672e-03;
   1.134924e-03   3.511385e-01  -1.864739e-02;
   9.882672e-03  -1.864739e-02   2.921646e-01]
sigma=[ ...    
  -3.140268e+04  -3.295099e+03  -4.106007e+02;
  -3.238669e+03  -3.477721e+04  -3.172680e+03;
  -4.692511e+01  -3.075020e+03  -3.262959e+04]
sigmaDot=[ ... 
   2.016467e+07  -1.489289e+07   2.815906e+07;
   3.079853e+05   1.882476e+07   7.939834e+06;
  -6.942263e+06   1.776138e+07  -4.204922e+06]
intgraE=[ ...  
  -6.570016e-03  -1.206956e-03  -1.725366e-03;
  -1.206956e-03   5.503204e-03   2.079006e-03;
  -1.725366e-03   2.079006e-03   2.492558e-03]
E=[ ...        
  -5.944998e-03  -5.136889e-04   4.665762e-04;
  -5.136889e-04   2.485928e-03  -4.376877e-04;
   4.665762e-04  -4.376877e-04   6.302461e-04]
e=[ ...        
  -6.016364e-03  -5.149109e-04   4.811568e-04;
  -5.149109e-04   2.474157e-03  -4.316219e-04;
   4.811568e-04  -4.316219e-04   6.260469e-04]
intgraF=[ ...  
   9.933781e-01  -1.790960e-04   4.024036e-03;
  -2.212342e-03   1.005487e+00   2.588826e-03;
  -7.423998e-03   1.551856e-03   1.002478e+00]
F=[ ...        
   9.940362e-01  -1.301231e-04   2.093291e-03;
  -8.949286e-04   1.002483e+00  -1.638185e-03;
  -1.148401e-03   7.666688e-04   1.000627e+00]
R=[ ...        
   9.999986e-01   3.841145e-04   1.624725e-03;
  -3.821644e-04   9.999992e-01  -1.200363e-03;
  -1.625185e-03   1.199741e-03   9.999980e-01]
U=[ ...        
   9.940370e-01  -5.144820e-04   4.677110e-04;
  -5.144820e-04   1.002483e+00  -4.368875e-04;
   4.677110e-04  -4.368875e-04   1.000630e+00]
l=[ ...        
  -5.929438e-02  -5.642518e-02   8.667245e-02;
  -6.443441e-02   4.929150e-02   4.510391e-02;
  -9.160546e-02   1.192985e-02   3.637333e-02]
d=[ ...        
  -5.929438e-02  -6.042979e-02  -2.466502e-03;
  -6.042979e-02   4.929150e-02   2.851688e-02;
  -2.466502e-03   2.851688e-02   3.637333e-02]
     iteration=          19999       process=              6       (i,j,k)=              1              1              0       (x,y,z)=   1.494134e-02   1.498016e-02   4.580863e-03     particles=             59
fabric=[ ...   
   3.525461e-01  -4.003178e-03  -3.224479e-02;
  -4.003178e-03   3.255570e-01   2.542613e-03;
  -3.224479e-02   2.542613e-03   3.218969e-01]
sigma=[ ...    
  -2.222930e+04   6.574440e+03   5.730869e+03;
   6.650711e+03  -1.925499e+04  -1.760698e+03;
   5.685087e+03  -2.061017e+03  -1.652620e+04]
sigmaDot=[ ... 
   3.194220e+06  -1.651632e+07  -2.091912e+07;
   3.019514e+07   4.560794e+05   5.480405e+06;
   4.782945e+06  -1.065409e+07   3.831155e+06]
intgraE=[ ...  
  -1.636161e-02   1.036355e-02   2.129498e-02;
   1.036355e-02  -3.859646e-03  -4.206590e-03;
   2.129498e-02  -4.206590e-03  -4.860878e-03]
E=[ ...        
  -6.393830e-03   1.210390e-03   1.755733e-02;
   1.210390e-03  -4.900288e-03  -5.163901e-03;
   1.755733e-02  -5.163901e-03   7.529803e-03]
e=[ ...        
  -6.908563e-03   1.260416e-03   1.754697e-02;
   1.260416e-03  -4.943515e-03  -5.577060e-03;
   1.754697e-02  -5.577060e-03   6.499014e-03]
intgraF=[ ...  
   9.834063e-01   2.886052e-02   3.171737e-02;
  -7.751123e-03   9.956991e-01  -1.493890e-02;
   1.134539e-02   5.576704e-03   9.945095e-01]
F=[ ...        
   9.933970e-01   1.663705e-02   2.183215e-02;
  -1.423664e-02   9.949387e-01  -1.523493e-02;
   1.311599e-02   4.435089e-03   1.007150e+00]
R=[ ...        
   9.998709e-01   1.547279e-02   4.328762e-03;
  -1.543012e-02   9.998337e-01  -9.724837e-03;
  -4.478512e-03   9.656789e-03   9.999433e-01]
U=[ ...        
   9.934297e-01   1.263017e-03   1.755387e-02;
   1.263017e-03   9.950734e-01  -5.168761e-03;
   1.755387e-02  -5.168761e-03   1.007335e+00]
l=[ ...        
  -2.140715e-02   1.945419e-01   1.156552e-01;
   1.794672e-01  -3.043182e-02  -3.675649e-02;
   9.138725e-02   5.183827e-02   7.945396e-03]
d=[ ...        
  -2.140715e-02   1.870046e-01   1.035212e-01;
   1.870046e-01  -3.043182e-02   7.540891e-03;
   1.035212e-01   7.540891e-03   7.945396e-03]
     iteration=          19999       process=              7       (i,j,k)=              1              1              1       (x,y,z)=   1.494134e-02   1.498016e-02   1.372785e-02     particles=             53
fabric=[ ...   
   4.291507e-01  -4.313926e-02  -5.919767e-03;
  -4.313926e-02   3.060914e-01   5.937415e-03;
  -5.919767e-03   5.937415e-03   2.647578e-01]
sigma=[ ...    
  -7.399565e+03   1.655482e+03   6.814047e+02;
   1.358158e+03  -5.385431e+03  -9.482069e+02;
   7.284056e+01  -3.383783e+02  -6.405405e+03]
sigmaDot=[ ... 
   5.978944e+06   3.969502e+06   1.330454e+07;
   1.135571e+07   9.678217e+06   2.021248e+07;
   8.354296e+05  -2.738730e+07   1.268753e+06]
intgraE=[ ...  
  -3.784987e-04   4.153767e-03  -3.759641e-03;
   4.153767e-03  -6.326172e-03   4.371490e-03;
  -3.759641e-03   4.371490e-03  -1.254156e-03]
E=[ ...        
   3.681557e-04  -5.968358e-03  -1.370083e-03;
  -5.968358e-03  -1.018787e-02   7.898784e-03;
  -1.370083e-03   7.898784e-03  -2.807950e-03]
e=[ ...        
   3.642291e-04  -6.008489e-03  -1.351019e-03;
  -6.008489e-03  -1.074810e-02   8.044740e-03;
  -1.351019e-03   8.044740e-03  -2.884328e-03]
intgraF=[ ...  
   9.996000e-01   3.047504e-03  -3.713046e-03;
   5.312540e-03   9.936385e-01   4.225313e-03;
  -3.835042e-03   4.561658e-03   9.987292e-01]
F=[ ...        
   1.000368e+00  -1.167442e-02  -2.533407e-03;
  -2.581062e-04   9.896117e-01   3.323289e-03;
  -2.055486e-04   1.251453e-02   9.971793e-01]
R=[ ...        
   9.999829e-01  -5.731630e-03  -1.143180e-03;
   5.726281e-03   9.999729e-01  -4.628880e-03;
   1.169680e-03   4.622255e-03   9.999886e-01]
U=[ ...        
   1.000349e+00  -5.992789e-03  -1.347953e-03;
  -5.992789e-03   9.897097e-01   7.946936e-03;
  -1.347953e-03   7.946936e-03   9.971555e-01]
l=[ ...        
  -1.895524e-02   3.307298e-02   2.879535e-03;
   2.017577e-01  -1.549367e-01   1.245661e-01;
   4.041669e-02  -4.195845e-02   1.750546e-01]
d=[ ...        
  -1.895524e-02   1.174153e-01   2.164811e-02;
   1.174153e-01  -1.549367e-01   4.130383e-02;
   2.164811e-02   4.130383e-02   1.750546e-01]
