     iteration=        5708985       process=              0       (i,j,k)=              0              0              0       (x,y,z)=   5.134715e-03   5.138688e-03   4.900479e-03     particles=             68
fabric=[ ...   
   3.451053e-01   1.557881e-02  -3.251630e-02;
   1.557881e-02   3.189725e-01   5.104528e-03;
  -3.251630e-02   5.104528e-03   3.260700e-01]
sigma=[ ...    
  -3.826953e+03  -3.127050e+02   1.706317e+02;
  -3.246400e+02  -3.355390e+03  -3.628078e+01;
   1.518699e+02  -6.150778e+01  -3.179856e+03]
sigmaDot=[ ... 
   0.000000e+00   0.000000e+00   0.000000e+00;
   0.000000e+00   0.000000e+00   0.000000e+00;
   0.000000e+00   0.000000e+00   0.000000e+00]
intgraE=[ ...  
  -5.000000e-01   0.000000e+00   0.000000e+00;
   0.000000e+00  -5.000000e-01   0.000000e+00;
   0.000000e+00   0.000000e+00  -5.000000e-01]
E=[ ...        
   3.700479e-02   1.701992e-02   1.403035e-02;
   1.701992e-02  -9.587680e-03  -2.649296e-03;
   1.403035e-02  -2.649296e-03   2.307240e-02]
e=[ ...        
   3.402331e-02   1.582665e-02   1.256492e-02;
   1.582665e-02  -1.057724e-02  -3.373679e-03;
   1.256492e-02  -3.373679e-03   2.151064e-02]
intgraF=[ ...  
   0.000000e+00   0.000000e+00   0.000000e+00;
   0.000000e+00   0.000000e+00   0.000000e+00;
   0.000000e+00   0.000000e+00   0.000000e+00]
F=[ ...        
   1.036284e+00   2.458858e-02   2.014572e-02;
   8.632144e-03   9.900590e-01  -7.710589e-03;
   7.090428e-03   1.799352e-03   1.022585e+00]
R=[ ...        
   9.999488e-01   7.866671e-03   6.371447e-03;
  -7.836482e-03   9.999580e-01  -4.749500e-03;
  -6.408542e-03   4.699327e-03   9.999684e-01]
U=[ ...        
   1.036118e+00   1.681721e-02   1.365183e-02;
   1.681721e-02   9.902193e-01  -2.746325e-03;
   1.365183e-02  -2.746325e-03   1.022717e+00]
l=[ ...        
  -1.614355e-03   1.191581e-02  -6.213351e-03;
   1.734309e-02  -1.630390e-02  -5.972268e-03;
   1.509749e-03  -1.322105e-02  -4.744502e-03]
d=[ ...        
  -1.614355e-03   1.462945e-02  -2.351801e-03;
   1.462945e-02  -1.630390e-02  -9.596659e-03;
  -2.351801e-03  -9.596659e-03  -4.744502e-03]
     iteration=        5708985       process=              1       (i,j,k)=              0              0              1       (x,y,z)=   5.134715e-03   5.138688e-03   1.416426e-02     particles=             57
fabric=[ ...   
   3.124573e-01  -1.096492e-02  -3.098165e-02;
  -1.096492e-02   3.327970e-01  -6.526694e-03;
  -3.098165e-02  -6.526694e-03   3.547458e-01]
sigma=[ ...    
  -7.629472e+02   1.843784e+02   1.006283e+02;
   1.847313e+02  -1.067773e+03   1.193219e+01;
   1.052960e+02   1.193797e+01  -1.144233e+03]
sigmaDot=[ ... 
   0.000000e+00   0.000000e+00   0.000000e+00;
   0.000000e+00   0.000000e+00   0.000000e+00;
   0.000000e+00   0.000000e+00   0.000000e+00]
intgraE=[ ...  
  -5.000000e-01   0.000000e+00   0.000000e+00;
   0.000000e+00  -5.000000e-01   0.000000e+00;
   0.000000e+00   0.000000e+00  -5.000000e-01]
E=[ ...        
   1.040990e-01   9.953000e-02  -1.839235e-01;
   9.953000e-02  -2.200683e-01  -1.725022e-01;
  -1.839235e-01  -1.725022e-01   2.746001e-01]
e=[ ...        
  -2.037786e-03   2.365001e-01  -8.085064e-03;
   2.365001e-01  -3.957674e-01  -3.067667e-01;
  -8.085064e-03  -3.067667e-01  -1.141444e-02]
intgraF=[ ...  
   0.000000e+00   0.000000e+00   0.000000e+00;
   0.000000e+00   0.000000e+00   0.000000e+00;
   0.000000e+00   0.000000e+00   0.000000e+00]
F=[ ...        
   1.061873e+00  -1.175384e-02  -2.501266e-01;
   2.831362e-01   7.480498e-01  -4.467702e-01;
   2.137780e-02  -1.210954e-02   1.134475e+00]
R=[ ...        
   9.794885e-01  -1.712188e-01  -1.062370e-01;
   1.457905e-01   9.661318e-01  -2.129189e-01;
   1.390947e-01   1.930633e-01   9.712771e-01]
U=[ ...        
   1.084345e+00   9.586142e-02  -1.523315e-01;
   9.586142e-02   7.223893e-01  -1.697870e-01;
  -1.523315e-01  -1.697870e-01   1.223588e+00]
l=[ ...        
   1.050158e-02  -3.188033e-02  -6.294326e-02;
   7.094654e-03   4.677552e-03  -8.866579e-02;
   8.306716e-03  -5.923863e-03  -1.122337e-02]
d=[ ...        
   1.050158e-02  -1.239284e-02  -2.731827e-02;
  -1.239284e-02   4.677552e-03  -4.729483e-02;
  -2.731827e-02  -4.729483e-02  -1.122337e-02]
     iteration=        5708985       process=              2       (i,j,k)=              0              1              0       (x,y,z)=   5.134715e-03   1.485800e-02   4.900479e-03     particles=             74
fabric=[ ...   
   3.208495e-01  -1.965311e-02  -3.627138e-02;
  -1.965311e-02   3.272842e-01  -9.854314e-04;
  -3.627138e-02  -9.854314e-04   3.426070e-01]
sigma=[ ...    
  -1.524126e+03   5.491363e+01  -1.163028e+02;
   5.917538e+01  -1.631614e+03   2.657660e+02;
  -1.145270e+02   2.687764e+02  -2.176567e+03]
sigmaDot=[ ... 
   0.000000e+00   0.000000e+00   0.000000e+00;
   0.000000e+00   0.000000e+00   0.000000e+00;
   0.000000e+00   0.000000e+00   0.000000e+00]
intgraE=[ ...  
  -5.000000e-01   0.000000e+00   0.000000e+00;
   0.000000e+00  -5.000000e-01   0.000000e+00;
   0.000000e+00   0.000000e+00  -5.000000e-01]
E=[ ...        
   4.319736e-03   7.210237e-02   2.484832e-02;
   7.210237e-02   1.389902e-01   3.661928e-02;
   2.484832e-02   3.661928e-02   3.722136e-02]
e=[ ...        
   1.875771e-03   6.140484e-02   2.069244e-02;
   6.140484e-02   9.335399e-02   2.498784e-02;
   2.069244e-02   2.498784e-02   3.321819e-02]
intgraF=[ ...  
   0.000000e+00   0.000000e+00   0.000000e+00;
   0.000000e+00   0.000000e+00   0.000000e+00;
   0.000000e+00   0.000000e+00   0.000000e+00]
F=[ ...        
   1.003278e+00   1.375844e-01   2.585165e-03;
   3.814081e-03   1.121298e+00   2.644046e-02;
   4.535957e-02   4.172429e-02   1.036213e+00]
R=[ ...        
   9.977689e-01   6.304618e-02  -2.196144e-02;
  -6.316949e-02   9.979905e-01  -4.966742e-03;
   2.160417e-02   6.342954e-03   9.997465e-01]
U=[ ...        
   1.001779e+00   6.734699e-02   2.329569e-02;
   6.734699e-02   1.127984e+00   3.312296e-02;
   2.329569e-02   3.312296e-02   1.035762e+00]
l=[ ...        
  -5.177935e-03  -9.118770e-03   4.792321e-03;
   4.449272e-03   2.816178e-02   1.083607e-02;
  -2.093364e-02  -8.074863e-03   5.792851e-04]
d=[ ...        
  -5.177935e-03  -2.334749e-03  -8.070658e-03;
  -2.334749e-03   2.816178e-02   1.380604e-03;
  -8.070658e-03   1.380604e-03   5.792851e-04]
     iteration=        5708985       process=              3       (i,j,k)=              0              1              1       (x,y,z)=   5.134715e-03   1.485800e-02   1.416426e-02     particles=             46
fabric=[ ...   
   3.189857e-01   2.477037e-02  -1.126201e-02;
   2.477037e-02   3.427202e-01   1.808046e-02;
  -1.126201e-02   1.808046e-02   3.165550e-01]
sigma=[ ...    
  -2.555460e+03  -5.138964e+01  -3.225224e+02;
  -4.476396e+01  -1.953919e+03  -2.383457e+02;
  -3.195932e+02  -2.458776e+02  -4.141127e+03]
sigmaDot=[ ... 
   0.000000e+00   0.000000e+00   0.000000e+00;
   0.000000e+00   0.000000e+00   0.000000e+00;
   0.000000e+00   0.000000e+00   0.000000e+00]
intgraE=[ ...  
  -5.000000e-01   0.000000e+00   0.000000e+00;
   0.000000e+00  -5.000000e-01   0.000000e+00;
   0.000000e+00   0.000000e+00  -5.000000e-01]
E=[ ...        
   1.043858e-02   8.556084e-02   1.196892e-01;
   8.556084e-02  -3.056892e-02   4.754899e-02;
   1.196892e-01   4.754899e-02   1.820769e-01]
e=[ ...        
  -5.737399e-02   8.196918e-02   4.014960e-02;
   8.196918e-02  -4.243133e-02   5.494110e-02;
   4.014960e-02   5.494110e-02   1.413351e-01]
intgraF=[ ...  
   0.000000e+00   0.000000e+00   0.000000e+00;
   0.000000e+00   0.000000e+00   0.000000e+00;
   0.000000e+00   0.000000e+00   0.000000e+00]
F=[ ...        
   9.486793e-01   6.062208e-02  -1.584797e-01;
   1.183609e-01   9.670472e-01   1.113693e-01;
   3.269181e-01  -2.599455e-03   1.151796e+00]
R=[ ...        
   9.737338e-01  -1.327899e-02  -2.273020e-01;
   2.728912e-02   9.979082e-01   5.860541e-02;
   2.260483e-01  -6.326894e-02   9.720593e-01]
U=[ ...        
   1.000890e+00   8.483203e-02   1.090837e-01;
   8.483203e-02   9.643838e-01   4.036786e-02;
   1.090837e-01   4.036786e-02   1.162164e+00]
l=[ ...        
   5.446691e-03  -2.085243e-03  -4.300617e-03;
  -1.111533e-02   6.803641e-03   4.446660e-02;
  -1.433566e-02  -2.909890e-03   1.665397e-03]
d=[ ...        
   5.446691e-03  -6.600285e-03  -9.318136e-03;
  -6.600285e-03   6.803641e-03   2.077836e-02;
  -9.318136e-03   2.077836e-02   1.665397e-03]
     iteration=        5708985       process=              4       (i,j,k)=              1              0              0       (x,y,z)=   1.485656e-02   5.138688e-03   4.900479e-03     particles=             66
fabric=[ ...   
   3.915868e-01  -5.672805e-02  -2.047587e-03;
  -5.672805e-02   3.447224e-01   5.214251e-03;
  -2.047587e-03   5.214251e-03   2.636908e-01]
sigma=[ ...    
  -3.013580e+03   9.496734e+01   1.489700e+02;
   9.395803e+01  -2.639399e+03   1.790749e+02;
   1.547763e+02   1.791336e+02  -1.453482e+03]
sigmaDot=[ ... 
   0.000000e+00   0.000000e+00   0.000000e+00;
   0.000000e+00   0.000000e+00   0.000000e+00;
   0.000000e+00   0.000000e+00   0.000000e+00]
intgraE=[ ...  
  -5.000000e-01   0.000000e+00   0.000000e+00;
   0.000000e+00  -5.000000e-01   0.000000e+00;
   0.000000e+00   0.000000e+00  -5.000000e-01]
E=[ ...        
   2.122489e-01  -6.104938e-01   2.908701e-01;
  -6.104938e-01   1.629199e+00  -5.987135e-01;
   2.908701e-01  -5.987135e-01   9.905766e-02]
e=[ ...        
   6.600811e-02  -1.642894e-01   1.105608e-01;
  -1.642894e-01   3.048568e-01  -4.461988e-02;
   1.105608e-01  -4.461988e-02  -1.700583e-01]
intgraF=[ ...  
   0.000000e+00   0.000000e+00   0.000000e+00;
   0.000000e+00   0.000000e+00   0.000000e+00;
   0.000000e+00   0.000000e+00   0.000000e+00]
F=[ ...        
   1.167924e+00  -6.361046e-01   3.696211e-01;
  -2.423530e-01   1.962149e+00  -4.617326e-01;
   4.141931e-02  -6.114999e-02   9.210312e-01]
R=[ ...        
   9.861800e-01  -1.149523e-01   1.193103e-01;
   1.293313e-01   9.842236e-01  -1.207365e-01;
  -1.035491e-01   1.344985e-01   9.854886e-01]
U=[ ...        
   1.116151e+00  -3.672143e-01   2.094246e-01;
  -3.672143e-01   1.996091e+00  -3.730596e-01;
   2.094246e-01  -3.730596e-01   1.007513e+00]
l=[ ...        
  -3.544502e-03   1.119167e-02   5.932425e-03;
   1.974696e-02   1.034587e-02  -1.220690e-02;
   1.524460e-02  -1.425842e-02  -1.123959e-02]
d=[ ...        
  -3.544502e-03   1.546932e-02   1.058851e-02;
   1.546932e-02   1.034587e-02  -1.323266e-02;
   1.058851e-02  -1.323266e-02  -1.123959e-02]
     iteration=        5708985       process=              5       (i,j,k)=              1              0              1       (x,y,z)=   1.485656e-02   5.138688e-03   1.416426e-02     particles=             42
fabric=[ ...   
   3.426161e-01  -2.155274e-02  -3.034506e-02;
  -2.155274e-02   3.419573e-01  -8.600886e-03;
  -3.034506e-02  -8.600886e-03   3.154266e-01]
sigma=[ ...    
  -9.982008e+02  -5.701631e+01   1.368145e+02;
  -5.378644e+01  -1.157828e+03   1.091038e+02;
   1.313370e+02   1.070745e+02  -9.793822e+02]
sigmaDot=[ ... 
   0.000000e+00   0.000000e+00   0.000000e+00;
   0.000000e+00   0.000000e+00   0.000000e+00;
   0.000000e+00   0.000000e+00   0.000000e+00]
intgraE=[ ...  
  -5.000000e-01   0.000000e+00   0.000000e+00;
   0.000000e+00  -5.000000e-01   0.000000e+00;
   0.000000e+00   0.000000e+00  -5.000000e-01]
E=[ ...        
   4.465504e-01  -3.051421e-01  -6.866193e-01;
  -3.051421e-01   1.971201e-01   3.361046e-01;
  -6.866193e-01   3.361046e-01   4.128423e-01]
e=[ ...        
  -1.293189e-01  -1.624768e-01  -4.127966e-01;
  -1.624768e-01   5.257947e-02   2.488575e-02;
  -4.127966e-01   2.488575e-02  -8.846583e-02]
intgraF=[ ...  
   0.000000e+00   0.000000e+00   0.000000e+00;
   0.000000e+00   0.000000e+00   0.000000e+00;
   0.000000e+00   0.000000e+00   0.000000e+00]
F=[ ...        
   1.223698e+00  -3.789467e-01  -4.796793e-01;
  -1.124202e-01   1.117810e+00   4.025698e-01;
  -6.188912e-01   3.377592e-02   1.197301e+00]
R=[ ...        
   9.819245e-01  -1.744164e-01   7.350632e-02;
   1.557641e-01   9.652837e-01   2.096780e-01;
  -1.075257e-01  -1.944383e-01   9.750036e-01]
U=[ ...        
   1.250615e+00  -2.016141e-01  -5.370436e-01;
  -2.016141e-01   1.138531e+00   2.394568e-01;
  -5.370436e-01   2.394568e-01   1.216523e+00]
l=[ ...        
  -1.421121e-02  -6.266658e-02  -5.890301e-02;
   4.465202e-02   3.468813e-02   6.952919e-02;
  -3.130236e-02   2.999613e-03  -7.180687e-02]
d=[ ...        
  -1.421121e-02  -9.007276e-03  -4.510269e-02;
  -9.007276e-03   3.468813e-02   3.626440e-02;
  -4.510269e-02   3.626440e-02  -7.180687e-02]
     iteration=        5708985       process=              6       (i,j,k)=              1              1              0       (x,y,z)=   1.485656e-02   1.485800e-02   4.900479e-03     particles=             58
fabric=[ ...   
   3.516263e-01   1.459136e-02  -3.204435e-02;
   1.459136e-02   3.244940e-01   1.850880e-02;
  -3.204435e-02   1.850880e-02   3.238796e-01]
sigma=[ ...    
  -1.506396e+03   2.951145e+02  -2.507123e+01;
   2.911907e+02  -2.005602e+03  -9.663806e+01;
  -2.706099e+01  -9.747151e+01  -1.362507e+03]
sigmaDot=[ ... 
   0.000000e+00   0.000000e+00   0.000000e+00;
   0.000000e+00   0.000000e+00   0.000000e+00;
   0.000000e+00   0.000000e+00   0.000000e+00]
intgraE=[ ...  
  -5.000000e-01   0.000000e+00   0.000000e+00;
   0.000000e+00  -5.000000e-01   0.000000e+00;
   0.000000e+00   0.000000e+00  -5.000000e-01]
E=[ ...        
  -6.643263e-02  -2.036412e-02   6.132027e-02;
  -2.036412e-02  -1.164430e-01  -1.129386e-02;
   6.132027e-02  -1.129386e-02   1.627667e-02]
e=[ ...        
  -1.070268e-01  -2.254569e-02   5.778612e-02;
  -2.254569e-02  -1.517369e-01   6.812455e-03;
   5.778612e-02   6.812455e-03   2.464795e-02]
intgraF=[ ...  
   0.000000e+00   0.000000e+00   0.000000e+00;
   0.000000e+00   0.000000e+00   0.000000e+00;
   0.000000e+00   0.000000e+00   0.000000e+00]
F=[ ...        
   9.104796e-01   3.145324e-02  -6.613992e-02;
  -5.072432e-02   8.647851e-01   1.334025e-01;
   1.886495e-01  -1.351720e-01   1.005178e+00]
R=[ ...        
   9.902413e-01   5.939977e-02  -1.260710e-01;
  -4.083852e-02   9.885867e-01   1.450122e-01;
   1.332458e-01  -1.384485e-01   9.813652e-01]
U=[ ...        
   9.288028e-01  -2.218136e-02   6.299333e-02;
  -2.218136e-02   8.754977e-01  -1.121408e-02;
   6.299333e-02  -1.121408e-02   1.014130e+00]
l=[ ...        
   4.897184e-03   7.616739e-03  -3.505015e-03;
   1.302860e-04   7.358106e-04   4.636855e-03;
  -1.252386e-02   3.162907e-02  -2.367864e-02]
d=[ ...        
   4.897184e-03   3.873512e-03  -8.014438e-03;
   3.873512e-03   7.358106e-04   1.813296e-02;
  -8.014438e-03   1.813296e-02  -2.367864e-02]
     iteration=        5708985       process=              7       (i,j,k)=              1              1              1       (x,y,z)=   1.485656e-02   1.485800e-02   1.416426e-02     particles=             54
fabric=[ ...   
   3.535947e-01   2.354681e-02   1.209636e-02;
   2.354681e-02   2.900505e-01   1.354233e-02;
   1.209636e-02   1.354233e-02   3.563548e-01]
sigma=[ ...    
  -1.657184e+03  -1.204691e+02  -3.233876e+02;
  -1.180423e+02  -6.805266e+02  -7.673999e+01;
  -3.240820e+02  -7.573228e+01  -1.128838e+03]
sigmaDot=[ ... 
   0.000000e+00   0.000000e+00   0.000000e+00;
   0.000000e+00   0.000000e+00   0.000000e+00;
   0.000000e+00   0.000000e+00   0.000000e+00]
intgraE=[ ...  
  -5.000000e-01   0.000000e+00   0.000000e+00;
   0.000000e+00  -5.000000e-01   0.000000e+00;
   0.000000e+00   0.000000e+00  -5.000000e-01]
E=[ ...        
  -4.288586e-02   1.795293e-01   2.123143e-01;
   1.795293e-01  -3.490284e-01  -7.067384e-02;
   2.123143e-01  -7.067384e-02  -3.645790e-02]
e=[ ...        
  -1.575203e+00   4.042554e+00   4.747955e+00;
   4.042554e+00  -9.972220e+00  -1.126131e+01;
   4.747955e+00  -1.126131e+01  -1.304867e+01]
intgraF=[ ...  
   0.000000e+00   0.000000e+00   0.000000e+00;
   0.000000e+00   0.000000e+00   0.000000e+00;
   0.000000e+00   0.000000e+00   0.000000e+00]
F=[ ...        
   9.232679e-01   2.699680e-01   5.615193e-01;
   2.476660e-01   4.560269e-01  -4.354021e-01;
   2.159224e-02  -1.452581e-01   6.497733e-01]
R=[ ...        
   9.306416e-01   8.363965e-02   3.562452e-01;
   3.272535e-02   9.506046e-01  -3.086745e-01;
  -3.644657e-01   2.989236e-01   8.819350e-01]
U=[ ...        
   8.594668e-01   3.191087e-01   2.715045e-01;
   3.191087e-01   4.126602e-01  -1.726974e-01;
   2.715045e-01  -1.726974e-01   9.074939e-01]
l=[ ...        
  -2.374908e-02   7.536754e-02   2.135982e-02;
  -8.693147e-03   3.736244e-03   2.198311e-02;
   1.514120e-02  -8.595677e-03   4.661827e-02]
d=[ ...        
  -2.374908e-02   3.333720e-02   1.825051e-02;
   3.333720e-02   3.736244e-03   6.693718e-03;
   1.825051e-02   6.693718e-03   4.661827e-02]
