     iteration=        4999999       process=              0       (i,j,k)=              0              0              0       (x,y,z)=   5.124299e-03   5.123370e-03   4.892727e-03     particles=             70
fabric=[ ...   
   3.962974e-01  -1.669621e-02  -4.021861e-02;
  -1.669621e-02   3.050061e-01   3.230798e-03;
  -4.021861e-02   3.230798e-03   2.911777e-01]
sigma=[ ...    
  -1.419792e+03   1.526113e+01   3.868316e+02;
  -8.284003e+00  -1.266560e+03   1.061181e+01;
   3.943069e+02   4.931404e+00  -7.520838e+02]
sigmaDot=[ ... 
  -1.555403e+06  -1.049516e+06   7.342019e+06;
  -8.235408e+06  -1.144610e+06   1.409430e+06;
  -4.058920e+05   1.519358e+06   1.272178e+04]
intgraE=[ ...  
   1.155429e-02  -1.186950e-02   2.726671e-02;
  -1.186950e-02  -1.406730e-02  -1.097715e-03;
   2.726671e-02  -1.097715e-03   3.353460e-02]
E=[ ...        
   3.654737e-02   8.762295e-03   1.844439e-02;
   8.762295e-03  -1.438141e-02   2.136986e-04;
   1.844439e-02   2.136986e-04   4.228062e-02]
e=[ ...        
   3.361042e-02   8.801127e-03   1.589513e-02;
   8.801127e-03  -1.483805e-02   9.368962e-05;
   1.589513e-02   9.368962e-05   3.808802e-02]
intgraF=[ ...  
   1.011256e+00  -1.982874e-02   3.213411e-02;
  -3.636842e-03   9.856212e-01   3.447751e-03;
   2.135639e-02  -4.800485e-03   1.032485e+00]
F=[ ...        
   1.035762e+00   1.726998e-03   2.942753e-02;
   1.598533e-02   9.855078e-01   3.469639e-03;
   6.103168e-03  -2.922937e-03   1.041001e+00]
R=[ ...        
   9.999124e-01  -7.045331e-03   1.120733e-02;
   7.011187e-03   9.999707e-01   3.082974e-03;
  -1.122872e-02  -3.004127e-03   9.999324e-01]
U=[ ...        
   1.035714e+00   8.669247e-03   1.776016e-02;
   8.669247e-03   9.854755e-01   1.349108e-04;
   1.776016e-02   1.349108e-04   1.041271e+00]
l=[ ...        
  -2.564692e-02  -1.670890e-02   1.177968e-02;
   3.672995e-02   8.310046e-04   1.874269e-02;
   1.780447e-02  -7.876111e-02   6.854206e-02]
d=[ ...        
  -2.564692e-02   1.001052e-02   1.479207e-02;
   1.001052e-02   8.310046e-04  -3.000921e-02;
   1.479207e-02  -3.000921e-02   6.854206e-02]
     iteration=        4999999       process=              1       (i,j,k)=              0              0              1       (x,y,z)=   5.124299e-03   5.123370e-03   1.418531e-02     particles=             56
fabric=[ ...   
   2.660805e-01   3.468944e-04  -1.944910e-02;
   3.468944e-04   3.917144e-01   1.813449e-02;
  -1.944910e-02   1.813449e-02   3.422051e-01]
sigma=[ ...    
  -3.234529e+02   4.736894e+01   6.315494e+01;
   4.829100e+01  -4.430816e+02  -1.955078e+01;
   6.662877e+01  -2.375104e+01  -6.811062e+02]
sigmaDot=[ ... 
  -1.324228e+05   4.134692e+05   1.634480e+06;
   7.535968e+05   1.402506e+04  -4.392908e+04;
  -1.134533e+05   4.172603e+05   1.105905e+04]
intgraE=[ ...  
  -9.966281e-02   1.342200e-02  -2.763855e-01;
   1.342200e-02   5.707912e-02  -1.475383e-02;
  -2.763855e-01  -1.475383e-02   5.862454e-01]
E=[ ...        
   1.209368e-01  -1.932750e-01   6.614086e-02;
  -1.932750e-01   3.064943e-01  -3.520911e-01;
   6.614086e-02  -3.520911e-01  -2.078252e-03]
e=[ ...        
  -1.487164e-03  -4.523727e-02  -2.593381e-01;
  -4.523727e-02   1.495945e-01   1.540217e-01;
  -2.593381e-01   1.540217e-01  -2.899421e-01]
intgraF=[ ...  
   8.935576e-01   3.596764e-02  -6.871518e-01;
  -7.113976e-03   1.053868e+00  -6.285322e-02;
   4.667505e-02   4.717788e-02   1.302445e+00]
F=[ ...        
   1.026917e+00  -2.659485e-01   4.054326e-01;
   2.105133e-01   9.331373e-01  -8.723159e-01;
  -3.781523e-01   8.194601e-01   2.655802e-01]
R=[ ...        
   9.189906e-01   7.778051e-03   3.942026e-01;
   3.067361e-01   6.140798e-01  -7.271994e-01;
  -2.477281e-01   7.892056e-01   5.619478e-01]
U=[ ...        
   1.101978e+00  -1.611806e-01   3.922634e-02;
  -1.611806e-01   1.217675e+00  -3.229207e-01;
   3.922634e-02  -3.229207e-01   9.434124e-01]
l=[ ...        
   5.037841e-02   1.433266e-02  -5.164776e-02;
  -1.973270e-03  -1.850583e-02  -6.623530e-03;
   1.918553e-02  -6.323967e-03  -5.601219e-02]
d=[ ...        
   5.037841e-02   6.179696e-03  -1.623111e-02;
   6.179696e-03  -1.850583e-02  -6.473748e-03;
  -1.623111e-02  -6.473748e-03  -5.601219e-02]
     iteration=        4999999       process=              2       (i,j,k)=              0              1              0       (x,y,z)=   5.124299e-03   1.487451e-02   4.892727e-03     particles=             74
fabric=[ ...   
   3.336530e-01   2.702534e-02  -1.284951e-02;
   2.702534e-02   3.457184e-01   6.881897e-03;
  -1.284951e-02   6.881897e-03   3.206287e-01]
sigma=[ ...    
  -7.042350e+02   1.439766e+02   5.589717e+01;
   1.425784e+02  -1.008771e+03  -2.054268e+00;
   5.540514e+01   5.220113e+00  -7.848928e+02]
sigmaDot=[ ... 
   5.341265e+05   1.484418e+04   8.315801e+05;
  -5.114865e+05   4.117768e+04   1.798630e+05;
   2.088738e+05  -8.416640e+05   2.986491e+05]
intgraE=[ ...  
   2.068153e-02   1.270148e-02   1.203614e-02;
   1.270148e-02  -4.667694e-02  -6.920555e-03;
   1.203614e-02  -6.920555e-03   2.124874e-03]
E=[ ...        
   5.357311e-03  -3.427636e-04   1.866482e-02;
  -3.427636e-04   8.036836e-03   5.243223e-02;
   1.866482e-02   5.243223e-02   2.216848e-02]
e=[ ...        
   3.974349e-03  -3.092219e-03   1.825815e-02;
  -3.092219e-03   2.501129e-03   4.972909e-02;
   1.825815e-02   4.972909e-02   1.647364e-02]
intgraF=[ ...  
   1.020101e+00   1.206780e-02   3.663747e-04;
   1.391902e-02   9.520795e-01  -7.477434e-03;
   2.375287e-02  -6.712359e-03   1.002095e+00]
F=[ ...        
   1.004657e+00   9.115457e-03   1.901561e-03;
  -1.170188e-02   1.006469e+00   4.853119e-02;
   3.525478e-02   5.486230e-02   1.020773e+00]
R=[ ...        
   9.998021e-01   1.072585e-02  -1.675657e-02;
  -1.077665e-02   9.999376e-01  -2.944551e-03;
   1.672394e-02   3.124548e-03   9.998553e-01]
U=[ ...        
   1.005173e+00  -8.152050e-04   1.844953e-02;
  -8.152050e-04   1.006676e+00   5.173801e-02;
   1.844953e-02   5.173801e-02   1.020451e+00]
l=[ ...        
   9.303386e-03  -1.229183e-02   2.234739e-02;
   2.382276e-03  -4.225421e-02  -4.475228e-02;
  -1.469839e-02  -3.693267e-03  -1.127900e-02]
d=[ ...        
   9.303386e-03  -4.954779e-03   3.824500e-03;
  -4.954779e-03  -4.225421e-02  -2.422277e-02;
   3.824500e-03  -2.422277e-02  -1.127900e-02]
     iteration=        4999999       process=              3       (i,j,k)=              0              1              1       (x,y,z)=   5.124299e-03   1.487451e-02   1.418531e-02     particles=             46
fabric=[ ...   
   3.033352e-01   5.860793e-02  -2.388220e-02;
   5.860793e-02   3.335097e-01   3.603830e-02;
  -2.388220e-02   3.603830e-02   3.631551e-01]
sigma=[ ...    
  -5.450114e+02  -1.259291e+02   2.298181e+01;
  -1.335834e+02  -5.459895e+02  -1.577194e+02;
   1.062505e+01  -1.538686e+02  -1.335508e+03]
sigmaDot=[ ... 
   9.142512e+04  -6.467493e+05  -8.827005e+05;
  -9.014321e+05  -1.877609e+05  -8.024678e+04;
  -2.977394e+05   5.577373e+04   1.402244e+06]
intgraE=[ ...  
   5.619353e-03   8.546117e-02  -8.908310e-02;
   8.546117e-02  -2.767262e-02  -3.476260e-02;
  -8.908310e-02  -3.476260e-02   1.581710e-01]
E=[ ...        
   4.593059e-02   1.028624e-01   1.171739e-01;
   1.028624e-01  -1.980089e-02   3.743960e-02;
   1.171739e-01   3.743960e-02   2.805214e-01]
e=[ ...        
  -2.041332e-02   9.669799e-02   2.491938e-02;
   9.669799e-02  -3.377133e-02   3.931843e-02;
   2.491938e-02   3.931843e-02   1.885458e-01]
intgraF=[ ...  
   1.001560e+00   8.423712e-02  -1.600345e-01;
   8.912116e-02   9.680413e-01  -3.287264e-02;
  -1.316659e-02  -2.132941e-02   1.135628e+00]
F=[ ...        
   9.841252e-01   5.546429e-02  -1.711310e-01;
   1.464743e-01   9.781175e-01   5.508660e-02;
   3.192240e-01   2.465976e-02   1.236415e+00]
R=[ ...        
   9.756407e-01  -3.765759e-02  -2.161185e-01;
   4.241601e-02   9.989482e-01   1.742008e-02;
   2.152352e-01  -2.616262e-02   9.762117e-01]
U=[ ...        
   1.035074e+00   1.009087e-01   1.014942e-01;
   1.009087e-01   9.743548e-01   2.912518e-02;
   1.014942e-01   2.912518e-02   1.244947e+00]
l=[ ...        
  -1.327309e-02   1.605806e-02   8.534148e-03;
  -1.259565e-02  -1.851540e-02   1.651703e-02;
   3.443740e-02  -7.791589e-03  -2.006066e-02]
d=[ ...        
  -1.327309e-02   1.731205e-03   2.148577e-02;
   1.731205e-03  -1.851540e-02   4.362723e-03;
   2.148577e-02   4.362723e-03  -2.006066e-02]
     iteration=        4999999       process=              4       (i,j,k)=              1              0              0       (x,y,z)=   1.487482e-02   5.123370e-03   4.892727e-03     particles=             66
fabric=[ ...   
   3.983368e-01  -2.242437e-02   5.682378e-04;
  -2.242437e-02   3.235677e-01  -1.182279e-02;
   5.682378e-04  -1.182279e-02   2.780954e-01]
sigma=[ ...    
  -2.207786e+03  -5.403401e+01  -1.273214e+02;
  -5.555050e+01  -1.650237e+03   2.275373e+02;
  -1.287622e+02   2.266137e+02  -9.506700e+02]
sigmaDot=[ ... 
   6.036484e+03   1.014709e+06  -7.893216e+05;
  -8.579444e+05  -5.228079e+05   1.667603e+05;
  -3.086609e+05   4.885248e+05  -7.995805e+05]
intgraE=[ ...  
  -2.037331e-02   3.886705e-02  -2.311340e-02;
   3.886705e-02   8.689912e-03  -7.860343e-03;
  -2.311340e-02  -7.860343e-03   6.721134e-02]
E=[ ...        
  -5.124101e-02  -1.390392e-03   9.943744e-03;
  -1.390392e-03   3.403557e-02   3.337614e-02;
   9.943744e-03   3.337614e-02  -2.054736e-01]
e=[ ...        
  -5.622178e-02  -5.024440e-03   4.773073e-03;
  -5.024440e-03   2.415873e-02   6.677411e-02;
   4.773073e-03   6.677411e-02  -3.524769e-01]
intgraF=[ ...  
   9.772631e-01   3.557458e-02   6.697589e-03;
   4.204307e-02   1.007954e+00  -3.199270e-03;
  -4.942187e-02  -1.195627e-02   1.065067e+00]
F=[ ...        
   9.459333e-01  -5.215408e-02   3.911092e-02;
   4.683049e-02   1.029645e+00   1.322809e-02;
  -2.313234e-02   7.198960e-02   7.663864e-01]
R=[ ...        
   9.979990e-01  -5.030590e-02   3.830555e-02;
   5.153662e-02   9.981631e-01  -3.184913e-02;
  -3.663299e-02   3.375954e-02   9.987584e-01]
U=[ ...        
   9.473014e-01  -1.622492e-03   1.163937e-02;
  -1.622492e-03   1.032808e+00   3.710913e-02;
   1.163937e-02   3.710913e-02   7.665117e-01]
l=[ ...        
  -7.447632e-03  -2.305914e-02   2.597645e-02;
  -4.166596e-02  -2.661544e-02   6.026876e-03;
  -4.463760e-02  -3.234413e-02   6.730373e-03]
d=[ ...        
  -7.447632e-03  -3.236255e-02  -9.330577e-03;
  -3.236255e-02  -2.661544e-02  -1.315863e-02;
  -9.330577e-03  -1.315863e-02   6.730373e-03]
     iteration=        4999999       process=              5       (i,j,k)=              1              0              1       (x,y,z)=   1.487482e-02   5.123370e-03   1.418531e-02     particles=             41
fabric=[ ...   
   3.210112e-01   4.104657e-02  -1.140352e-02;
   4.104657e-02   3.520580e-01   3.254237e-02;
  -1.140352e-02   3.254237e-02   3.012897e-01]
sigma=[ ...    
  -1.432685e+02  -6.423479e+00  -2.004888e+01;
  -4.317654e+00  -8.784258e+01  -3.296060e+00;
  -1.930469e+01  -4.564393e+00  -1.199167e+02]
sigmaDot=[ ... 
  -2.460855e+05  -8.887629e+04   2.229897e+04;
  -1.944313e+05  -2.665356e+05  -1.263441e+05;
  -7.337871e+04  -5.060275e+04   2.055617e+04]
intgraE=[ ...  
   3.589350e-02   1.757716e-02  -1.047392e-01;
   1.757716e-02   1.760462e-02  -4.738152e-02;
  -1.047392e-01  -4.738152e-02  -1.679873e-03]
E=[ ...        
   5.223114e-01  -3.436515e-01  -8.067322e-01;
  -3.436515e-01   2.825659e-01   3.146755e-01;
  -8.067322e-01   3.146755e-01   5.403724e-01]
e=[ ...        
  -1.829761e-01  -2.420528e-01  -4.305049e-01;
  -2.420528e-01   5.852988e-02  -6.046190e-02;
  -4.305049e-01  -6.046190e-02  -3.047786e-02]
intgraF=[ ...  
   1.032375e+00   5.392307e-02  -1.332709e-01;
  -3.484025e-02   9.951531e-01   1.143153e-01;
  -6.910156e-02  -2.048705e-01   9.827569e-01]
F=[ ...        
   1.242973e+00  -4.261793e-01  -5.387965e-01;
  -1.539806e-01   1.175732e+00   3.771243e-01;
  -6.898769e-01  -3.401551e-02   1.283830e+00]
R=[ ...        
   9.811008e-01  -1.784879e-01   7.472096e-02;
   1.582002e-01   9.622671e-01   2.213927e-01;
  -1.114174e-01  -2.053877e-01   9.723179e-01]
U=[ ...        
   1.271987e+00  -2.283339e-01  -6.119936e-01;
  -2.283339e-01   1.214423e+00   1.953800e-01;
  -6.119936e-01   1.953800e-01   1.291524e+00]
l=[ ...        
  -2.909458e-02   5.728430e-02  -3.041589e-02;
  -2.853635e-02  -2.194211e-02   1.245517e-01;
   2.907613e-02   6.176268e-02  -6.933578e-02]
d=[ ...        
  -2.909458e-02   1.437397e-02  -6.698785e-04;
   1.437397e-02  -2.194211e-02   9.315717e-02;
  -6.698785e-04   9.315717e-02  -6.933578e-02]
     iteration=        4999999       process=              6       (i,j,k)=              1              1              0       (x,y,z)=   1.487482e-02   1.487451e-02   4.892727e-03     particles=             58
fabric=[ ...   
   3.605620e-01   6.549774e-04  -2.549285e-02;
   6.549774e-04   3.638087e-01   3.383943e-03;
  -2.549285e-02   3.383943e-03   2.756292e-01]
sigma=[ ...    
  -6.792926e+02   1.725636e+02   2.719581e+01;
   1.678929e+02  -8.153573e+02  -4.259770e+01;
   2.874138e+01  -4.191736e+01  -2.976709e+02]
sigmaDot=[ ... 
   3.559152e+05   2.202849e+05   3.030213e+06;
  -1.600319e+05   3.246344e+05  -2.475284e+06;
  -4.443752e+05   8.192800e+06  -9.038200e+04]
intgraE=[ ...  
  -7.769861e-02   6.475939e-02  -4.524475e-02;
   6.475939e-02  -9.404858e-02  -6.887711e-04;
  -4.524475e-02  -6.887711e-04  -2.014174e-02]
E=[ ...        
  -5.076421e-02   1.034128e-02   3.301849e-02;
   1.034128e-02  -1.164712e-01   2.644129e-02;
   3.301849e-02   2.644129e-02  -1.816868e-02]
e=[ ...        
  -6.860175e-02   8.872486e-03   3.207050e-02;
   8.872486e-03  -1.386590e-01   5.717573e-02;
   3.207050e-02   5.717573e-02  -3.024992e-02]
intgraF=[ ...  
   9.132311e-01   6.453907e-02  -2.763916e-02;
   7.186877e-02   8.947070e-01   9.314109e-02;
  -7.380068e-02  -8.506963e-02   9.748217e-01]
F=[ ...        
   9.327628e-01   5.218509e-02  -9.982411e-02;
  -7.994682e-03   8.652582e-01   2.052347e-01;
   1.684079e-01  -1.251502e-01   9.547652e-01]
R=[ ...        
   9.891193e-01   5.184451e-02  -1.376775e-01;
  -2.621326e-02   9.829803e-01   1.818314e-01;
   1.447612e-01  -1.762440e-01   9.736438e-01]
U=[ ...        
   9.472022e-01   1.081914e-02   3.409515e-02;
   1.081914e-02   8.752943e-01   2.829467e-02;
   3.409515e-02   2.829467e-02   9.806628e-01]
l=[ ...        
  -2.690259e-02   1.373637e-02   2.253958e-02;
  -5.693791e-02   2.607283e-02  -2.783154e-02;
   1.347936e-02  -1.230686e-02  -2.693032e-02]
d=[ ...        
  -2.690259e-02  -2.160077e-02   1.800947e-02;
  -2.160077e-02   2.607283e-02  -2.006920e-02;
   1.800947e-02  -2.006920e-02  -2.693032e-02]
     iteration=        4999999       process=              7       (i,j,k)=              1              1              1       (x,y,z)=   1.487482e-02   1.487451e-02   1.418531e-02     particles=             54
fabric=[ ...   
   4.015666e-01   6.174529e-02  -3.402145e-02;
   6.174529e-02   2.534814e-01  -3.271648e-02;
  -3.402145e-02  -3.271648e-02   3.449520e-01]
sigma=[ ...    
  -6.475281e+01  -1.698323e+01  -9.541210e+00;
  -1.748610e+01  -2.162472e+01  -6.542745e+00;
  -1.200612e+01  -7.995799e+00  -6.105033e+01]
sigmaDot=[ ... 
   1.589148e+05  -3.525069e+05  -2.892302e+06;
  -5.415033e+06  -3.493130e+05   2.897213e+05;
  -2.316979e+05  -3.293420e+06  -4.129595e+05]
intgraE=[ ...  
   2.435825e-02  -5.348960e-02   9.022685e-04;
  -5.348960e-02   9.383747e-02  -9.375133e-02;
   9.022685e-04  -9.375133e-02  -6.699364e-02]
E=[ ...        
  -1.146538e-01   1.201421e-01   1.660556e-01;
   1.201421e-01  -1.899335e-01  -3.842950e-02;
   1.660556e-01  -3.842950e-02  -8.582151e-02]
e=[ ...        
  -1.633119e-01   2.679003e-01   3.942222e-01;
   2.679003e-01  -4.919202e-01  -4.061278e-01;
   3.942222e-01  -4.061278e-01  -6.145503e-01]
intgraF=[ ...  
   1.005554e+00   1.023769e-01  -4.153289e-02;
  -1.920585e-01   1.081977e+00  -1.003910e-01;
   2.627814e-02  -8.074780e-02   9.242345e-01]
F=[ ...        
   8.741442e-01   2.095363e-01   4.253576e-01;
   7.378781e-02   7.582959e-01  -1.828775e-01;
  -3.346046e-02  -3.485530e-02   7.835711e-01]
R=[ ...        
   9.567052e-01   9.996387e-02   2.733539e-01;
  -6.985216e-02   9.905805e-01  -1.177753e-01;
  -2.825523e-01   9.358185e-02   9.546762e-01]
U=[ ...        
   8.405984e-01   1.573443e-01   1.983164e-01;
   1.573443e-01   7.688373e-01  -6.530646e-02;
   1.983164e-01  -6.530646e-02   8.858683e-01]
l=[ ...        
  -7.742711e-02   8.259053e-02  -3.162967e-03;
   3.966815e-02  -5.655509e-02   4.901232e-02;
   5.393853e-03  -1.613465e-01   8.998187e-02]
d=[ ...        
  -7.742711e-02   6.112934e-02   1.115443e-03;
   6.112934e-02  -5.655509e-02  -5.616707e-02;
   1.115443e-03  -5.616707e-02   8.998187e-02]
