     iteration=        1099999       process=              0       (i,j,k)=              0              0              0       (x,y,z)=   5.027436e-03   5.027438e-03   4.797829e-03     particles=             72
fabric=[ ...   
   4.246849e-01   6.101426e-02  -4.978789e-03;
   6.101426e-02   2.575324e-01   6.343284e-03;
  -4.978789e-03   6.343284e-03   2.844494e-01]
sigma=[ ...    
  -3.020716e+00   7.895714e-02   3.431616e-01;
   6.196099e-01  -2.515271e+00   3.707257e-01;
   3.665417e-01   9.522740e-01  -2.244892e+00]
sigmaDot=[ ... 
   5.047224e+04   1.060159e+04   1.545989e+04;
  -2.694450e+04   7.582302e+02   3.197127e+04;
   1.250937e+04  -6.600437e+03   8.869813e+03]
intgraE=[ ...  
   1.229848e-02  -7.014772e-03   3.943913e-03;
  -7.014772e-03   1.077880e-02  -1.537543e-02;
   3.943913e-03  -1.537543e-02   9.965444e-03]
E=[ ...        
  -4.389788e-03   1.116844e-03  -1.071827e-02;
   1.116844e-03  -3.756404e-03  -3.526265e-03;
  -1.071827e-02  -3.526265e-03  -5.284081e-03]
e=[ ...        
  -4.711855e-03   9.986592e-04  -1.090730e-02;
   9.986592e-04  -3.830520e-03  -3.652446e-03;
  -1.090730e-02  -3.652446e-03  -5.540230e-03]
intgraF=[ ...  
   1.012059e+00  -2.937826e-02   1.780676e-02;
   1.520161e-02   1.009687e+00   5.082841e-03;
  -1.011237e-02  -3.501850e-02   1.009746e+00]
F=[ ...        
   9.954948e-01  -5.755167e-03  -9.376721e-03;
   7.896123e-03   9.961881e-01   8.142145e-04;
  -1.217353e-02  -7.960133e-03   9.946574e-01]
R=[ ...        
   9.999754e-01  -6.878548e-03   1.375267e-03;
   6.872368e-03   9.999665e-01   4.448440e-03;
  -1.405820e-03  -4.438879e-03   9.999892e-01]
U=[ ...        
   9.955417e-01   1.102337e-03  -1.076920e-02;
   1.102337e-03   9.962296e-01  -3.536479e-03;
  -1.076920e-02  -3.536479e-03   9.946373e-01]
l=[ ...        
  -1.651910e-02  -4.652876e-02   3.505581e-02;
  -2.569259e-02  -1.541879e-02  -4.025055e-02;
  -6.155494e-02   4.969912e-02  -1.202296e-02]
d=[ ...        
  -1.651910e-02  -3.611068e-02  -1.324957e-02;
  -3.611068e-02  -1.541879e-02   4.724284e-03;
  -1.324957e-02   4.724284e-03  -1.202296e-02]
     iteration=        1099999       process=              1       (i,j,k)=              0              0              1       (x,y,z)=   5.027436e-03   5.027438e-03   1.428367e-02     particles=             57
fabric=[ ...   
   3.701924e-01   7.723697e-04   3.549831e-03;
   7.723697e-04   3.663643e-01   3.532781e-02;
   3.549831e-03   3.532781e-02   2.199651e-01]
sigma=[ ...    
  -6.305982e-01   1.420088e-01  -1.025498e-01;
   3.189324e-01  -3.446469e-01   1.609268e-01;
  -1.141177e-01   8.708433e-02  -6.028494e-02]
sigmaDot=[ ... 
  -3.136147e+03   1.389337e+04  -5.495752e+03;
   7.900750e+03  -1.135769e+03   1.460975e+03;
  -4.005763e+03   1.022607e+03  -1.985334e+03]
intgraE=[ ...  
  -1.139690e-01  -1.781847e-02  -1.880821e-01;
  -1.781847e-02   4.199338e-02  -7.791264e-03;
  -1.880821e-01  -7.791264e-03   5.941854e-01]
E=[ ...        
  -7.504840e-02  -1.694775e-02   2.481143e-02;
  -1.694775e-02  -6.669596e-02  -2.390384e-02;
   2.481143e-02  -2.390384e-02  -1.281618e-01]
e=[ ...        
  -8.938059e-02  -2.307918e-02   3.986023e-02;
  -2.307918e-02  -7.959189e-02  -2.946153e-02;
   3.986023e-02  -2.946153e-02  -1.793406e-01]
intgraF=[ ...  
   8.786601e-01  -3.691238e-02  -4.233917e-01;
  -2.912452e-03   1.038968e+00  -1.066387e-01;
  -3.153671e-03   5.630569e-02   1.413414e+00]
F=[ ...        
   9.205064e-01  -7.359664e-02   2.294552e-02;
   3.596995e-02   9.279094e-01  -6.198668e-02;
   3.574081e-02   1.325734e-02   8.598300e-01]
R=[ ...        
   9.981674e-01  -6.009017e-02  -7.148943e-03;
   5.972638e-02   9.972754e-01  -4.329638e-02;
   9.731152e-03   4.279006e-02   9.990367e-01]
U=[ ...        
   9.213155e-01  -1.791209e-02   2.756836e-02;
  -1.791209e-02   9.303709e-01  -2.640442e-02;
   2.756836e-02  -2.640442e-02   8.615215e-01]
l=[ ...        
  -2.553758e-01   1.697756e-01  -1.243141e+00;
   3.118132e-01  -6.003892e-02   4.833371e-01;
  -2.892053e-01   8.354336e-01  -3.028111e-01]
d=[ ...        
  -2.553758e-01   2.407944e-01  -7.661730e-01;
   2.407944e-01  -6.003892e-02   6.593853e-01;
  -7.661730e-01   6.593853e-01  -3.028111e-01]
     iteration=        1099999       process=              2       (i,j,k)=              0              1              0       (x,y,z)=   5.027436e-03   1.497253e-02   4.797829e-03     particles=             75
fabric=[ ...   
   3.201967e-01   2.873427e-02  -1.326840e-02;
   2.873427e-02   2.496139e-01  -3.417977e-02;
  -1.326840e-02  -3.417977e-02   4.089129e-01]
sigma=[ ...    
  -5.128400e+00  -1.010263e+00   1.221947e+00;
  -1.004739e+00  -3.779648e+00  -4.771690e-01;
   1.774531e+00  -8.935772e-01  -5.690583e+00]
sigmaDot=[ ... 
  -4.997665e+03  -3.266639e+04  -1.097098e+05;
   4.370948e+05  -4.231767e+04  -1.448960e+04;
   3.931212e+04   3.959570e+03  -1.872309e+03]
intgraE=[ ...  
   4.434213e-03   8.560436e-03   1.886272e-03;
   8.560436e-03  -1.805445e-02   5.869642e-04;
   1.886272e-03   5.869642e-04  -7.074136e-03]
E=[ ...        
   1.453210e-03   8.934332e-03  -3.681050e-04;
   8.934332e-03  -1.107454e-03   3.825057e-03;
  -3.681050e-04   3.825057e-03  -1.125124e-02]
e=[ ...        
   1.337026e-03   8.907336e-03  -3.347543e-04;
   8.907336e-03  -1.369862e-03   4.014614e-03;
  -3.347543e-04   4.014614e-03  -1.151906e-02]
intgraF=[ ...  
   1.004285e+00   9.507064e-03  -1.095392e-02;
   7.528057e-03   9.816573e-01  -1.107215e-02;
   1.496482e-02   1.223548e-02   9.927785e-01]
F=[ ...        
   1.001418e+00   1.132204e-02  -5.868831e-03;
   6.500681e-03   9.988014e-01   5.472783e-04;
   5.196272e-03   7.252125e-03   9.886672e-01]
R=[ ...        
   9.999817e-01   2.412448e-03  -5.553788e-03;
  -2.431035e-03   9.999915e-01  -3.342286e-03;
   5.545677e-03   3.355727e-03   9.999790e-01]
U=[ ...        
   1.001412e+00   8.933931e-03  -3.872252e-04;
   8.933931e-03   9.988446e-01   3.850812e-03;
  -3.872252e-04   3.850812e-03   9.886772e-01]
l=[ ...        
   7.964204e-02   9.006686e-02  -7.826856e-03;
   1.881942e-02  -2.880667e-02  -4.639564e-04;
   1.842416e-02   4.154850e-02  -7.614675e-03]
d=[ ...        
   7.964204e-02   5.444314e-02   5.298652e-03;
   5.444314e-02  -2.880667e-02   2.054227e-02;
   5.298652e-03   2.054227e-02  -7.614675e-03]
     iteration=        1099999       process=              3       (i,j,k)=              0              1              1       (x,y,z)=   5.027436e-03   1.497253e-02   1.428367e-02     particles=             45
fabric=[ ...   
   3.111890e-01   4.870948e-02   3.443428e-03;
   4.870948e-02   2.810167e-01  -6.013733e-02;
   3.443428e-03  -6.013733e-02   3.308712e-01]
sigma=[ ...    
  -3.497476e+00  -1.407686e+00   6.275334e-01;
  -1.465221e+00  -4.105691e+00  -8.073263e-01;
  -9.880075e-02  -6.249542e-01  -3.755575e-01]
sigmaDot=[ ... 
  -4.264549e+04  -2.364362e+05  -9.697611e+05;
   3.270854e+06   7.879377e+05  -1.074500e+05;
   7.573687e+05   1.259799e+06   1.875895e+05]
intgraE=[ ...  
  -3.431143e-02   4.342693e-02  -8.281389e-02;
   4.342693e-02   2.122037e-03  -2.278516e-02;
  -8.281389e-02  -2.278516e-02   1.982454e-01]
E=[ ...        
  -4.286410e-02   3.711114e-02   4.945350e-02;
   3.711114e-02  -1.551517e-02  -6.761575e-02;
   4.945350e-02  -6.761575e-02   6.192925e-02]
e=[ ...        
  -6.575542e-02   5.995574e-02   3.858920e-02;
   5.995574e-02  -3.398369e-02  -6.150384e-02;
   3.858920e-02  -6.150384e-02   5.549369e-02]
intgraF=[ ...  
   9.643304e-01   5.821488e-02  -1.433449e-01;
   3.086806e-02   1.000400e+00  -4.592863e-02;
  -2.216369e-02   7.440852e-03   1.172106e+00]
F=[ ...        
   9.407874e-01   7.623868e-02  -8.491396e-02;
   1.499187e-02   9.787947e-01  -5.441229e-02;
   1.701946e-01  -7.154204e-02   1.055314e+00]
R=[ ...        
   9.916265e-01   2.851508e-02  -1.259518e-01;
  -2.702737e-02   9.995435e-01   1.350525e-02;
   1.262794e-01  -9.988011e-03   9.919444e-01]
U=[ ...        
   9.539965e-01   4.011175e-02   5.053215e-02;
   4.011175e-02   9.812364e-01  -6.734926e-02;
   5.053215e-02  -6.734926e-02   1.056773e+00]
l=[ ...        
  -3.697757e-01   3.901236e-01  -4.722007e-01;
   3.429975e-03   3.611140e-01  -3.216920e-01;
   3.787713e-02   1.592603e-01  -1.148719e-01]
d=[ ...        
  -3.697757e-01   1.967768e-01  -2.171618e-01;
   1.967768e-01   3.611140e-01  -8.121586e-02;
  -2.171618e-01  -8.121586e-02  -1.148719e-01]
     iteration=        1099999       process=              4       (i,j,k)=              1              0              0       (x,y,z)=   1.497252e-02   5.027438e-03   4.797829e-03     particles=             69
fabric=[ ...   
   2.191623e-01  -3.174883e-02  -6.260974e-03;
  -3.174883e-02   2.381678e-01   1.058334e-02;
  -6.260974e-03   1.058334e-02   4.315588e-01]
sigma=[ ...    
  -2.719228e-01  -1.342871e-01   7.089896e-02;
  -3.836657e-01  -7.648832e-01   3.400881e-01;
   1.470768e-01   1.546897e-01  -3.195093e-01]
sigmaDot=[ ... 
   3.333259e+03   2.227023e+03  -1.104187e+04;
   4.959022e+03   2.034572e+03   4.905790e+01;
  -4.604359e+03   1.123912e+04   7.924833e+03]
intgraE=[ ...  
  -2.845656e-03   1.197199e-02  -1.315009e-02;
   1.197199e-02   2.987438e-02  -6.123768e-03;
  -1.315009e-02  -6.123768e-03   5.908864e-02]
E=[ ...        
   6.977053e-02  -3.103398e-02  -3.253469e-02;
  -3.103398e-02   6.702167e-02   2.918401e-02;
  -3.253469e-02   2.918401e-02  -3.144101e-02]
e=[ ...        
   6.018869e-02  -2.257449e-02  -2.882930e-02;
  -2.257449e-02   5.478806e-02   2.623185e-02;
  -2.882930e-02   2.623185e-02  -3.734128e-02]
intgraF=[ ...  
   9.967568e-01   1.865092e-03  -7.023820e-03;
   2.170558e-02   1.029337e+00  -2.681509e-02;
  -1.770649e-02   1.453757e-02   1.057076e+00]
F=[ ...        
   1.067351e+00  -5.425108e-02  -4.543493e-02;
  -3.254317e-03   1.062733e+00   1.510003e-02;
  -1.709156e-02   4.122175e-02   9.668638e-01]
R=[ ...        
   9.996274e-01  -2.364942e-02  -1.363057e-02;
   2.347442e-02   9.996417e-01  -1.285913e-02;
   1.392980e-02   1.253437e-02   9.998244e-01]
U=[ ...        
   1.066639e+00  -2.870962e-02  -3.159532e-02;
  -2.870962e-02   1.064152e+00   2.828817e-02;
  -3.159532e-02   2.828817e-02   9.671192e-01]
l=[ ...        
  -6.470795e-02  -2.100483e-01  -8.455996e-02;
   1.292376e-01   4.288510e-02  -1.682793e-01;
   2.217676e-01   3.703443e-01   7.354796e-01]
d=[ ...        
  -6.470795e-02  -4.040532e-02   6.860380e-02;
  -4.040532e-02   4.288510e-02   1.010325e-01;
   6.860380e-02   1.010325e-01   7.354796e-01]
     iteration=        1099999       process=              5       (i,j,k)=              1              0              1       (x,y,z)=   1.497252e-02   5.027438e-03   1.428367e-02     particles=             40
fabric=[ ...   
   2.734309e-01   4.491766e-02  -5.215433e-02;
   4.491766e-02   3.999854e-01   3.692862e-02;
  -5.215433e-02   3.692862e-02   2.811292e-01]
sigma=[ ...    
  -2.580916e+00  -1.484697e+00   5.797605e-02;
  -1.203791e+00  -1.930214e+00  -3.193902e-01;
  -5.606672e-02  -1.700946e-01  -3.470448e-01]
sigmaDot=[ ... 
  -1.680617e+04  -3.209491e+04   4.231577e+04;
  -5.832569e+04  -6.304709e+03   3.801440e+03;
   5.268934e+03   2.591479e+04   3.574417e+03]
intgraE=[ ...  
   8.881054e-02   7.338908e-02  -8.074341e-02;
   7.338908e-02  -2.115713e-02  -4.684703e-02;
  -8.074341e-02  -4.684703e-02   2.969389e-02]
E=[ ...        
   9.525440e-02  -2.308892e-02  -1.851644e-02;
  -2.308892e-02   8.938848e-03   2.632814e-02;
  -1.851644e-02   2.632814e-02  -1.046369e-01]
e=[ ...        
   7.294986e-02  -9.731294e-03  -4.445774e-02;
  -9.731294e-03   3.167473e-03   3.531501e-02;
  -4.445774e-02   3.531501e-02  -1.264148e-01]
intgraF=[ ...  
   1.084298e+00   1.191755e-01  -1.100134e-01;
   1.026230e-02   9.540600e-01   1.100032e-01;
  -4.258569e-02  -1.823526e-01   1.017440e+00]
F=[ ...        
   1.081072e+00  -6.972372e-02   8.247620e-02;
   3.723888e-02   1.004841e+00   7.419706e-03;
  -1.428474e-01   5.754832e-02   8.853637e-01]
R=[ ...        
   9.920682e-01  -5.088285e-02   1.149421e-01;
   5.369338e-02   9.983263e-01  -2.148732e-02;
  -1.136564e-01   2.748852e-02   9.931398e-01]
U=[ ...        
   1.090732e+00  -2.175814e-02  -1.840686e-02;
  -2.175814e-02   1.008288e+00   2.754800e-02;
  -1.840686e-02   2.754800e-02   8.886105e-01]
l=[ ...        
  -1.025092e-01  -2.833947e-02  -5.644514e-03;
  -1.197436e-01  -2.140998e-01  -2.568351e-02;
  -1.740202e-01  -2.910618e-01   1.021153e-01]
d=[ ...        
  -1.025092e-01  -7.404155e-02  -8.983237e-02;
  -7.404155e-02  -2.140998e-01  -1.583726e-01;
  -8.983237e-02  -1.583726e-01   1.021153e-01]
     iteration=        1099999       process=              6       (i,j,k)=              1              1              0       (x,y,z)=   1.497252e-02   1.497253e-02   4.797829e-03     particles=             58
fabric=[ ...   
   2.903155e-01   5.128578e-03  -2.010225e-02;
   5.128578e-03   3.047653e-01   4.698191e-02;
  -2.010225e-02   4.698191e-02   3.678821e-01]
sigma=[ ...    
  -7.451832e-01   3.785066e-01   4.484229e-02;
   3.173076e-01  -1.220295e+00  -5.731004e-01;
  -1.806237e-01  -5.815164e-01  -1.339941e+00]
sigmaDot=[ ... 
   4.552409e+03  -3.185841e+04  -9.871620e+04;
  -5.887355e+04  -2.054245e+04  -2.036181e+04;
  -1.328779e+04   3.393358e+05   3.249989e+04]
intgraE=[ ...  
  -4.940882e-02   7.646884e-02  -2.841597e-02;
   7.646884e-02  -8.009539e-02  -7.185378e-04;
  -2.841597e-02  -7.185378e-04   1.871558e-03]
E=[ ...        
   2.014037e-01   1.510468e-02   1.325082e-02;
   1.510468e-02  -5.402205e-02  -5.580381e-02;
   1.325082e-02  -5.580381e-02   2.612935e-02]
e=[ ...        
   1.401524e-01   2.013742e-02   2.015615e-02;
   2.013742e-02  -7.763030e-02  -5.119964e-02;
   2.015615e-02  -5.119964e-02   3.009397e-02]
intgraF=[ ...  
   9.456538e-01   8.178231e-02  -5.209592e-02;
   8.191257e-02   9.097144e-01   8.467477e-02;
  -1.454790e-02  -7.443530e-02   9.969249e-01]
F=[ ...        
   1.177924e+00   2.232288e-02  -8.370051e-02;
   2.125695e-02   9.350407e-01   2.580833e-02;
   1.218589e-01  -1.309828e-01   1.022050e+00]
R=[ ...        
   9.956055e-01   2.685922e-03  -9.360772e-02;
   4.875808e-03   9.967460e-01   8.045879e-02;
   9.351922e-02  -8.056163e-02   9.923527e-01]
U=[ ...        
   1.184248e+00   1.453445e-02   1.237449e-02;
   1.453445e-02   9.426102e-01  -5.683850e-02;
   1.237449e-02  -5.683850e-02   1.024146e+00]
l=[ ...        
  -1.788269e-01   2.782963e-01  -2.193760e-01;
   1.041405e-01  -1.017176e-01   2.160268e-01;
  -2.178235e-02  -3.310439e-01   2.726760e-01]
d=[ ...        
  -1.788269e-01   1.912184e-01  -1.205792e-01;
   1.912184e-01  -1.017176e-01  -5.750854e-02;
  -1.205792e-01  -5.750854e-02   2.726760e-01]
     iteration=        1099999       process=              7       (i,j,k)=              1              1              1       (x,y,z)=   1.497252e-02   1.497253e-02   1.428367e-02     particles=             49
fabric=[ ...   
   3.771807e-01  -4.640515e-02  -5.849995e-02;
  -4.640515e-02   3.231912e-01  -1.042992e-01;
  -5.849995e-02  -1.042992e-01   2.996281e-01]
sigma=[ ...    
   1.533259e-02   1.058208e-01  -6.753088e-02;
   1.601894e-01  -6.358052e-01   1.878506e-01;
  -2.217726e-01   1.170512e-01  -4.647940e-01]
sigmaDot=[ ... 
   1.910411e+03   9.453604e+03  -3.554185e+04;
   6.722906e+03  -1.328394e+03   1.360204e+04;
  -1.424667e+03   5.096377e+03  -3.654505e+02]
intgraE=[ ...  
   6.450917e-02   4.460550e-02  -3.845686e-02;
   4.460550e-02   1.156501e-01  -9.928128e-02;
  -3.845686e-02  -9.928128e-02  -2.793205e-02]
E=[ ...        
   1.277278e-01  -4.040753e-02  -2.926432e-01;
  -4.040753e-02  -7.302047e-02   3.062776e-01;
  -2.926432e-01   3.062776e-01   8.460131e-01]
e=[ ...        
   1.019722e-01  -1.166046e-02  -1.281067e-01;
  -1.166046e-02  -1.988242e-01   1.777590e-01;
  -1.281067e-01   1.777590e-01   2.037233e-01]
intgraF=[ ...  
   1.061680e+00   8.194695e-02  -1.106206e-01;
   3.822467e-03   1.105611e+00  -1.307294e-01;
   4.289750e-02  -4.700870e-02   9.564564e-01]
F=[ ...        
   1.119263e+00  -3.124974e-02  -5.139741e-01;
  -5.193613e-02   8.947117e-01   2.739717e-01;
   2.748004e-03   2.290709e-01   1.533883e+00]
R=[ ...        
   9.804846e-01   3.363938e-02  -1.936967e-01;
  -3.139871e-02   9.993999e-01   1.462722e-02;
   1.940725e-01  -8.259939e-03   9.809524e-01]
U=[ ...        
   1.099585e+00  -1.427632e-02  -2.148616e-01;
  -1.427632e-02   8.912315e-01   2.438478e-01;
  -2.148616e-01   2.438478e-01   1.608228e+00]
l=[ ...        
  -2.916758e-01   3.707720e-01  -3.925500e-01;
  -1.138985e+00   5.567559e-01  -7.383167e-02;
   1.712889e-01  -3.985028e-01  -4.160394e-01]
d=[ ...        
  -2.916758e-01  -3.841063e-01  -1.106306e-01;
  -3.841063e-01   5.567559e-01  -2.361673e-01;
  -1.106306e-01  -2.361673e-01  -4.160394e-01]
