     iteration=        4599999       process=              0       (i,j,k)=              0              0              0       (x,y,z)=   5.114311e-03   5.113421e-03   4.882727e-03     particles=             71
fabric=[ ...   
   3.454028e-01  -2.809564e-02  -2.378371e-02;
  -2.809564e-02   3.344990e-01   2.718281e-03;
  -2.378371e-02   2.718281e-03   3.113263e-01]
sigma=[ ...    
  -2.803236e+01   3.186853e+00   6.744340e+00;
   4.915931e+00  -2.321293e+01   4.490006e+00;
   6.221843e+00   3.155711e+00  -2.553126e+01]
sigmaDot=[ ... 
  -1.411509e+05   1.937557e+05   2.310138e+06;
  -1.313122e+06   1.504840e+04   1.347579e+05;
   1.187539e+05  -2.122846e+05  -6.838130e+04]
intgraE=[ ...  
   1.255862e-02  -1.097411e-02   2.606970e-02;
  -1.097411e-02  -1.230050e-02  -1.738436e-03;
   2.606970e-02  -1.738436e-03   2.849057e-02]
E=[ ...        
   2.915239e-02   8.934469e-03   3.718049e-03;
   8.934469e-03  -1.077698e-02  -6.790846e-04;
   3.718049e-03  -6.790846e-04   2.898147e-02]
e=[ ...        
   2.721881e-02   9.014613e-03   3.309839e-03;
   9.014613e-03  -1.100788e-02  -5.715568e-04;
   3.309839e-03  -5.715568e-04   2.736236e-02]
intgraF=[ ...  
   1.012286e+00  -1.975697e-02   3.142364e-02;
  -1.906952e-03   9.874197e-01   5.568550e-04;
   1.978440e-02  -3.314359e-03   1.027615e+00]
F=[ ...        
   1.028567e+00  -6.465006e-04   5.349221e-03;
   1.874449e-02   9.891560e-01   2.788525e-03;
   1.829553e-03  -3.998809e-03   1.028556e+00]
R=[ ...        
   9.999525e-01  -9.606201e-03   1.677331e-03;
   9.600547e-03   9.999483e-01   3.347152e-03;
  -1.709397e-03  -3.330890e-03   9.999930e-01]
U=[ ...        
   1.028695e+00   8.856804e-03   3.617528e-03;
   8.856804e-03   9.891244e-01  -6.890098e-04;
   3.617528e-03  -6.890098e-04   1.028567e+00]
l=[ ...        
   7.125648e-03  -8.752729e-03   7.930132e-03;
  -7.959189e-03  -6.779279e-03  -8.544741e-04;
   9.084405e-03   1.780429e-02   4.962871e-03]
d=[ ...        
   7.125648e-03  -8.355959e-03   8.507268e-03;
  -8.355959e-03  -6.779279e-03   8.474907e-03;
   8.507268e-03   8.474907e-03   4.962871e-03]
     iteration=        4599999       process=              1       (i,j,k)=              0              0              1       (x,y,z)=   5.114311e-03   5.113421e-03   1.419531e-02     particles=             55
fabric=[ ...   
   2.823689e-01  -3.039501e-02  -1.889889e-02;
  -3.039501e-02   2.856941e-01   1.548935e-02;
  -1.889889e-02   1.548935e-02   4.319370e-01]
sigma=[ ...    
  -4.614695e+00  -1.154390e-01   4.520477e-01;
   2.454323e+00  -4.400309e+00   4.990018e-01;
  -1.059877e+00   1.242809e+00  -1.373542e+01]
sigmaDot=[ ... 
  -1.727359e+05  -2.315641e+05   2.306637e+06;
   2.462338e+06  -2.324736e+04  -1.685554e+05;
  -1.669692e+05   8.655254e+05  -3.374866e+05]
intgraE=[ ...  
  -1.045549e-01   1.314943e-02  -2.654493e-01;
   1.314943e-02   6.150124e-02  -1.443077e-02;
  -2.654493e-01  -1.443077e-02   5.942494e-01]
E=[ ...        
   1.178015e-01  -1.342860e-01  -2.796217e-01;
  -1.342860e-01   3.331539e-02   1.982746e-01;
  -2.796217e-01   1.982746e-01  -1.670867e-01]
e=[ ...        
  -3.255389e-01   4.343615e-01  -5.474954e-01;
   4.343615e-01  -5.981568e-01   4.816628e-01;
  -5.474954e-01   4.816628e-01  -3.200582e-01]
intgraF=[ ...  
   8.880847e-01   3.273844e-02  -6.673724e-01;
  -4.709522e-03   1.058153e+00  -6.564069e-02;
   4.662053e-02   4.735578e-02   1.318637e+00]
F=[ ...        
   1.025596e+00  -1.512579e-01  -2.244121e-01;
   2.088672e-01   7.327678e-01  -2.329555e-01;
  -3.743409e-01   7.119011e-01   7.491312e-01]
R=[ ...        
   9.893937e-01  -7.864258e-02   1.221286e-01;
   1.306946e-01   8.488863e-01  -5.121631e-01;
  -6.339548e-02   5.226925e-01   8.501609e-01]
U=[ ...        
   1.065747e+00  -9.901619e-02  -2.999695e-01;
  -9.901619e-02   1.006037e+00   2.114609e-01;
  -2.999695e-01   2.114609e-01   7.287861e-01]
l=[ ...        
   3.897698e-02   3.209938e-02  -6.212268e-02;
  -3.736251e-02  -4.783528e-03   2.253580e-02;
   2.593751e-02   4.705691e-02  -4.201340e-02]
d=[ ...        
   3.897698e-02  -2.631566e-03  -1.809259e-02;
  -2.631566e-03  -4.783528e-03   3.479635e-02;
  -1.809259e-02   3.479635e-02  -4.201340e-02]
     iteration=        4599999       process=              2       (i,j,k)=              0              1              0       (x,y,z)=   5.114311e-03   1.488453e-02   4.882727e-03     particles=             73
fabric=[ ...   
   3.052283e-01   2.650795e-02  -1.148580e-02;
   2.650795e-02   3.492198e-01   5.365745e-03;
  -1.148580e-02   5.365745e-03   3.222961e-01]
sigma=[ ...    
  -1.426103e+01  -2.055649e+00   2.704517e+00;
  -2.235531e+00  -1.641049e+01  -2.992250e+00;
   1.078430e+00  -2.924240e+00  -1.821089e+01]
sigmaDot=[ ... 
  -9.080329e+04   8.664887e+03  -7.241323e+05;
   6.118975e+04   2.626678e+05  -6.574566e+04;
  -3.795279e+05  -7.850205e+05   3.535349e+04]
intgraE=[ ...  
   2.076598e-02   1.428492e-02   1.195391e-02;
   1.428492e-02  -4.224378e-02  -4.784332e-03;
   1.195391e-02  -4.784332e-03   2.136399e-03]
E=[ ...        
   5.533850e-03   1.045447e-02   1.210498e-02;
   1.045447e-02   1.138332e-02   3.456532e-02;
   1.210498e-02   3.456532e-02   1.771369e-02]
e=[ ...        
   4.775445e-03   8.570118e-03   1.124089e-02;
   8.570118e-03   7.077817e-03   3.246655e-02;
   1.124089e-02   3.246655e-02   1.657638e-02]
intgraF=[ ...  
   1.020162e+00   1.753670e-02  -2.023936e-03;
   1.129145e-02   9.566518e-01  -5.028655e-03;
   2.597430e-02  -4.712511e-03   1.002119e+00]
F=[ ...        
   1.005077e+00   1.794103e-02  -6.079618e-03;
   1.148287e-03   1.009515e+00   1.046926e-02;
   2.978751e-02   5.766246e-02   1.017487e+00]
R=[ ...        
   9.998062e-01   8.290306e-03  -1.785750e-02;
  -8.701318e-03   9.996962e-01  -2.306279e-02;
   1.766088e-02   2.321370e-02   9.995745e-01]
U=[ ...        
   1.005398e+00   1.017181e-02   1.180019e-02;
   1.017181e-02   1.010695e+00   3.403533e-02;
   1.180019e-02   3.403533e-02   1.016922e+00]
l=[ ...        
   1.220818e-03  -1.693676e-02  -2.182152e-04;
  -3.768535e-03   1.488259e-02  -1.987533e-02;
  -5.065728e-03  -2.601078e-02  -1.341715e-02]
d=[ ...        
   1.220818e-03  -1.035265e-02  -2.641972e-03;
  -1.035265e-02   1.488259e-02  -2.294305e-02;
  -2.641972e-03  -2.294305e-02  -1.341715e-02]
     iteration=        4599999       process=              3       (i,j,k)=              0              1              1       (x,y,z)=   5.114311e-03   1.488453e-02   1.419531e-02     particles=             48
fabric=[ ...   
   3.385209e-01   3.381781e-02  -4.006409e-03;
   3.381781e-02   3.109892e-01   1.250633e-02;
  -4.006409e-03   1.250633e-02   3.287508e-01]
sigma=[ ...    
  -5.727063e+00  -2.666830e+00  -3.871327e-01;
  -3.995791e+00  -7.340376e+00  -1.237718e+00;
  -7.958358e-01  -5.261299e-01  -3.621476e+00]
sigmaDot=[ ... 
  -1.790669e+04  -7.961434e+04  -1.768499e+04;
  -1.315565e+04   2.692677e+04  -3.789956e+04;
  -2.715696e+04  -6.301286e+04   2.929958e+04]
intgraE=[ ...  
   3.972859e-03   8.385599e-02  -9.173434e-02;
   8.385599e-02  -2.627179e-02  -3.512996e-02;
  -9.173434e-02  -3.512996e-02   1.639042e-01]
E=[ ...        
   2.189714e-02   9.287264e-02   1.220364e-01;
   9.287264e-02  -6.684708e-02   5.738935e-02;
   1.220364e-01   5.738935e-02   2.953871e-01]
e=[ ...        
  -3.389868e-02   9.717091e-02   2.558036e-02;
   9.717091e-02  -9.082072e-02   7.114378e-02;
   2.558036e-02   7.114378e-02   1.812852e-01]
intgraF=[ ...  
   9.999358e-01   8.192716e-02  -1.602282e-01;
   8.812368e-02   9.697337e-01  -3.657435e-02;
  -1.756009e-02  -1.899608e-02   1.140525e+00]
F=[ ...        
   9.764902e-01   7.783905e-02  -1.193289e-01;
   1.240801e-01   9.272910e-01   1.599186e-01;
   2.736151e-01  -1.945110e-02   1.245376e+00]
R=[ ...        
   9.840905e-01  -5.856337e-03  -1.775712e-01;
   2.168918e-02   9.959412e-01   8.735399e-02;
   1.763389e-01  -8.981561e-02   9.802233e-01]
U=[ ...        
   1.011895e+00   9.328287e-02   1.056462e-01;
   9.328287e-02   9.248185e-01   4.811417e-02;
   1.056462e-01   4.811417e-02   1.255905e+00]
l=[ ...        
   5.880387e-02  -2.206609e-02   1.551834e-02;
   2.330902e-02  -2.801683e-02   5.254086e-03;
   2.326211e-02   6.920229e-03  -3.300949e-02]
d=[ ...        
   5.880387e-02   6.214674e-04   1.939023e-02;
   6.214674e-04  -2.801683e-02   6.087157e-03;
   1.939023e-02   6.087157e-03  -3.300949e-02]
     iteration=        4599999       process=              4       (i,j,k)=              1              0              0       (x,y,z)=   1.488483e-02   5.113421e-03   4.882727e-03     particles=             67
fabric=[ ...   
   4.090233e-01   1.376461e-02   6.849580e-03;
   1.376461e-02   3.493488e-01  -1.462415e-02;
   6.849580e-03  -1.462415e-02   2.153122e-01]
sigma=[ ...    
  -3.714803e+01  -1.142740e+01  -7.713611e+00;
  -1.056099e+01  -3.373799e+01   8.821935e+00;
  -5.268887e+00   6.757266e+00  -2.249289e+01]
sigmaDot=[ ... 
  -1.382049e+04  -1.180525e+05  -3.028676e+04;
  -6.369605e+04  -4.393243e+04   2.824862e+04;
  -1.441564e+05   8.747065e+04  -3.572314e+04]
intgraE=[ ...  
  -1.710336e-02   4.417565e-02  -2.061720e-02;
   4.417565e-02   1.339153e-02  -6.964192e-03;
  -2.061720e-02  -6.964192e-03   6.499371e-02]
E=[ ...        
   3.098579e-04  -1.092595e-02   4.211955e-02;
  -1.092595e-02   3.403906e-02   2.910064e-02;
   4.211955e-02   2.910064e-02  -1.985712e-01]
e=[ ...        
  -1.955987e-03  -1.641830e-02   6.163129e-02;
  -1.641830e-02   2.365190e-02   6.452773e-02;
   6.163129e-02   6.452773e-02  -3.428166e-01]
intgraF=[ ...  
   9.806533e-01   3.752049e-02   9.274893e-04;
   5.063247e-02   1.012582e+00  -6.129188e-03;
  -3.935464e-02  -7.297223e-03   1.062991e+00]
F=[ ...        
   9.999416e-01  -3.802665e-02   6.622428e-02;
   1.401731e-02   1.030081e+00   2.923280e-03;
   2.323891e-02   7.459673e-02   7.736042e-01]
R=[ ...        
   9.993357e-01  -2.646113e-02   2.505970e-02;
   2.744707e-02   9.988285e-01  -3.985284e-02;
  -2.397579e-02   4.051418e-02   9.988913e-01]
U=[ ...        
   9.991049e-01  -1.151719e-02   4.771275e-02;
  -1.151719e-02   1.032903e+00   3.250943e-02;
   4.771275e-02   3.250943e-02   7.742896e-01]
l=[ ...        
  -5.702389e-02   9.921161e-03   4.893906e-02;
  -3.114758e-02  -3.099787e-02   1.854534e-02;
  -4.394358e-02  -2.042252e-02   4.659959e-02]
d=[ ...        
  -5.702389e-02  -1.061321e-02   2.497737e-03;
  -1.061321e-02  -3.099787e-02  -9.385886e-04;
   2.497737e-03  -9.385886e-04   4.659959e-02]
     iteration=        4599999       process=              5       (i,j,k)=              1              0              1       (x,y,z)=   1.488483e-02   5.113421e-03   1.419531e-02     particles=             40
fabric=[ ...   
   3.556315e-01   3.151962e-02  -4.583438e-02;
   3.151962e-02   2.636953e-01   2.237366e-02;
  -4.583438e-02   2.237366e-02   2.854350e-01]
sigma=[ ...    
  -2.572404e+00  -6.737053e-01   3.648198e-01;
  -1.275913e+00  -2.466013e+00  -1.342888e-01;
   1.409294e-01  -4.009318e-01  -8.903987e-01]
sigmaDot=[ ... 
  -5.405530e+04  -1.469639e+04   2.176389e+05;
  -2.630650e+05  -1.495487e+04   4.040035e+04;
  -1.530756e+04  -2.239040e+05  -6.536457e+04]
intgraE=[ ...  
   4.467721e-02   1.320223e-02  -1.024527e-01;
   1.320223e-02   1.892851e-02  -5.748800e-02;
  -1.024527e-01  -5.748800e-02   2.164573e-03]
E=[ ...        
   3.491497e-01  -3.579008e-01  -8.574954e-01;
  -3.579008e-01   2.317834e-01   1.792273e-01;
  -8.574954e-01   1.792273e-01   1.610805e+00]
e=[ ...        
  -8.687776e-02  -3.056456e-01  -1.992074e-01;
  -3.056456e-01  -1.332010e-02  -4.198702e-02;
  -1.992074e-01  -4.198702e-02   2.933005e-01]
intgraF=[ ...  
   1.040943e+00   4.981031e-02  -1.311944e-01;
  -3.965044e-02   9.944940e-01   1.048582e-01;
  -6.496222e-02  -2.153081e-01   9.879888e-01]
F=[ ...        
   1.188778e+00  -3.774607e-01  -6.329527e-01;
  -2.990864e-01   1.137441e+00   3.836151e-01;
  -4.423263e-01  -1.652821e-01   1.916721e+00]
R=[ ...        
   9.965616e-01  -6.986791e-02  -4.453573e-02;
   7.690649e-02   9.800143e-01   1.834595e-01;
   3.082772e-02  -1.862538e-01   9.820179e-01]
U=[ ...        
   1.148053e+00  -2.937815e-01  -5.421858e-01;
  -2.937815e-01   1.171865e+00   6.317486e-02;
  -5.421858e-01   6.317486e-02   1.980821e+00]
l=[ ...        
  -6.316680e-02  -2.958468e-02  -1.791665e-02;
   4.689316e-03   5.363570e-02   3.874170e-03;
  -1.760250e-02   5.357109e-02  -5.145154e-02]
d=[ ...        
  -6.316680e-02  -1.244768e-02  -1.775957e-02;
  -1.244768e-02   5.363570e-02   2.872263e-02;
  -1.775957e-02   2.872263e-02  -5.145154e-02]
     iteration=        4599999       process=              6       (i,j,k)=              1              1              0       (x,y,z)=   1.488483e-02   1.488453e-02   4.882727e-03     particles=             59
fabric=[ ...   
   3.686564e-01  -1.589210e-02  -4.700870e-02;
  -1.589210e-02   3.550762e-01   5.826167e-02;
  -4.700870e-02   5.826167e-02   2.577489e-01]
sigma=[ ...    
  -9.068738e+00  -5.440043e-01   2.523852e-01;
  -8.225844e-01  -1.571300e+01  -1.391272e+00;
   7.274558e-01  -2.171956e+00  -3.360458e+00]
sigmaDot=[ ... 
  -4.609867e+04   4.329008e+04   2.574976e+05;
   1.114974e+06  -4.846328e+04  -1.826888e+03;
  -7.523917e+04   2.457948e+04  -6.415794e+03]
intgraE=[ ...  
  -7.410475e-02   6.329702e-02  -4.624444e-02;
   6.329702e-02  -9.361138e-02  -4.807421e-04;
  -4.624444e-02  -4.807421e-04  -2.258080e-02]
E=[ ...        
   9.323467e-02  -6.626113e-02   6.607498e-02;
  -6.626113e-02  -7.707258e-02  -7.547536e-02;
   6.607498e-02  -7.547536e-02   4.238399e-02]
e=[ ...        
   5.730994e-02  -5.669697e-02   4.934649e-02;
  -5.669697e-02  -1.245336e-01  -6.915260e-02;
   4.934649e-02  -6.915260e-02   4.248050e-02]
intgraF=[ ...  
   9.172791e-01   6.291121e-02  -2.930373e-02;
   6.995906e-02   8.953878e-01   9.248810e-02;
  -7.413077e-02  -8.426220e-02   9.723300e-01]
F=[ ...        
   1.077128e+00  -2.741324e-02  -6.219273e-03;
  -8.946361e-02   9.046869e-01   2.083858e-02;
   1.351329e-01  -1.632329e-01   1.041295e+00]
R=[ ...        
   9.975212e-01   3.479417e-02  -6.116184e-02;
  -2.894105e-02   9.951413e-01   9.410772e-02;
   6.413907e-02  -9.210436e-02   9.936815e-01]
U=[ ...        
   1.085714e+00  -6.399749e-02   5.998074e-02;
  -6.399749e-02   9.143719e-01  -7.538686e-02;
   5.998074e-02  -7.538686e-02   1.037057e+00]
l=[ ...        
  -1.470429e-02  -3.121457e-02   3.138118e-02;
   4.435482e-02   1.422891e-02   2.746096e-02;
  -6.812398e-03   2.798758e-02   1.029390e-02]
d=[ ...        
  -1.470429e-02   6.570125e-03   1.228439e-02;
   6.570125e-03   1.422891e-02   2.772427e-02;
   1.228439e-02   2.772427e-02   1.029390e-02]
     iteration=        4599999       process=              7       (i,j,k)=              1              1              1       (x,y,z)=   1.488483e-02   1.488453e-02   1.419531e-02     particles=             52
fabric=[ ...   
   4.163228e-01   1.121073e-03  -7.512758e-02;
   1.121073e-03   1.968801e-01  -1.855779e-02;
  -7.512758e-02  -1.855779e-02   2.714125e-01]
sigma=[ ...    
  -2.134091e+00   1.893800e-01   1.364383e+00;
   1.950865e-01  -8.675922e-01  -1.581034e-01;
   3.727561e-01   4.207531e-01  -3.328024e+00]
sigmaDot=[ ... 
  -1.651079e+04   1.523208e+01   1.556997e+05;
   6.143880e+05  -4.409872e+04   8.019388e+04;
  -6.161155e+02   6.291141e+05  -1.891780e+04]
intgraE=[ ...  
   3.799281e-02  -6.526773e-02   3.575494e-04;
  -6.526773e-02   1.120377e-01  -9.346449e-02;
   3.575494e-04  -9.346449e-02  -6.834789e-02]
E=[ ...        
   2.270304e-01   2.686377e-01   1.115571e-01;
   2.686377e-01  -3.359756e-01  -1.261658e-02;
   1.115571e-01  -1.261658e-02   1.108037e-01]
e=[ ...        
  -1.326503e+00   2.144900e+00   2.186143e-01;
   2.144900e+00  -2.840681e+00  -2.176185e-01;
   2.186143e-01  -2.176185e-01   6.926236e-02]
intgraF=[ ...  
   1.017259e+00   9.125758e-02  -4.258396e-02;
  -2.015597e-01   1.100698e+00  -1.119745e-01;
   2.329587e-02  -6.489441e-02   9.213862e-01]
F=[ ...        
   1.046788e+00   2.270916e-01   6.021941e-02;
   5.791698e-01   5.249727e-01  -1.169125e-02;
   1.511911e-01  -2.969563e-02   1.103560e+00]
R=[ ...        
   9.748265e-01  -2.182189e-01  -4.575746e-02;
   2.185717e-01   9.758169e-01   2.791814e-03;
   4.404167e-02  -1.272282e-02   9.989487e-01]
U=[ ...        
   1.153685e+00   3.348112e-01   1.047507e-01;
   3.348112e-01   4.630994e-01  -3.858992e-02;
   1.047507e-01  -3.858992e-02   1.099611e+00]
l=[ ...        
   6.009993e-03   2.454054e-02   4.429186e-02;
   6.123919e-02  -6.986294e-02  -5.206564e-02;
   1.156179e-03   9.321643e-03  -1.385710e-02]
d=[ ...        
   6.009993e-03   4.288987e-02   2.272402e-02;
   4.288987e-02  -6.986294e-02  -2.137200e-02;
   2.272402e-02  -2.137200e-02  -1.385710e-02]
