     iteration=        3099999       process=              0       (i,j,k)=              0              0              0       (x,y,z)=   5.077436e-03   5.077438e-03   4.847829e-03     particles=             72
fabric=[ ...   
   3.247315e-01  -3.323354e-03  -3.273363e-02;
  -3.323354e-03   3.252776e-01  -1.500193e-02;
  -3.273363e-02  -1.500193e-02   3.236751e-01]
sigma=[ ...    
  -1.740852e+01  -2.900042e-01   4.669450e+00;
   6.700674e-01  -1.523768e+01   2.522581e+00;
   4.087201e+00   1.989622e+00  -1.548978e+01]
sigmaDot=[ ... 
  -6.512222e+03   3.123682e+04   6.963423e+04;
  -6.454270e+04  -1.347920e+04   6.211993e+04;
   4.269547e+04   1.148650e+05  -1.517558e+04]
intgraE=[ ...  
   1.437618e-02  -1.224084e-02   1.611342e-02;
  -1.224084e-02  -4.758837e-03  -1.105361e-02;
   1.611342e-02  -1.105361e-02   2.046761e-02]
E=[ ...        
   3.313214e-02   5.446113e-03  -7.607969e-04;
   5.446113e-03  -8.279937e-03  -8.936308e-03;
  -7.607969e-04  -8.936308e-03   1.540655e-02]
e=[ ...        
   3.078249e-02   5.972779e-03  -5.547220e-04;
   5.972779e-03  -8.654723e-03  -8.500057e-03;
  -5.547220e-04  -8.500057e-03   1.504698e-02]
intgraF=[ ...  
   1.014245e+00  -2.807432e-02   2.528470e-02;
   4.155550e-03   9.945951e-01   8.297961e-04;
   6.449832e-03  -2.178805e-02   1.019949e+00]
F=[ ...        
   1.032241e+00  -1.538481e-02   2.634217e-03;
   2.690659e-02   9.912934e-01   5.828416e-03;
  -4.331425e-03  -2.325467e-02   1.015270e+00]
R=[ ...        
   9.997765e-01  -2.090860e-02   3.119954e-03;
   2.086120e-02   9.996769e-01   1.452281e-02;
  -3.422598e-03  -1.445448e-02   9.998897e-01]
U=[ ...        
   1.032586e+00   5.377791e-03  -7.196429e-04;
   5.377791e-03   9.916309e-01  -8.903738e-03;
  -7.196429e-04  -8.903738e-03   1.015250e+00]
l=[ ...        
  -1.834439e-02  -1.813213e-02  -9.498901e-03;
   1.706283e-02  -3.079810e-03   5.758353e-03;
   9.481217e-03   2.208220e-02  -5.724040e-03]
d=[ ...        
  -1.834439e-02  -5.346518e-04  -8.841927e-06;
  -5.346518e-04  -3.079810e-03   1.392028e-02;
  -8.841927e-06   1.392028e-02  -5.724040e-03]
     iteration=        3099999       process=              1       (i,j,k)=              0              0              1       (x,y,z)=   5.077436e-03   5.077438e-03   1.423367e-02     particles=             54
fabric=[ ...   
   3.094952e-01  -4.989406e-02  -1.337549e-03;
  -4.989406e-02   3.534307e-01   4.951212e-02;
  -1.337549e-03   4.951212e-02   3.031759e-01]
sigma=[ ...    
  -6.927372e+00  -2.199683e-01  -4.724794e-01;
   2.496915e-01  -4.176323e+00  -5.316039e-01;
  -4.940843e-01  -6.961268e-01  -8.090924e+00]
sigmaDot=[ ... 
  -1.330561e+04   2.745879e+04   2.892139e+04;
   5.909897e+04  -7.464515e+03  -1.860909e+04;
  -3.270396e+04   2.771036e+04  -2.105161e+04]
intgraE=[ ...  
  -1.036420e-01   1.009129e-02  -2.496122e-01;
   1.009129e-02   6.863328e-02  -2.148495e-02;
  -2.496122e-01  -2.148495e-02   6.198000e-01]
E=[ ...        
  -1.422586e-01   8.467311e-02  -4.403503e-02;
   8.467311e-02  -1.014933e-01  -1.273856e-01;
  -4.403503e-02  -1.273856e-01   1.487361e-01]
e=[ ...        
  -2.111214e-01   1.622988e-01  -7.150788e-02;
   1.622988e-01  -2.237023e-01  -9.245604e-02;
  -7.150788e-02  -9.245604e-02   8.632759e-02]
intgraF=[ ...  
   8.889524e-01   4.145833e-02  -6.339491e-01;
  -1.737133e-02   1.064902e+00  -6.544580e-02;
   4.666716e-02   3.914648e-02   1.354040e+00]
F=[ ...        
   8.415034e-01   1.522533e-01  -1.836909e-01;
   5.825397e-02   8.671973e-01  -7.050950e-02;
   6.293890e-02  -1.476526e-01   1.121944e+00]
R=[ ...        
   9.912277e-01   4.774155e-02  -1.232415e-01;
  -4.230002e-02   9.980269e-01   4.639998e-02;
   1.252136e-01  -4.077982e-02   9.912914e-01]
U=[ ...        
   8.395381e-01   9.574708e-02  -3.861438e-02;
   9.574708e-02   8.787763e-01  -1.248927e-01;
  -3.861438e-02  -1.248927e-01   1.131540e+00]
l=[ ...        
  -1.848934e-02  -5.177445e-03  -4.811665e-02;
   3.247718e-02   1.613411e-02   1.476307e-02;
   3.600372e-03   7.743834e-04  -3.862972e-02]
d=[ ...        
  -1.848934e-02   1.364987e-02  -2.225814e-02;
   1.364987e-02   1.613411e-02   7.768726e-03;
  -2.225814e-02   7.768726e-03  -3.862972e-02]
     iteration=        3099999       process=              2       (i,j,k)=              0              1              0       (x,y,z)=   5.077436e-03   1.492253e-02   4.847829e-03     particles=             72
fabric=[ ...   
   3.291132e-01   2.622671e-04  -3.910184e-02;
   2.622671e-04   3.520248e-01   5.058568e-03;
  -3.910184e-02   5.058568e-03   2.966398e-01]
sigma=[ ...    
  -1.439128e+01   2.704933e-01   1.984478e+00;
   3.099665e-01  -1.544415e+01  -2.396127e+00;
   1.864117e+00  -2.044260e+00  -1.075345e+01]
sigmaDot=[ ... 
  -5.351483e+02  -5.684646e+04   4.019287e+05;
   1.013252e+04   1.039438e+03  -4.774976e+03;
   6.999937e+04  -1.432368e+05   6.797454e+03]
intgraE=[ ...  
   1.689181e-02   1.706813e-02   5.953333e-03;
   1.706813e-02  -3.526670e-02  -5.830497e-04;
   5.953333e-03  -5.830497e-04  -5.802832e-03]
E=[ ...        
   2.930611e-02   2.865886e-02   3.105704e-02;
   2.865886e-02   5.283142e-03   4.272606e-02;
   3.105704e-02   4.272606e-02   2.930970e-02]
e=[ ...        
   2.296940e-02   2.489990e-02   2.481127e-02;
   2.489990e-02   2.257457e-03   3.995840e-02;
   2.481127e-02   3.995840e-02   2.316542e-02]
intgraF=[ ...  
   1.016476e+00   2.539777e-02  -9.847237e-03;
   8.472629e-03   9.637285e-01  -8.167632e-03;
   2.211587e-02   6.996673e-03   9.940979e-01]
F=[ ...        
   1.026668e+00   4.230267e-03   1.390415e-02;
   5.122151e-02   1.004673e+00   4.986309e-02;
   4.406924e-02   3.434950e-02   1.027589e+00]
R=[ ...        
   9.996394e-01  -2.266664e-02  -1.439930e-02;
   2.277404e-02   9.997137e-01   7.339257e-03;
   1.422883e-02  -7.664540e-03   9.998694e-01]
U=[ ...        
   1.028091e+00   2.759797e-02   2.965611e-02;
   2.759797e-02   1.004027e+00   4.165766e-02;
   2.965611e-02   4.165766e-02   1.027621e+00]
l=[ ...        
   9.725377e-03   2.915528e-02  -1.672397e-02;
  -1.246816e-02  -8.650402e-03  -9.462930e-03;
   1.012994e-02   1.053598e-02  -6.252910e-03]
d=[ ...        
   9.725377e-03   8.343558e-03  -3.297017e-03;
   8.343558e-03  -8.650402e-03   5.365233e-04;
  -3.297017e-03   5.365233e-04  -6.252910e-03]
     iteration=        3099999       process=              3       (i,j,k)=              0              1              1       (x,y,z)=   5.077436e-03   1.492253e-02   1.423367e-02     particles=             47
fabric=[ ...   
   2.676033e-01   2.819479e-02  -3.589169e-02;
   2.819479e-02   3.163097e-01   5.329846e-02;
  -3.589169e-02   5.329846e-02   3.695754e-01]
sigma=[ ...    
  -4.222965e+00  -4.656894e-01   4.423397e-01;
  -1.170906e+00  -5.005245e+00  -1.534393e+00;
  -1.346236e-01  -4.808482e-01  -2.080865e+00]
sigmaDot=[ ... 
  -1.724848e+04  -4.009188e+04   5.607748e+04;
  -5.819057e+04   1.729027e+03  -9.053404e+03;
  -2.076560e+04  -1.485752e+05  -1.858776e+04]
intgraE=[ ...  
  -2.846876e-02   6.810046e-02  -7.144929e-02;
   6.810046e-02  -1.065321e-02  -2.228031e-02;
  -7.144929e-02  -2.228031e-02   1.697147e-01]
E=[ ...        
   3.984461e-02   5.942111e-02   3.356113e-03;
   5.942111e-02  -6.613102e-02  -2.166349e-02;
   3.356113e-03  -2.166349e-02   1.890020e-01]
e=[ ...        
   3.476296e-02   6.264409e-02  -1.217894e-02;
   6.264409e-02  -9.029285e-02  -5.318779e-03;
  -1.217894e-02  -5.318779e-03   1.358441e-01]
intgraF=[ ...  
   9.690278e-01   7.755926e-02  -1.277624e-01;
   6.168988e-02   9.861537e-01  -1.953272e-02;
  -1.555375e-02  -1.338078e-02   1.150098e+00]
F=[ ...        
   1.027685e+00   9.189990e-02  -1.636487e-01;
   3.073458e-02   9.265830e-01   3.511965e-03;
   1.503623e-01  -2.713470e-02   1.162416e+00]
R=[ ...        
   9.893824e-01   3.135227e-02  -1.419136e-01;
  -2.869820e-02   9.993735e-01   2.071077e-02;
   1.424740e-01  -1.641821e-02   9.896624e-01]
U=[ ...        
   1.037314e+00   6.046690e-02   3.602083e-03;
   6.046690e-02   9.293293e-01  -2.070578e-02;
   3.602083e-03  -2.070578e-02   1.173696e+00]
l=[ ...        
   2.311282e-04   5.303845e-02  -1.070635e-02;
  -1.307244e-02  -2.968397e-02   7.348383e-02;
   2.260933e-02  -3.286532e-02  -1.708883e-02]
d=[ ...        
   2.311282e-04   1.998300e-02   5.951487e-03;
   1.998300e-02  -2.968397e-02   2.030926e-02;
   5.951487e-03   2.030926e-02  -1.708883e-02]
     iteration=        3099999       process=              4       (i,j,k)=              1              0              0       (x,y,z)=   1.492252e-02   5.077438e-03   4.847829e-03     particles=             64
fabric=[ ...   
   4.101145e-01  -1.264018e-03  -1.622758e-02;
  -1.264018e-03   3.282723e-01  -2.216670e-04;
  -1.622758e-02  -2.216670e-04   2.359722e-01]
sigma=[ ...    
  -3.768663e+01  -9.301746e+00  -5.988317e+00;
  -8.391312e+00  -2.774451e+01   7.366915e+00;
  -4.325086e+00   6.260055e+00  -2.072575e+01]
sigmaDot=[ ... 
  -9.286510e+04   1.668354e+05  -1.584074e+06;
   4.450670e+06   1.174835e+06   2.760156e+05;
   1.993069e+06   6.283090e+05   1.806580e+05]
intgraE=[ ...  
  -7.399622e-03   3.365129e-02  -1.026308e-02;
   3.365129e-02   3.280389e-02   4.984964e-03;
  -1.026308e-02   4.984964e-03   5.925440e-02]
E=[ ...        
  -5.256022e-02   5.551132e-03  -2.887683e-02;
   5.551132e-03   5.262389e-02  -3.156475e-03;
  -2.887683e-02  -3.156475e-03  -6.831099e-02]
e=[ ...        
  -6.203348e-02   1.543985e-03  -3.758531e-02;
   1.543985e-03   4.758735e-02  -6.282785e-03;
  -3.758531e-02  -6.282785e-03  -8.088516e-02]
intgraF=[ ...  
   9.909870e-01   1.400905e-02   1.847602e-03;
   5.234279e-02   1.031777e+00  -2.019093e-02;
  -2.014397e-02   2.910587e-02   1.057401e+00]
F=[ ...        
   9.446239e-01  -2.535821e-02  -2.342909e-02;
   3.258521e-02   1.050791e+00   1.202816e-02;
  -3.877435e-02  -2.104434e-02   9.288081e-01]
R=[ ...        
   9.995388e-01  -2.933891e-02   7.831488e-03;
   2.920032e-02   9.994246e-01   1.725984e-02;
  -8.333367e-03  -1.702320e-02   9.998204e-01]
U=[ ...        
   9.454629e-01   5.512293e-03  -3.080716e-02;
   5.512293e-03   1.051289e+00  -3.102664e-03;
  -3.080716e-02  -3.102664e-03   9.286653e-01]
l=[ ...        
   1.419499e-02   3.880975e-03  -3.426780e-03;
  -4.542507e-03  -9.164968e-03   1.283349e-03;
  -2.619764e-02  -3.891489e-02   4.742940e-03]
d=[ ...        
   1.419499e-02  -3.307660e-04  -1.481221e-02;
  -3.307660e-04  -9.164968e-03  -1.881577e-02;
  -1.481221e-02  -1.881577e-02   4.742940e-03]
     iteration=        3099999       process=              5       (i,j,k)=              1              0              1       (x,y,z)=   1.492252e-02   5.077438e-03   1.423367e-02     particles=             45
fabric=[ ...   
   3.736983e-01  -1.049143e-03   2.015912e-02;
  -1.049143e-03   2.389126e-01   1.398897e-02;
   2.015912e-02   1.398897e-02   3.318335e-01]
sigma=[ ...    
  -3.034535e+00  -1.235424e+00  -3.271795e-01;
  -1.251326e+00  -2.169639e+00  -9.844271e-02;
  -4.934315e-01  -1.253073e-01  -1.366861e+00]
sigmaDot=[ ... 
  -2.153927e+04  -3.127145e+04  -2.905000e+03;
  -2.935438e+04  -1.312184e+04  -6.580684e+02;
   7.219842e+02  -1.017744e+03  -8.476970e+02]
intgraE=[ ...  
   6.370992e-02   5.491974e-02  -1.109042e-01;
   5.491974e-02   1.589896e-02  -5.961011e-02;
  -1.109042e-01  -5.961011e-02  -2.408538e-03]
E=[ ...        
   1.472628e-01  -7.602629e-02  -8.684678e-02;
  -7.602629e-02  -1.303647e-01   9.353389e-02;
  -8.684678e-02   9.353389e-02  -4.809025e-02]
e=[ ...        
   8.523312e-02  -6.250385e-02  -7.626850e-02;
  -6.250385e-02  -2.554567e-01   1.201455e-01;
  -7.626850e-02   1.201455e-01  -5.098218e-02]
intgraF=[ ...  
   1.060003e+00   1.153579e-01  -1.544555e-01;
  -2.581535e-02   9.825505e-01   1.260073e-01;
  -5.609606e-02  -2.304020e-01   9.774705e-01]
F=[ ...        
   1.123345e+00  -3.311767e-02  -2.880735e-02;
  -9.827394e-02   8.307514e-01  -2.654515e-02;
  -1.515356e-01   2.191484e-01   9.498868e-01]
R=[ ...        
   9.979348e-01   4.025526e-02   5.005561e-02;
  -3.304941e-02   9.899829e-01  -1.372646e-01;
  -5.507982e-02   1.353268e-01   9.892689e-01]
U=[ ...        
   1.132620e+00  -7.257578e-02  -8.019015e-02;
  -7.257578e-02   8.507532e-01   1.011062e-01;
  -8.019015e-02   1.011062e-01   9.418952e-01]
l=[ ...        
   6.883061e-04  -9.402557e-03  -2.855024e-02;
  -3.401576e-02   1.473768e-02   3.667092e-02;
   3.769344e-03   1.793978e-02   8.224334e-04]
d=[ ...        
   6.883061e-04  -2.170916e-02  -1.239045e-02;
  -2.170916e-02   1.473768e-02   2.730535e-02;
  -1.239045e-02   2.730535e-02   8.224334e-04]
     iteration=        3099999       process=              6       (i,j,k)=              1              1              0       (x,y,z)=   1.492252e-02   1.492253e-02   4.847829e-03     particles=             61
fabric=[ ...   
   2.905334e-01   1.419191e-02  -2.858710e-02;
   1.419191e-02   3.452564e-01   2.615251e-02;
  -2.858710e-02   2.615251e-02   3.133628e-01]
sigma=[ ...    
  -4.311144e+00   1.267860e+00  -3.473609e-02;
   1.374586e+00  -4.769070e+00  -5.761748e-01;
  -2.933287e-01  -7.127686e-01  -2.639276e+00]
sigmaDot=[ ... 
   1.395371e+03   4.831532e+03  -1.197476e+05;
  -6.722157e+02  -1.084786e+04  -4.458166e+04;
   7.602818e+03   1.185280e+05  -1.015249e+03]
intgraE=[ ...  
  -5.716549e-02   6.976665e-02  -3.728972e-02;
   6.976665e-02  -8.897778e-02  -2.898512e-03;
  -3.728972e-02  -2.898512e-03  -1.972917e-02]
E=[ ...        
   1.484341e-01   5.192672e-02  -1.401025e-01;
   5.192672e-02  -1.571620e-01  -1.122464e-01;
  -1.401025e-01  -1.122464e-01  -1.176915e-01]
e=[ ...        
   5.863162e-02  -3.129023e-02  -1.660754e-01;
  -3.129023e-02  -4.009718e-01  -2.033721e-01;
  -1.660754e-01  -2.033721e-01  -1.605212e-01]
intgraF=[ ...  
   9.360429e-01   6.606860e-02  -3.121244e-02;
   8.103704e-02   8.999643e-01   9.121620e-02;
  -5.409015e-02  -8.799807e-02   9.753190e-01]
F=[ ...        
   1.116371e+00   2.226467e-02  -7.686043e-02;
   1.470230e-02   7.708976e-01   5.107988e-02;
  -2.244304e-01  -3.014915e-01   8.695403e-01]
R=[ ...        
   9.974739e-01  -1.546129e-02   6.933060e-02;
   5.748153e-04   9.777493e-01   2.097761e-01;
  -7.103135e-02  -2.092063e-01   9.752883e-01]
U=[ ...        
   1.129501e+00   4.406690e-02  -1.384015e-01;
   4.406690e-02   8.164742e-01  -1.307816e-01;
  -1.384015e-01  -1.307816e-01   8.534390e-01]
l=[ ...        
   7.921996e-03  -1.489990e-02   2.246298e-02;
  -9.818786e-03  -5.254253e-02   1.020099e-02;
  -5.930701e-02   9.188320e-03  -6.030286e-02]
d=[ ...        
   7.921996e-03  -1.235934e-02  -1.842202e-02;
  -1.235934e-02  -5.254253e-02   9.694656e-03;
  -1.842202e-02   9.694656e-03  -6.030286e-02]
     iteration=        3099999       process=              7       (i,j,k)=              1              1              1       (x,y,z)=   1.492252e-02   1.492253e-02   1.423367e-02     particles=             50
fabric=[ ...   
   2.927341e-01   1.468839e-02  -3.040261e-02;
   1.468839e-02   2.567641e-01  -2.148692e-02;
  -3.040261e-02  -2.148692e-02   3.153666e-01]
sigma=[ ...    
  -9.572715e-01   8.018269e-02   3.684940e-01;
  -1.157681e-01  -1.706563e+00  -5.610668e-03;
   2.343579e-01  -1.753286e-03  -5.081094e-01]
sigmaDot=[ ... 
   6.058180e+03   2.458131e+04  -1.146115e+04;
   1.586555e+04   8.254642e+03  -3.377156e+03;
   5.803877e+03   9.916727e+03   1.525458e+03]
intgraE=[ ...  
   3.403198e-02  -5.226802e-02  -1.224733e-02;
  -5.226802e-02   1.494497e-01  -1.183596e-01;
  -1.224733e-02  -1.183596e-01  -6.176145e-02]
E=[ ...        
   2.527511e-01   5.621192e-02   7.450935e-01;
   5.621192e-02  -2.569361e-02  -1.265575e+00;
   7.450935e-01  -1.265575e+00   4.266958e+00]
e=[ ...        
  -5.791371e+00   1.141216e+00   3.623439e+00;
   1.141216e+00  -1.270313e-02  -8.094841e-01;
   3.623439e+00  -8.094841e-01  -1.735266e+00]
intgraF=[ ...  
   1.016536e+00   1.033954e-01  -8.261821e-02;
  -1.821781e-01   1.131418e+00  -1.281834e-01;
   3.912257e-02  -9.001628e-02   9.236993e-01]
F=[ ...        
   5.243834e-01   4.675141e-02   1.216682e+00;
   7.546913e-01   7.645425e-01  -1.479580e+00;
   8.129977e-01  -6.015828e-01   2.421662e+00]
R=[ ...        
   7.962713e-02   7.981043e-01   5.972345e-01;
   7.886517e-01   3.159955e-01  -5.274234e-01;
   6.096623e-01  -5.130072e-01   6.042645e-01]
U=[ ...        
   1.132598e+00   2.399181e-01   4.064036e-01;
   2.399181e-01   5.875207e-01  -7.388312e-01;
   4.064036e-01  -7.388312e-01   2.970334e+00]
l=[ ...        
   2.037088e-03  -2.293146e-02   3.091893e-02;
  -1.781826e-02  -3.504870e-02   1.547603e-03;
   1.611288e-02  -1.072666e-02  -4.961991e-02]
d=[ ...        
   2.037088e-03  -2.037486e-02   2.351591e-02;
  -2.037486e-02  -3.504870e-02  -4.589530e-03;
   2.351591e-02  -4.589530e-03  -4.961991e-02]
