     iteration=        3399999       process=              0       (i,j,k)=              0              0              0       (x,y,z)=   5.084936e-03   5.084938e-03   4.855329e-03     particles=             71
fabric=[ ...   
   2.965872e-01  -2.296953e-02  -3.439066e-02;
  -2.296953e-02   3.708619e-01  -8.349599e-03;
  -3.439066e-02  -8.349599e-03   3.325509e-01]
sigma=[ ...    
  -2.400620e+02   2.165966e+01   4.347548e+01;
   1.669746e+01  -2.859110e+02   5.309105e+01;
   4.720500e+01   3.862464e+01  -2.019122e+02]
sigmaDot=[ ... 
  -1.587776e+04  -4.690235e+04   2.109235e+05;
   4.121350e+05  -1.316161e+05  -9.000945e+05;
  -5.813822e+04   1.862341e+05  -1.747951e+05]
intgraE=[ ...  
   1.369872e-02  -1.034577e-02   1.897301e-02;
  -1.034577e-02  -6.067761e-03  -8.111507e-03;
   1.897301e-02  -8.111507e-03   2.542107e-02]
E=[ ...        
   2.773966e-02   4.186621e-03  -1.221885e-03;
   4.186621e-03  -9.630832e-03  -7.168121e-03;
  -1.221885e-03  -7.168121e-03   1.951566e-02]
e=[ ...        
   2.613323e-02   4.529166e-03  -1.007734e-03;
   4.529166e-03  -1.002688e-02  -6.636246e-03;
  -1.007734e-03  -6.636246e-03   1.886682e-02]
intgraF=[ ...  
   1.013533e+00  -2.332673e-02   2.557414e-02;
   3.175738e-03   9.934874e-01   2.228879e-03;
   1.172802e-02  -1.740934e-02   1.024784e+00]
F=[ ...        
   1.027201e+00  -9.504075e-03  -3.298405e-03;
   1.833478e-02   9.900591e-01   6.863416e-03;
   8.030177e-04  -2.076206e-02   1.019300e+00]
R=[ ...        
   9.999024e-01  -1.379904e-02  -2.175353e-03;
   1.382767e-02   9.998099e-01   1.374453e-02;
   1.985278e-03  -1.377327e-02   9.999032e-01]
U=[ ...        
   1.027356e+00   4.145840e-03  -1.179583e-03;
   4.145840e-03   9.902880e-01  -7.131476e-03;
  -1.179583e-03  -7.131476e-03   1.019303e+00]
l=[ ...        
  -8.215912e-03   3.375823e-02   1.734970e-02;
  -2.319739e-04  -5.741748e-03   1.254932e-02;
   1.481643e-02   2.113583e-02   1.484912e-02]
d=[ ...        
  -8.215912e-03   1.676313e-02   1.608306e-02;
   1.676313e-02  -5.741748e-03   1.684257e-02;
   1.608306e-02   1.684257e-02   1.484912e-02]
     iteration=        3399999       process=              1       (i,j,k)=              0              0              1       (x,y,z)=   5.084936e-03   5.084938e-03   1.422617e-02     particles=             55
fabric=[ ...   
   3.050831e-01  -1.524495e-02  -2.548140e-02;
  -1.524495e-02   3.419574e-01   2.987428e-02;
  -2.548140e-02   2.987428e-02   3.396261e-01]
sigma=[ ...    
  -1.344406e+02   7.416050e+00   1.510330e+01;
   8.733209e+00  -1.054086e+02   8.837979e-01;
   1.215764e+01   2.718643e+00  -1.501545e+02]
sigmaDot=[ ... 
   5.661597e+04   1.350723e+05   2.869842e+05;
   5.518871e+04   8.541631e+03   5.879149e+04;
   4.763520e+04   3.437343e+05   5.000588e+04]
intgraE=[ ...  
  -1.041119e-01   1.110705e-02  -2.519256e-01;
   1.110705e-02   7.336504e-02  -1.946108e-02;
  -2.519256e-01  -1.946108e-02   6.093481e-01]
E=[ ...        
  -1.477549e-01   1.965270e-02  -8.682888e-02;
   1.965270e-02  -1.840654e-01   5.555684e-03;
  -8.682888e-02   5.555684e-03   4.216481e-01]
e=[ ...        
  -1.942261e-01   5.851940e-02  -1.355580e-01;
   5.851940e-02  -2.921023e-01  -3.029598e-02;
  -1.355580e-01  -3.029598e-02   1.848193e-01]
intgraF=[ ...  
   8.883715e-01   3.832449e-02  -6.422075e-01;
  -1.289987e-02   1.069420e+00  -6.362230e-02;
   4.904925e-02   4.002265e-02   1.342467e+00]
F=[ ...        
   8.363316e-01   1.550390e-02  -3.076861e-01;
   2.615580e-02   7.900874e-01  -1.231582e-01;
   6.599620e-02   8.596897e-02   1.316608e+00]
R=[ ...        
   9.855223e-01  -9.475684e-03  -1.692811e-01;
  -6.872537e-03   9.953838e-01  -9.572824e-02;
   1.694067e-01   9.550570e-02   9.809078e-01]
U=[ ...        
   8.352238e-01   2.441326e-02  -7.934278e-02;
   2.441326e-02   7.945038e-01   6.069439e-03;
  -7.934278e-02   6.069439e-03   1.355346e+00]
l=[ ...        
  -3.262492e-03   7.659035e-03  -2.588651e-02;
   3.495425e-02   1.265881e-02   3.364296e-02;
  -5.250053e-03  -7.459983e-03  -5.520928e-02]
d=[ ...        
  -3.262492e-03   2.130664e-02  -1.556828e-02;
   2.130664e-02   1.265881e-02   1.309149e-02;
  -1.556828e-02   1.309149e-02  -5.520928e-02]
     iteration=        3399999       process=              2       (i,j,k)=              0              1              0       (x,y,z)=   5.084936e-03   1.491503e-02   4.855329e-03     particles=             73
fabric=[ ...   
   3.327203e-01  -5.440088e-04  -3.214146e-02;
  -5.440088e-04   3.773509e-01   8.201918e-03;
  -3.214146e-02   8.201918e-03   2.899288e-01]
sigma=[ ...    
  -2.816813e+02   1.323672e+01   6.177525e+01;
   1.303800e+01  -4.111637e+02  -5.702023e+01;
   6.297946e+01  -5.697160e+01  -1.687125e+02]
sigmaDot=[ ... 
   2.602167e+05  -2.121337e+05   1.801007e+06;
   4.054799e+06   1.859257e+06  -1.194115e+06;
   1.460807e+06  -2.051986e+06   1.434068e+05]
intgraE=[ ...  
   2.146591e-02   1.661348e-02   9.102093e-03;
   1.661348e-02  -3.663545e-02  -5.939275e-04;
   9.102093e-03  -5.939275e-04  -1.479362e-03]
E=[ ...        
   3.051584e-02   3.722114e-02   2.369645e-02;
   3.722114e-02   4.213606e-03   2.728970e-02;
   2.369645e-02   2.728970e-02   2.855332e-02]
e=[ ...        
   2.387001e-02   3.427118e-02   1.841026e-02;
   3.427118e-02   2.423441e-03   2.566946e-02;
   1.841026e-02   2.566946e-02   2.445115e-02]
intgraF=[ ...  
   1.020881e+00   2.416117e-02  -7.183253e-03;
   8.788095e-03   9.623559e-01  -5.265572e-03;
   2.562266e-02   4.059226e-03   9.984798e-01]
F=[ ...        
   1.028000e+00   2.201000e-02   3.626819e-03;
   5.142589e-02   1.003953e+00   4.951177e-02;
   4.003898e-02   4.666308e-03   1.026958e+00]
R=[ ...        
   9.997414e-01  -1.379211e-02  -1.807886e-02;
   1.419089e-02   9.996546e-01   2.211844e-02;
   1.776756e-02  -2.236927e-02   9.995919e-01]
U=[ ...        
   1.029175e+00   3.633420e-02   2.257503e-02;
   3.633420e-02   1.003198e+00   2.647235e-02;
   2.257503e-02   2.647235e-02   1.027568e+00]
l=[ ...        
   3.364823e-02  -5.567851e-03   4.468485e-02;
   1.597777e-03  -1.236901e-02   2.108672e-02;
   1.665516e-02  -3.132140e-02   4.540477e-02]
d=[ ...        
   3.364823e-02  -1.985037e-03   3.067001e-02;
  -1.985037e-03  -1.236901e-02  -5.117344e-03;
   3.067001e-02  -5.117344e-03   4.540477e-02]
     iteration=        3399999       process=              3       (i,j,k)=              0              1              1       (x,y,z)=   5.084936e-03   1.491503e-02   1.422617e-02     particles=             47
fabric=[ ...   
   3.210577e-01   4.592282e-02  -9.675960e-03;
   4.592282e-02   3.024815e-01   6.017483e-03;
  -9.675960e-03   6.017483e-03   3.627622e-01]
sigma=[ ...    
  -1.035386e+02  -2.979731e+01  -1.732918e+01;
  -4.287996e+01  -1.419450e+02   8.169619e+00;
  -2.023528e+01   6.218475e+00  -1.694767e+02]
sigmaDot=[ ... 
   2.525895e+03  -6.633317e+05   9.008555e+05;
  -1.221629e+06  -1.325968e+05  -3.602549e+05;
   2.784722e+05   2.503963e+06  -1.704642e+05]
intgraE=[ ...  
  -2.488007e-02   7.104863e-02  -6.734780e-02;
   7.104863e-02  -1.845024e-02  -1.985755e-02;
  -6.734780e-02  -1.985755e-02   1.592578e-01]
E=[ ...        
   1.026274e-01   8.594520e-02   1.456564e-02;
   8.594520e-02  -7.144746e-02  -2.471659e-02;
   1.456564e-02  -2.471659e-02   1.835380e-01]
e=[ ...        
   7.045503e-02   8.882204e-02  -7.408199e-06;
   8.882204e-02  -1.027019e-01  -2.226955e-03;
  -7.408199e-06  -2.226955e-03   1.358603e-01]
intgraF=[ ...  
   9.725936e-01   8.094398e-02  -1.245508e-01;
   6.465686e-02   9.779492e-01  -1.539907e-02;
  -1.100643e-02  -1.276863e-02   1.141388e+00]
F=[ ...        
   1.081903e+00   8.862648e-02  -1.491358e-01;
   9.095523e-02   9.203304e-01   2.030751e-02;
   1.626874e-01  -4.735299e-02   1.159492e+00]
R=[ ...        
   9.902568e-01   7.129098e-04  -1.392513e-01;
   4.626509e-03   9.992664e-01   3.801631e-02;
   1.391762e-01  -3.829016e-02   9.895271e-01]
U=[ ...        
   1.094425e+00   8.543048e-02   1.378493e-02;
   8.543048e-02   9.215316e-01  -2.421085e-02;
   1.378493e-02  -2.421085e-02   1.168888e+00]
l=[ ...        
   3.417626e-02   2.748989e-02  -1.047538e-02;
   3.869738e-02  -2.952893e-02   7.952027e-03;
   1.866984e-02  -5.560927e-03  -5.759346e-02]
d=[ ...        
   3.417626e-02   3.309364e-02   4.097231e-03;
   3.309364e-02  -2.952893e-02   1.195550e-03;
   4.097231e-03   1.195550e-03  -5.759346e-02]
     iteration=        3399999       process=              4       (i,j,k)=              1              0              0       (x,y,z)=   1.491502e-02   5.084938e-03   4.855329e-03     particles=             64
fabric=[ ...   
   3.706081e-01   3.775405e-03   1.600072e-02;
   3.775405e-03   3.543627e-01  -2.096306e-02;
   1.600072e-02  -2.096306e-02   2.750292e-01]
sigma=[ ...    
  -5.428176e+02   8.998901e+00  -2.586715e+01;
   1.878824e+01  -4.376395e+02   6.731180e+01;
  -2.694882e+01   7.319464e+01  -2.017073e+02]
sigmaDot=[ ... 
  -2.468084e+04   2.880586e+05  -1.447691e+06;
  -1.187933e+06  -2.895834e+05   3.602792e+05;
  -3.257496e+05   8.451606e+05   7.502672e+04]
intgraE=[ ...  
  -8.036775e-03   3.359546e-02  -1.225689e-02;
   3.359546e-02   3.060606e-02   5.045321e-03;
  -1.225689e-02   5.045321e-03   5.918187e-02]
E=[ ...        
  -4.693593e-02   9.024735e-03  -2.878062e-02;
   9.024735e-03   5.670187e-02  -2.249312e-03;
  -2.878062e-02  -2.249312e-03  -6.766342e-02]
e=[ ...        
  -5.579003e-02   4.688933e-03  -3.723848e-02;
   4.688933e-03   5.103462e-02  -5.816691e-03;
  -3.723848e-02  -5.816691e-03  -7.949956e-02]
intgraF=[ ...  
   9.903253e-01   1.615905e-02   3.261325e-03;
   5.037535e-02   1.029674e+00  -1.783616e-02;
  -2.538846e-02   2.686224e-02   1.057372e+00]
F=[ ...        
   9.501132e-01  -2.404013e-02  -1.762251e-02;
   3.772751e-02   1.054616e+00   1.711357e-02;
  -4.460584e-02  -2.471134e-02   9.295535e-01]
R=[ ...        
   9.994155e-01  -3.124550e-02   1.386796e-02;
   3.094001e-02   9.992852e-01   2.172150e-02;
  -1.453675e-02  -2.127973e-02   9.996679e-01]
U=[ ...        
   9.513736e-01   8.962984e-03  -3.059540e-02;
   8.962984e-03   1.055139e+00  -2.128684e-03;
  -3.059540e-02  -2.128684e-03   9.293721e-01]
l=[ ...        
  -7.255017e-03   2.650701e-02   1.023367e-02;
  -3.298886e-02   2.290483e-03   3.216719e-02;
  -3.211785e-02  -1.046907e-02  -2.126215e-02]
d=[ ...        
  -7.255017e-03  -3.240925e-03  -1.094209e-02;
  -3.240925e-03   2.290483e-03   1.084906e-02;
  -1.094209e-02   1.084906e-02  -2.126215e-02]
     iteration=        3399999       process=              5       (i,j,k)=              1              0              1       (x,y,z)=   1.491502e-02   5.084938e-03   1.422617e-02     particles=             44
fabric=[ ...   
   3.254081e-01   2.971297e-02  -2.720672e-02;
   2.971297e-02   3.276449e-01  -7.105072e-03;
  -2.720672e-02  -7.105072e-03   3.469470e-01]
sigma=[ ...    
  -3.701929e+01   3.713485e+00  -1.176181e+01;
   3.855650e+00  -2.499951e+01  -6.203391e-02;
  -1.690410e+01  -1.289503e+00  -4.800904e+01]
sigmaDot=[ ... 
  -1.132968e+05  -6.245835e+03  -3.830047e+05;
  -1.537086e+05  -2.537501e+04  -9.513485e+03;
  -3.410320e+04  -3.302508e+05  -5.534700e+04]
intgraE=[ ...  
   6.305668e-02   5.116212e-02  -1.130448e-01;
   5.116212e-02   1.683919e-02  -5.586741e-02;
  -1.130448e-01  -5.586741e-02  -2.079966e-03]
E=[ ...        
   1.650505e-01  -8.276119e-02  -9.406958e-02;
  -8.276119e-02  -1.284259e-01   7.651523e-02;
  -9.406958e-02   7.651523e-02  -6.060490e-02]
e=[ ...        
   9.339246e-02  -6.234499e-02  -8.940338e-02;
  -6.234499e-02  -2.360997e-01   9.504852e-02;
  -8.940338e-02   9.504852e-02  -6.707430e-02]
intgraF=[ ...  
   1.059166e+00   1.082621e-01  -1.549877e-01;
  -2.653787e-02   9.843164e-01   1.321857e-01;
  -5.980506e-02  -2.303886e-01   9.769063e-01]
F=[ ...        
   1.138842e+00  -5.669100e-02  -3.466136e-02;
  -8.225984e-02   8.371867e-01  -4.048017e-02;
  -1.624016e-01   1.976179e-01   9.359221e-01]
R=[ ...        
   9.982804e-01   2.082623e-02   5.479510e-02;
  -1.342656e-02   9.911457e-01  -1.320985e-01;
  -5.706103e-02   1.311356e-01   9.897209e-01]
U=[ ...        
   1.147254e+00  -7.911034e-02  -8.746293e-02;
  -7.911034e-02   8.545080e-01   8.188909e-02;
  -8.746293e-02   8.188909e-02   9.297498e-01]
l=[ ...        
   5.881018e-04  -4.662556e-02   1.400045e-02;
   4.428394e-02   4.397999e-02   2.619302e-02;
  -2.917568e-02  -2.282246e-02   5.478394e-03]
d=[ ...        
   5.881018e-04  -1.170806e-03  -7.587612e-03;
  -1.170806e-03   4.397999e-02   1.685278e-03;
  -7.587612e-03   1.685278e-03   5.478394e-03]
     iteration=        3399999       process=              6       (i,j,k)=              1              1              0       (x,y,z)=   1.491502e-02   1.491503e-02   4.855329e-03     particles=             61
fabric=[ ...   
   3.610977e-01  -3.505980e-03   6.284611e-04;
  -3.505980e-03   3.194442e-01   3.269702e-02;
   6.284611e-04   3.269702e-02   2.877121e-01]
sigma=[ ...    
  -9.361082e+01   5.234123e+01   4.460928e+00;
   5.432203e+01  -9.239543e+01  -1.272829e+01;
   6.654474e+00  -1.562570e+01  -3.379883e+01]
sigmaDot=[ ... 
   2.975608e+04  -2.433870e+04  -2.440680e+06;
   2.499928e+06  -6.302495e+05  -3.051736e+06;
   2.088679e+06  -3.445699e+06  -1.633752e+06]
intgraE=[ ...  
  -5.998916e-02   6.946242e-02  -3.663469e-02;
   6.946242e-02  -9.280529e-02  -6.103149e-04;
  -3.663469e-02  -6.103149e-04  -2.546762e-02]
E=[ ...        
   1.299448e-01   5.066820e-02  -1.252562e-01;
   5.066820e-02  -1.657355e-01  -1.380615e-01;
  -1.252562e-01  -1.380615e-01  -1.028732e-01]
e=[ ...        
   6.742213e-02  -1.068755e-02  -1.277986e-01;
  -1.068755e-02  -5.139528e-01  -2.429805e-01;
  -1.277986e-01  -2.429805e-01  -1.255088e-01]
intgraF=[ ...  
   9.329673e-01   6.719524e-02  -2.727262e-02;
   7.965599e-02   8.958591e-01   9.320014e-02;
  -5.699593e-02  -8.550311e-02   9.693476e-01]
F=[ ...        
   1.107732e+00   1.634494e-03  -8.974494e-02;
   5.066175e-02   7.350407e-01   5.567595e-02;
  -1.739345e-01  -3.581082e-01   8.849292e-01]
R=[ ...        
   9.985503e-01  -4.498101e-02   2.956377e-02;
   3.616686e-02   9.674640e-01   2.504105e-01;
  -3.986560e-02  -2.489783e-01   9.676883e-01]
U=[ ...        
   1.114892e+00   4.249244e-02  -1.228794e-01;
   4.249244e-02   8.002130e-01  -1.624269e-01;
  -1.228794e-01  -1.624269e-01   8.676242e-01]
l=[ ...        
  -2.269530e-02   1.447224e-02   2.068882e-02;
  -3.265376e-02  -7.223751e-02   4.058195e-02;
   2.164276e-02  -3.079407e-03  -4.612701e-02]
d=[ ...        
  -2.269530e-02  -9.090763e-03   2.116579e-02;
  -9.090763e-03  -7.223751e-02   1.875127e-02;
   2.116579e-02   1.875127e-02  -4.612701e-02]
     iteration=        3399999       process=              7       (i,j,k)=              1              1              1       (x,y,z)=   1.491502e-02   1.491503e-02   1.422617e-02     particles=             50
fabric=[ ...   
   3.182256e-01   1.349881e-02  -3.092035e-02;
   1.349881e-02   3.285566e-01  -8.166919e-03;
  -3.092035e-02  -8.166919e-03   3.275767e-01]
sigma=[ ...    
  -6.025347e+00  -1.515095e+00  -7.630790e-01;
  -1.704928e+00  -6.377741e+00  -5.037904e-01;
  -9.481888e-01  -4.637105e-01  -6.193991e+00]
sigmaDot=[ ... 
   3.931950e+04   3.210850e+04  -9.106784e+04;
   2.114083e+05   1.865889e+03  -2.635013e+04;
  -1.697508e+04   4.154963e+05   1.077233e+04]
intgraE=[ ...  
   3.975272e-02  -5.871982e-02  -7.379998e-03;
  -5.871982e-02   1.394906e-01  -1.172890e-01;
  -7.379998e-03  -1.172890e-01  -6.463666e-02]
E=[ ...        
  -1.153551e-02   6.416634e-02   3.590111e-01;
   6.416634e-02  -2.470908e-01  -6.441755e-01;
   3.590111e-01  -6.441755e-01   3.398250e+00]
e=[ ...        
  -1.573730e+00   4.952532e-01   7.100784e-01;
   4.952532e-01  -1.321765e-01  -3.319623e-01;
   7.100784e-01  -3.319623e-01   1.324442e-01]
intgraF=[ ...  
   1.020435e+00   9.878913e-02  -7.608969e-02;
  -1.909993e-01   1.122983e+00  -1.282267e-01;
   4.168038e-02  -9.017623e-02   9.211379e-01]
F=[ ...        
   2.936040e-01   3.826463e-01   7.425570e-01;
   7.998990e-01   3.323970e-01  -9.515680e-01;
   5.008865e-01  -4.989112e-01   2.517862e+00]
R=[ ...        
   8.979575e-02   9.147826e-01   3.938394e-01;
   9.117846e-01   8.360062e-02  -4.020694e-01;
   4.007313e-01  -3.952008e-01   8.265777e-01]
U=[ ...        
   9.564209e-01   1.375052e-01   2.080395e-01;
   1.375052e-01   5.749969e-01  -3.953344e-01;
   2.080395e-01  -3.953344e-01   2.756253e+00]
l=[ ...        
   3.035220e-02  -2.889994e-02   5.916378e-02;
  -1.216113e-02  -7.406405e-02  -9.423137e-03;
   7.233554e-03  -2.318164e-03   2.050181e-02]
d=[ ...        
   3.035220e-02  -2.053054e-02   3.319867e-02;
  -2.053054e-02  -7.406405e-02  -5.870651e-03;
   3.319867e-02  -5.870651e-03   2.050181e-02]
