     iteration=        2299999       process=              0       (i,j,k)=              0              0              0       (x,y,z)=   5.057436e-03   5.057438e-03   4.827829e-03     particles=             72
fabric=[ ...   
   2.862672e-01  -1.155047e-02  -5.201005e-02;
  -1.155047e-02   2.989987e-01  -1.666297e-02;
  -5.201005e-02  -1.666297e-02   3.621025e-01]
sigma=[ ...    
  -2.168710e+00  -4.331912e-02   5.673371e-01;
   2.688317e-01  -4.449569e+00   8.089664e-01;
   4.066098e-01   2.344458e+00  -4.015661e+00]
sigmaDot=[ ... 
  -8.975803e+03   3.409135e+04  -1.054606e+05;
  -5.121273e+04  -1.687711e+04   1.044011e+05;
  -8.471895e+04   1.060623e+05   1.231838e+04]
intgraE=[ ...  
   1.604029e-02  -1.259030e-02   1.084616e-02;
  -1.259030e-02   2.703948e-03  -1.507872e-02;
   1.084616e-02  -1.507872e-02   1.356159e-02]
E=[ ...        
   1.051335e-02   1.156742e-02  -9.555774e-02;
   1.156742e-02  -4.401271e-03  -1.687168e-02;
  -9.555774e-02  -1.687168e-02  -1.450993e-01]
e=[ ...        
   2.537370e-03   8.446929e-03  -1.207609e-01;
   8.446929e-03  -5.354494e-03  -2.400835e-02;
  -1.207609e-01  -2.400835e-02  -2.611152e-01]
intgraF=[ ...  
   1.015905e+00  -2.784812e-02   2.435938e-02;
   3.015472e-03   1.001876e+00   5.181372e-04;
  -3.016309e-03  -2.960802e-02   1.013178e+00]
F=[ ...        
   1.009706e+00   1.404979e-04  -1.628129e-01;
   2.241674e-02   9.953605e-01  -1.616892e-02;
  -3.189490e-02  -2.132789e-02   8.264574e-01]
R=[ ...        
   9.973864e-01  -1.179764e-02  -7.128207e-02;
   1.207605e-02   9.999210e-01   3.476076e-03;
   7.123543e-02  -4.327797e-03   9.974501e-01]
U=[ ...        
   1.005066e+00   1.064085e-02  -1.037096e-01;
   1.064085e-02   9.953726e-01  -1.782357e-02;
  -1.037096e-01  -1.782357e-02   8.358995e-01]
l=[ ...        
  -1.309553e-03   1.232802e-02   7.333442e-03;
   2.519963e-03  -1.886568e-02   1.331168e-02;
   8.021884e-03   7.715293e-03   3.953465e-03]
d=[ ...        
  -1.309553e-03   7.423990e-03   7.677663e-03;
   7.423990e-03  -1.886568e-02   1.051349e-02;
   7.677663e-03   1.051349e-02   3.953465e-03]
     iteration=        2299999       process=              1       (i,j,k)=              0              0              1       (x,y,z)=   5.057436e-03   5.057438e-03   1.425367e-02     particles=             56
fabric=[ ...   
   2.585491e-01  -2.600834e-02   3.180795e-02;
  -2.600834e-02   3.084008e-01   2.381200e-02;
   3.180795e-02   2.381200e-02   3.759072e-01]
sigma=[ ...    
  -2.618973e+00  -2.263342e-02  -5.705279e-01;
   4.972782e-01  -7.166355e-01   8.077003e-02;
  -1.042676e+00  -9.404024e-02  -1.741423e+00]
sigmaDot=[ ... 
  -1.330825e+04   3.078743e+04  -9.304525e+04;
   1.468101e+05  -1.417915e+04  -2.159410e+04;
  -1.948230e+04   6.334804e+04   5.767960e+03]
intgraE=[ ...  
  -1.201345e-01   6.519532e-04  -2.271940e-01;
   6.519532e-04   6.615505e-02  -2.390764e-02;
  -2.271940e-01  -2.390764e-02   6.451465e-01]
E=[ ...        
  -1.540496e-01  -8.593313e-02  -6.987950e-03;
  -8.593313e-02  -3.102667e-01  -6.774509e-02;
  -6.987950e-03  -6.774509e-02   3.858678e-01]
e=[ ...        
  -2.682565e-01  -3.266822e-01   5.754730e-02;
  -3.266822e-01  -1.074759e+00   1.644022e-01;
   5.754730e-02   1.644022e-01   1.983441e-01]
intgraF=[ ...  
   8.706989e-01   2.593031e-02  -5.785323e-01;
  -2.110169e-02   1.063241e+00  -7.551763e-02;
   3.419244e-02   3.400187e-02   1.396385e+00]
F=[ ...        
   8.287706e-01  -1.664413e-01   3.463998e-02;
  -6.760908e-02   5.622552e-01   2.103884e-01;
  -2.166134e-02  -1.887670e-01   1.313877e+00]
R=[ ...        
   9.969312e-01  -7.227406e-02   3.007632e-02;
   6.435276e-02   9.754021e-01   2.108303e-01;
  -4.457407e-02  -2.082478e-01   9.770599e-01]
U=[ ...        
   8.228420e-01  -1.213337e-01  -1.049209e-02;
  -1.213337e-01   5.997647e-01  -7.090221e-02;
  -1.049209e-02  -7.090221e-02   1.329134e+00]
l=[ ...        
   1.156937e-01   4.356291e-02  -1.087894e-01;
   2.572667e-02  -2.480523e-02   3.837457e-02;
   9.631489e-02   2.625594e-02  -7.931892e-02]
d=[ ...        
   1.156937e-01   3.464479e-02  -6.237230e-03;
   3.464479e-02  -2.480523e-02   3.231526e-02;
  -6.237230e-03   3.231526e-02  -7.931892e-02]
     iteration=        2299999       process=              2       (i,j,k)=              0              1              0       (x,y,z)=   5.057436e-03   1.494253e-02   4.827829e-03     particles=             73
fabric=[ ...   
   3.103349e-01  -5.198318e-03  -2.080401e-02;
  -5.198318e-03   3.155068e-01  -6.925592e-03;
  -2.080401e-02  -6.925592e-03   3.085845e-01]
sigma=[ ...    
  -5.081075e+00  -1.028286e+00  -1.454893e-01;
  -9.877370e-01  -3.590544e+00  -2.134617e+00;
   1.497923e-01  -1.436331e+00  -7.086817e+00]
sigmaDot=[ ... 
  -8.636585e+03   8.355252e+04  -3.191770e+04;
  -4.719132e+05   2.848175e+04  -1.630093e+04;
   1.258456e+04   2.888931e+05   1.336619e+03]
intgraE=[ ...  
   1.271718e-02   1.569096e-02   1.605664e-03;
   1.569096e-02  -2.572085e-02  -2.093092e-04;
   1.605664e-03  -2.093092e-04  -9.555862e-03]
E=[ ...        
   9.280891e-03   1.412109e-02   6.352237e-03;
   1.412109e-02   2.029673e-02   2.661936e-02;
   6.352237e-03   2.661936e-02  -2.510037e-04]
e=[ ...        
   8.059044e-03   1.244280e-02   5.364331e-03;
   1.244280e-02   1.774593e-02   2.601015e-02;
   5.364331e-03   2.601015e-02  -9.598227e-04]
intgraF=[ ...  
   1.012460e+00   2.121840e-02  -1.249775e-02;
   1.002945e-02   9.736730e-01  -8.602078e-03;
   1.610760e-02   8.302863e-03   9.902818e-01]
F=[ ...        
   1.008510e+00  -5.083528e-03  -8.887957e-03;
   3.195510e-02   1.019393e+00   1.542152e-02;
   2.118394e-02   3.748830e-02   9.995905e-01]
R=[ ...        
   9.997287e-01  -1.818001e-02  -1.456057e-02;
   1.802044e-02   9.997769e-01  -1.101627e-02;
   1.475760e-02   1.075089e-02   9.998333e-01]
U=[ ...        
   1.009125e+00   1.384100e-02   6.143910e-03;
   1.384100e-02   1.019661e+00   2.632616e-02;
   6.143910e-03   2.632616e-02   9.993834e-01]
l=[ ...        
   3.279672e-03   9.507689e-05   2.422043e-03;
   1.287521e-02  -5.425921e-03  -1.201594e-02;
  -3.329510e-03   8.823838e-04  -1.442521e-02]
d=[ ...        
   3.279672e-03   6.485141e-03  -4.537336e-04;
   6.485141e-03  -5.425921e-03  -5.566778e-03;
  -4.537336e-04  -5.566778e-03  -1.442521e-02]
     iteration=        2299999       process=              3       (i,j,k)=              0              1              1       (x,y,z)=   5.057436e-03   1.494253e-02   1.425367e-02     particles=             46
fabric=[ ...   
   3.588527e-01   5.330602e-02  -6.049487e-02;
   5.330602e-02   3.124425e-01  -4.941968e-02;
  -6.049487e-02  -4.941968e-02   2.731492e-01]
sigma=[ ...    
  -3.665989e+00  -2.853844e+00  -1.040420e+00;
  -1.366566e+00  -3.882245e+00  -9.261010e-01;
   9.609021e-02   3.579626e-01  -1.122133e-01]
sigmaDot=[ ... 
  -1.268429e+05  -5.276452e+05  -2.626389e+06;
   4.811516e+05   2.133093e+04   2.061523e+04;
   2.873387e+05   2.574675e+06   4.664524e+05]
intgraE=[ ...  
  -3.268445e-02   6.663912e-02  -7.772365e-02;
   6.663912e-02  -1.730128e-03  -2.536148e-02;
  -7.772365e-02  -2.536148e-02   1.765194e-01]
E=[ ...        
   6.804888e-02   8.229561e-02   2.719310e-02;
   8.229561e-02  -2.589289e-03  -6.802534e-02;
   2.719310e-02  -6.802534e-02   8.194871e-02]
e=[ ...        
   4.354152e-02   8.634825e-02   2.362042e-02;
   8.634825e-02  -3.190149e-02  -5.126025e-02;
   2.362042e-02  -5.126025e-02   7.214441e-02]
intgraF=[ ...  
   9.645951e-01   7.553505e-02  -1.317111e-01;
   6.062474e-02   9.954015e-01  -3.729423e-02;
  -2.262834e-02  -3.161068e-03   1.155119e+00]
F=[ ...        
   1.048547e+00   1.193552e-01  -1.334654e-01;
   5.383840e-02   9.874200e-01  -4.074028e-02;
   1.837058e-01  -7.468197e-02   1.069778e+00]
R=[ ...        
   9.885692e-01   2.960490e-02  -1.478328e-01;
  -2.620099e-02   9.993460e-01   2.492034e-02;
   1.484739e-01  -2.076211e-02   9.886984e-01]
U=[ ...        
   1.062426e+00   8.103121e-02   2.796166e-02;
   8.103121e-02   9.918584e-01  -6.687572e-02;
   2.796166e-02  -6.687572e-02   1.076403e+00]
l=[ ...        
   3.303487e-02  -8.624213e-03   6.710017e-03;
   1.428390e-02  -2.052785e-02   7.161157e-02;
   2.907389e-02  -5.548065e-02  -1.031632e-02]
d=[ ...        
   3.303487e-02   2.829846e-03   1.789195e-02;
   2.829846e-03  -2.052785e-02   8.065459e-03;
   1.789195e-02   8.065459e-03  -1.031632e-02]
     iteration=        2299999       process=              4       (i,j,k)=              1              0              0       (x,y,z)=   1.494252e-02   5.057438e-03   4.827829e-03     particles=             64
fabric=[ ...   
   4.063559e-01   1.784974e-02  -6.905257e-03;
   1.784974e-02   2.963981e-01   2.156025e-02;
  -6.905257e-03   2.156025e-02   2.517915e-01]
sigma=[ ...    
  -1.232078e+01  -5.785374e+00  -4.995774e+00;
  -5.146858e+00  -6.942266e+00  -2.007637e+00;
  -4.312312e+00  -1.854555e+00  -8.508437e+00]
sigmaDot=[ ... 
  -7.746020e+03  -3.154378e+04  -3.327531e+05;
   6.945593e+03  -2.534572e+04   4.382728e+04;
  -1.011793e+05  -8.475533e+04   4.054850e+03]
intgraE=[ ...  
  -8.107562e-03   3.213433e-02  -6.933519e-03;
   3.213433e-02   3.795350e-02   1.010187e-02;
  -6.933519e-03   1.010187e-02   6.345663e-02]
E=[ ...        
   1.407234e-03   1.902885e-02   1.753822e-02;
   1.902885e-02   5.413527e-02   9.256923e-03;
   1.753822e-02   9.256923e-03  -3.578723e-02]
e=[ ...        
  -1.327583e-03   1.608064e-02   1.908081e-02;
   1.608064e-02   4.891645e-02   7.880309e-03;
   1.908081e-02   7.880309e-03  -3.876019e-02]
intgraF=[ ...  
   9.907652e-01   1.853918e-02   6.726079e-04;
   4.463633e-02   1.036712e+00  -9.346051e-03;
  -1.329815e-02   2.814871e-02   1.061520e+00]
F=[ ...        
   9.999294e-01   3.264849e-04  -4.935225e-03;
   3.604171e-02   1.052731e+00   2.233192e-02;
   4.070111e-02  -5.184451e-03   9.632769e-01]
R=[ ...        
   9.995813e-01  -1.701456e-02  -2.340333e-02;
   1.733365e-02   9.997586e-01   1.349964e-02;
   2.316799e-02  -1.389965e-02   9.996350e-01]
U=[ ...        
   1.001078e+00   1.845392e-02   1.777113e-02;
   1.845392e-02   1.052544e+00   9.021293e-03;
   1.777113e-02   9.021293e-03   9.633423e-01]
l=[ ...        
  -9.319493e-03   1.547534e-02   3.186498e-02;
  -8.023938e-03   2.296613e-02  -2.373298e-02;
  -2.669625e-02   1.001176e-02   1.260875e-04]
d=[ ...        
  -9.319493e-03   3.725700e-03   2.584369e-03;
   3.725700e-03   2.296613e-02  -6.860612e-03;
   2.584369e-03  -6.860612e-03   1.260875e-04]
     iteration=        2299999       process=              5       (i,j,k)=              1              0              1       (x,y,z)=   1.494252e-02   5.057438e-03   1.425367e-02     particles=             44
fabric=[ ...   
   3.290909e-01   2.925255e-02   3.730835e-02;
   2.925255e-02   2.746710e-01  -4.220295e-02;
   3.730835e-02  -4.220295e-02   1.962381e-01]
sigma=[ ...    
  -2.087576e+00  -1.008379e+00  -1.189251e-03;
  -1.408388e+00  -1.640178e+00   6.576657e-02;
   2.074366e-02   2.293283e-02  -3.020112e-05]
sigmaDot=[ ... 
  -1.952559e+04  -3.784915e+04   9.294465e+02;
  -2.894346e+04  -7.811535e+03   7.999551e+01;
   1.195670e+03   2.961556e+03   1.887288e+00]
intgraE=[ ...  
   7.564704e-02   6.174748e-02  -1.114012e-01;
   6.174748e-02   1.721658e-02  -6.330672e-02;
  -1.114012e-01  -6.330672e-02  -2.628025e-03]
E=[ ...        
   1.024623e-01  -1.222137e-01  -8.414951e-02;
  -1.222137e-01  -6.825534e-02   3.539616e-02;
  -8.414951e-02   3.539616e-02  -6.898176e-02]
e=[ ...        
   4.558779e-02  -9.478544e-02  -1.062362e-01;
  -9.478544e-02  -1.381861e-01   2.758193e-02;
  -1.062362e-01   2.758193e-02  -7.081830e-02]
intgraF=[ ...  
   1.071084e+00   1.161295e-01  -1.497146e-01;
  -1.542153e-02   9.837466e-01   1.184669e-01;
  -6.192338e-02  -2.306289e-01   9.789255e-01]
F=[ ...        
   1.076936e+00  -1.817649e-01   2.432842e-02;
  -2.052658e-02   9.000265e-01  -6.338828e-02;
  -2.114535e-01   1.428394e-01   9.259733e-01]
R=[ ...        
   9.905781e-01  -7.212292e-02   1.164183e-01;
   8.357152e-02   9.918032e-01  -9.665477e-02;
  -1.084930e-01   1.054734e-01   9.884860e-01]
U=[ ...        
   1.088015e+00  -1.203328e-01  -8.165987e-02;
  -1.203328e-01   9.208244e-01   3.304218e-02;
  -8.165987e-02   3.304218e-02   9.242707e-01]
l=[ ...        
  -3.068164e-02  -2.179790e-02  -6.004551e-02;
   2.751734e-03   1.123588e-02  -3.652811e-02;
  -2.845613e-02  -3.075440e-02  -5.605051e-02]
d=[ ...        
  -3.068164e-02  -9.523084e-03  -4.425082e-02;
  -9.523084e-03   1.123588e-02  -3.364126e-02;
  -4.425082e-02  -3.364126e-02  -5.605051e-02]
     iteration=        2299999       process=              6       (i,j,k)=              1              1              0       (x,y,z)=   1.494252e-02   1.494253e-02   4.827829e-03     particles=             61
fabric=[ ...   
   2.530646e-01   1.262275e-02   2.190410e-02;
   1.262275e-02   2.999098e-01   6.443377e-02;
   2.190410e-02   6.443377e-02   2.803589e-01]
sigma=[ ...    
  -1.199357e+00   5.274335e-01  -2.043423e-01;
   2.939155e-01  -1.971943e+00  -4.245545e-01;
  -3.361134e-01  -5.226044e-01  -1.608576e+00]
sigmaDot=[ ... 
  -1.134269e+04   2.252532e+04   1.142389e+04;
  -6.514104e+04  -9.378339e+03  -1.136606e+04;
   1.598463e+04   2.478036e+04  -9.587413e+03]
intgraE=[ ...  
  -5.172498e-02   6.893139e-02  -3.601148e-02;
   6.893139e-02  -8.107786e-02  -9.288539e-03;
  -3.601148e-02  -9.288539e-03  -8.346887e-03]
E=[ ...        
   1.871742e-01   7.237782e-02  -1.378201e-01;
   7.237782e-02  -2.926617e-01  -1.767490e-01;
  -1.378201e-01  -1.767490e-01  -1.849307e-01]
e=[ ...        
  -1.530736e-01  -5.425305e-01  -6.062145e-01;
  -5.425305e-01  -1.669224e+00  -1.197385e+00;
  -6.062145e-01  -1.197385e+00  -9.945742e-01]
intgraF=[ ...  
   9.431486e-01   7.012514e-02  -4.443412e-02;
   7.513656e-02   9.076883e-01   8.627416e-02;
  -3.708469e-02  -9.501993e-02   9.868579e-01]
F=[ ...        
   1.106980e+00   9.998069e-02  -2.543624e-02;
  -1.107460e-01   5.781519e-01  -2.635354e-01;
  -3.697000e-01  -2.653692e-01   7.483587e-01]
R=[ ...        
   9.671672e-01   1.567469e-01   2.000453e-01;
  -1.525526e-01   9.876281e-01  -3.631053e-02;
  -2.032619e-01   4.600918e-03   9.791136e-01]
U=[ ...        
   1.162676e+00   6.243890e-02  -1.365109e-01;
   6.243890e-02   5.854497e-01  -2.608189e-01;
  -1.365109e-01  -2.608189e-01   7.372089e-01]
l=[ ...        
  -1.079145e-02  -1.181263e-02   3.557459e-02;
   1.550699e-02  -1.884531e-02   8.733350e-03;
  -4.081897e-02   2.713186e-02  -6.861483e-03]
d=[ ...        
  -1.079145e-02   1.847179e-03  -2.622187e-03;
   1.847179e-03  -1.884531e-02   1.793261e-02;
  -2.622187e-03   1.793261e-02  -6.861483e-03]
     iteration=        2299999       process=              7       (i,j,k)=              1              1              1       (x,y,z)=   1.494252e-02   1.494253e-02   1.425367e-02     particles=             49
fabric=[ ...   
   3.479058e-01   4.118618e-02  -1.982861e-03;
   4.118618e-02   2.862076e-01  -1.115817e-02;
  -1.982861e-03  -1.115817e-02   2.624383e-01]
sigma=[ ...    
  -3.223740e-01   1.740854e-02   3.003188e-02;
  -2.760717e-02  -6.158167e-01  -1.473521e-01;
   7.615996e-03  -3.903292e-02  -2.166147e-02]
sigmaDot=[ ... 
   1.886212e+03   1.071199e+04   6.382546e+03;
   1.317582e+04   4.018574e+03  -3.247153e+02;
   3.154862e+03  -7.726150e+03  -1.144443e+03]
intgraE=[ ...  
   3.462721e-02  -3.776148e-02  -1.656625e-02;
  -3.776148e-02   1.777536e-01  -1.345764e-01;
  -1.656625e-02  -1.345764e-01  -5.224664e-02]
E=[ ...        
   1.611856e+00  -1.268169e+00   3.110516e+00;
  -1.268169e+00   1.222005e+00  -2.977157e+00;
   3.110516e+00  -2.977157e+00   5.364014e+00]
e=[ ...        
  -3.054954e+02   1.275777e+02   2.221285e+02;
   1.275777e+02  -5.311128e+01  -9.282672e+01;
   2.221285e+02  -9.282672e+01  -1.609004e+02]
intgraF=[ ...  
   1.020005e+00   1.170490e-01  -8.999346e-02;
  -1.656984e-01   1.154172e+00  -1.446711e-01;
   3.726654e-02  -9.845183e-02   9.308481e-01]
F=[ ...        
   1.206769e+00  -3.577600e-01   1.313015e+00;
  -4.641703e-02   1.344553e+00  -1.572510e+00;
   1.662909e+00  -1.228086e+00   2.744309e+00]
R=[ ...        
   9.117209e-01  -3.717805e-01  -1.747691e-01;
   3.234754e-01   9.119376e-01  -2.524550e-01;
   2.532363e-01   1.736350e-01   9.516944e-01]
U=[ ...        
   1.506330e+00  -2.022433e-01   1.383394e+00;
  -2.022433e-01   1.145918e+00  -1.445676e+00;
   1.383394e+00  -1.445676e+00   2.779257e+00]
l=[ ...        
   2.022173e-04  -2.131130e-02   3.727814e-02;
   1.513943e-02  -4.724545e-02   6.263037e-02;
  -7.733440e-02  -8.429447e-03   3.337509e-02]
d=[ ...        
   2.022173e-04  -3.085938e-03  -2.002813e-02;
  -3.085938e-03  -4.724545e-02   2.710046e-02;
  -2.002813e-02   2.710046e-02   3.337509e-02]
