     iteration=        2699999       process=              0       (i,j,k)=              0              0              0       (x,y,z)=   5.067436e-03   5.067438e-03   4.837829e-03     particles=             72
fabric=[ ...   
   3.414606e-01  -3.859769e-02  -2.272017e-02;
  -3.859769e-02   3.499274e-01   1.943025e-02;
  -2.272017e-02   1.943025e-02   2.899205e-01]
sigma=[ ...    
  -2.020542e+01   5.021240e-01   3.086109e+00;
  -5.027071e-01  -1.675468e+01   1.001312e+00;
   3.276194e+00   1.190069e+00  -1.592661e+01]
sigmaDot=[ ... 
   1.139396e+04  -1.770408e+04   1.719456e+05;
  -2.877335e+05  -6.646487e+03   1.111295e+05;
   5.062446e+02  -1.987556e+04   1.018035e+02]
intgraE=[ ...  
   1.479410e-02  -1.239714e-02   1.416902e-02;
  -1.239714e-02  -2.489476e-03  -1.381567e-02;
   1.416902e-02  -1.381567e-02   1.958972e-02]
E=[ ...        
   3.167622e-02   4.258039e-03  -4.798753e-04;
   4.258039e-03  -6.071365e-03  -1.041627e-02;
  -4.798753e-04  -1.041627e-02   8.822202e-03]
e=[ ...        
   2.962738e-02   4.578169e-03  -2.802640e-04;
   4.578169e-03  -6.584462e-03  -1.013777e-02;
  -2.802640e-04  -1.013777e-02   8.770701e-03]
intgraF=[ ...  
   1.014680e+00  -2.666546e-02   2.532691e-02;
   2.338719e-03   9.967990e-01   3.981156e-05;
   2.589802e-03  -2.649006e-02   1.019087e+00]
F=[ ...        
   1.031003e+00  -1.063170e-02  -9.350187e-05;
   1.957980e-02   9.935233e-01   5.031584e-03;
  -9.535040e-04  -2.560792e-02   1.008771e+00]
R=[ ...        
   9.998886e-01  -1.492411e-02   1.985296e-04;
   1.491932e-02   9.997716e-01   1.530423e-02;
  -4.268861e-04  -1.529956e-02   9.998829e-01]
U=[ ...        
   1.031181e+00   4.203106e-03  -4.490540e-04;
   4.203106e-03   9.938468e-01  -1.040192e-02;
  -4.490540e-04  -1.040192e-02   1.008730e+00]
l=[ ...        
  -4.964668e-03  -1.643745e-03  -3.545677e-03;
   1.024010e-02  -2.845542e-02  -4.556293e-04;
   2.673727e-02   1.574521e-02   3.510602e-02]
d=[ ...        
  -4.964668e-03   4.298177e-03   1.159580e-02;
   4.298177e-03  -2.845542e-02   7.644790e-03;
   1.159580e-02   7.644790e-03   3.510602e-02]
     iteration=        2699999       process=              1       (i,j,k)=              0              0              1       (x,y,z)=   5.067436e-03   5.067438e-03   1.424367e-02     particles=             55
fabric=[ ...   
   3.063455e-01  -4.893045e-03   2.323788e-02;
  -4.893045e-03   2.592635e-01   2.897773e-02;
   2.323788e-02   2.897773e-02   3.629625e-01]
sigma=[ ...    
  -3.157589e+00  -1.734534e-01  -7.007186e-01;
   4.686178e-01  -1.830421e+00  -5.171824e-01;
  -1.048684e+00  -5.070700e-01  -3.025552e+00]
sigmaDot=[ ... 
  -1.620816e+04   2.060866e+04   3.506605e+02;
   1.774634e+05  -2.616711e+03   1.164632e+04;
  -1.801854e+04   4.221831e+04   8.176326e+03]
intgraE=[ ...  
  -1.022287e-01   8.482278e-03  -2.459812e-01;
   8.482278e-03   6.303215e-02  -2.091138e-02;
  -2.459812e-01  -2.091138e-02   6.236873e-01]
E=[ ...        
  -7.619190e-02   8.809933e-02  -1.756655e-01;
   8.809933e-02  -1.196883e-01  -1.158551e-01;
  -1.756655e-01  -1.158551e-01   3.131321e-01]
e=[ ...        
  -1.356214e-01   1.141115e-01  -1.567068e-01;
   1.141115e-01  -2.196293e-01  -5.090920e-02;
  -1.567068e-01  -5.090920e-02   1.354119e-01]
intgraF=[ ...  
   8.905654e-01   4.068944e-02  -6.229869e-01;
  -1.976568e-02   1.059735e+00  -6.313023e-02;
   4.522499e-02   3.702230e-02   1.362085e+00]
F=[ ...        
   9.148753e-01   1.319281e-01  -2.599621e-01;
   5.270414e-02   8.539142e-01  -5.807949e-02;
  -8.855359e-02  -1.185281e-01   1.247121e+00]
R=[ ...        
   9.961846e-01   3.895914e-02  -7.809184e-02;
  -3.667641e-02   9.988630e-01   3.045595e-02;
   7.918958e-02  -2.747562e-02   9.964809e-01]
U=[ ...        
   9.024392e-01   9.072003e-02  -1.580811e-01;
   9.072003e-02   8.613397e-01  -1.024068e-01;
  -1.580811e-01  -1.024068e-01   1.261264e+00]
l=[ ...        
   1.025792e-01   9.304329e-02  -1.136368e-01;
  -1.376651e-02  -2.110347e-02   4.417689e-02;
   5.169415e-02   4.317398e-02  -9.971398e-02]
d=[ ...        
   1.025792e-01   3.963839e-02  -3.097131e-02;
   3.963839e-02  -2.110347e-02   4.367543e-02;
  -3.097131e-02   4.367543e-02  -9.971398e-02]
     iteration=        2699999       process=              2       (i,j,k)=              0              1              0       (x,y,z)=   5.067436e-03   1.493253e-02   4.837829e-03     particles=             72
fabric=[ ...   
   3.510963e-01   1.095881e-02  -1.470725e-02;
   1.095881e-02   3.385250e-01   3.458379e-02;
  -1.470725e-02   3.458379e-02   2.999620e-01]
sigma=[ ...    
  -1.587295e+01  -9.821088e-01   3.747136e+00;
  -1.556735e-01  -1.641737e+01  -4.570331e+00;
   3.232023e+00  -4.965346e+00  -1.259025e+01]
sigmaDot=[ ... 
   5.423427e+04  -7.181728e+04  -1.867903e+05;
  -2.060448e+05   8.438545e+04   7.835860e+03;
  -2.112213e+05   3.280337e+05   6.116412e+04]
intgraE=[ ...  
   1.323084e-02   1.531555e-02   5.340837e-03;
   1.531555e-02  -3.014722e-02  -9.814527e-04;
   5.340837e-03  -9.814527e-04  -5.168998e-03]
E=[ ...        
   1.861865e-02   1.996833e-02   1.357166e-02;
   1.996833e-02  -7.124358e-03   8.791884e-03;
   1.357166e-02   8.791884e-03  -3.553818e-03]
e=[ ...        
   1.613112e-02   1.951058e-02   1.303138e-02;
   1.951058e-02  -7.745374e-03   8.815775e-03;
   1.303138e-02   8.815775e-03  -3.760088e-03]
intgraF=[ ...  
   1.012903e+00   2.158606e-02  -9.244562e-03;
   8.900026e-03   9.691186e-01  -8.988976e-03;
   2.023206e-02   6.984814e-03   9.947340e-01]
F=[ ...        
   1.017661e+00   7.698765e-03   2.990274e-03;
   3.204903e-02   9.927491e-01   5.758715e-03;
   2.400163e-02   1.188636e-02   9.964187e-01]
R=[ ...        
   9.998734e-01  -1.210144e-02  -1.032926e-02;
   1.206979e-02   9.999223e-01  -3.121245e-03;
   1.036623e-02   2.996178e-03   9.999418e-01]
U=[ ...        
   1.018168e+00   1.980328e-02   1.338851e-02;
   1.980328e-02   9.926144e-01   8.707528e-03;
   1.338851e-02   8.707528e-03   9.963118e-01]
l=[ ...        
  -4.352445e-03  -1.526987e-02   1.386101e-02;
  -1.055449e-02  -2.697865e-02  -4.988004e-03;
   1.953147e-02  -2.549472e-02   4.963805e-02]
d=[ ...        
  -4.352445e-03  -1.291218e-02   1.669624e-02;
  -1.291218e-02  -2.697865e-02  -1.524136e-02;
   1.669624e-02  -1.524136e-02   4.963805e-02]
     iteration=        2699999       process=              3       (i,j,k)=              0              1              1       (x,y,z)=   5.067436e-03   1.493253e-02   1.424367e-02     particles=             47
fabric=[ ...   
   3.454499e-01   5.474624e-02  -1.978381e-02;
   5.474624e-02   2.877928e-01  -6.314144e-03;
  -1.978381e-02  -6.314144e-03   3.310430e-01]
sigma=[ ...    
  -8.894389e+00  -4.001767e+00  -2.973604e-01;
  -5.044358e+00  -1.066677e+01  -3.539087e+00;
  -2.100711e-01  -2.658372e+00  -9.516439e+00]
sigmaDot=[ ... 
  -2.762887e+04  -9.786609e+04   6.989233e+03;
  -1.960325e+05  -1.307466e+05  -2.202229e+04;
   1.205302e+04   1.364615e+05  -1.647135e+05]
intgraE=[ ...  
  -2.856994e-02   6.760918e-02  -7.409603e-02;
   6.760918e-02  -5.440189e-03  -2.505911e-02;
  -7.409603e-02  -2.505911e-02   1.705582e-01]
E=[ ...        
   1.843697e-01   1.348156e-01  -1.251929e-02;
   1.348156e-01  -6.934603e-02  -4.875614e-02;
  -1.251929e-02  -4.875614e-02   8.700895e-02]
e=[ ...        
   1.045417e-01   1.308826e-01   3.526770e-03;
   1.308826e-01  -1.202213e-01  -3.470760e-02;
   3.526770e-03  -3.470760e-02   7.211877e-02]
intgraF=[ ...  
   9.687522e-01   7.434541e-02  -1.290842e-01;
   6.355133e-02   9.917189e-01  -3.010739e-02;
  -1.845188e-02  -9.268793e-03   1.150455e+00]
F=[ ...        
   1.156101e+00   1.132627e-01  -1.000922e-01;
   1.561247e-01   9.194796e-01  -2.908565e-02;
   8.828875e-02  -5.510628e-02   1.078496e+00]
R=[ ...        
   9.960859e-01  -2.154390e-02  -8.572498e-02;
   2.315371e-02   9.995729e-01   1.782896e-02;
   8.530426e-02  -1.974403e-02   9.961593e-01]
U=[ ...        
   1.162722e+00   1.294079e-01  -8.373532e-03;
   1.294079e-01   9.177349e-01  -4.821071e-02;
  -8.373532e-03  -4.821071e-02   1.082416e+00]
l=[ ...        
   1.981173e-03  -8.948183e-03  -4.191261e-03;
   1.271550e-02  -1.350676e-02   3.057441e-02;
  -1.416305e-02  -1.571306e-02  -5.489712e-02]
d=[ ...        
   1.981173e-03   1.883659e-03  -9.177156e-03;
   1.883659e-03  -1.350676e-02   7.430675e-03;
  -9.177156e-03   7.430675e-03  -5.489712e-02]
     iteration=        2699999       process=              4       (i,j,k)=              1              0              0       (x,y,z)=   1.493252e-02   5.067438e-03   4.837829e-03     particles=             64
fabric=[ ...   
   4.262394e-01  -1.327503e-02   2.757174e-02;
  -1.327503e-02   3.204552e-01  -1.715843e-02;
   2.757174e-02  -1.715843e-02   2.286140e-01]
sigma=[ ...    
  -6.173282e+01  -1.947131e+01  -1.384860e+01;
  -2.080543e+01  -2.979047e+01   4.884785e+00;
  -1.015264e+01   2.132945e+00  -2.317491e+01]
sigmaDot=[ ... 
  -6.893934e+05   1.817178e+06  -3.413846e+06;
  -2.574140e+05   3.503341e+04  -4.624678e+04;
  -2.883239e+05   1.777650e+05   6.407814e+04]
intgraE=[ ...  
  -9.706136e-03   3.094616e-02  -9.519108e-03;
   3.094616e-02   3.462108e-02   7.376781e-03;
  -9.519108e-03   7.376781e-03   6.413181e-02]
E=[ ...        
  -3.338517e-04   1.484697e-02   9.150711e-03;
   1.484697e-02   6.058768e-02   1.708280e-02;
   9.150711e-03   1.708280e-02  -2.972570e-02]
e=[ ...        
  -1.538759e-03   1.200947e-02   9.342667e-03;
   1.200947e-02   5.391738e-02   1.541639e-02;
   9.342667e-03   1.541639e-02  -3.242511e-02]
intgraF=[ ...  
   9.889950e-01   1.492879e-02   1.546839e-03;
   4.611882e-02   1.033534e+00  -1.528518e-02;
  -1.870196e-02   2.874363e-02   1.062086e+00]
F=[ ...        
   9.989512e-01  -2.199936e-03  -4.814965e-03;
   2.998868e-02   1.058836e+00   2.674816e-02;
   2.301250e-02   6.016975e-03   9.694380e-01]
R=[ ...        
   9.997811e-01  -1.540866e-02  -1.415608e-02;
   1.555290e-02   9.998277e-01   1.013633e-02;
   1.399745e-02  -1.035427e-02   9.998484e-01]
U=[ ...        
   9.995210e-01   1.435274e-02   9.171761e-03;
   1.435274e-02   1.058625e+00   1.677992e-02;
   9.171761e-03   1.677992e-02   9.696303e-01]
l=[ ...        
  -5.351059e-03  -3.394883e-02   8.636931e-03;
   2.431231e-02  -3.763258e-02  -6.357885e-02;
  -2.246148e-02  -4.942604e-03   6.957435e-03]
d=[ ...        
  -5.351059e-03  -4.818260e-03  -6.912276e-03;
  -4.818260e-03  -3.763258e-02  -3.426073e-02;
  -6.912276e-03  -3.426073e-02   6.957435e-03]
     iteration=        2699999       process=              5       (i,j,k)=              1              0              1       (x,y,z)=   1.493252e-02   5.067438e-03   1.424367e-02     particles=             45
fabric=[ ...   
   3.078444e-01  -7.877045e-03  -1.899733e-02;
  -7.877045e-03   3.506653e-01  -1.087038e-03;
  -1.899733e-02  -1.087038e-03   2.700617e-01]
sigma=[ ...    
  -2.094058e+00  -8.183548e-01  -6.902989e-02;
  -1.055719e+00  -1.857035e+00  -4.222912e-02;
  -6.826393e-02  -9.862061e-02  -2.924129e-01]
sigmaDot=[ ... 
  -1.563154e+04  -3.521298e+04  -1.326857e+04;
  -7.608787e+04  -7.473131e+03   6.767858e+03;
   1.833566e+03   4.818821e+04   2.448315e+03]
intgraE=[ ...  
   6.848343e-02   5.812825e-02  -1.098723e-01;
   5.812825e-02   1.526446e-02  -6.476639e-02;
  -1.098723e-01  -6.476639e-02  -3.708506e-03]
E=[ ...        
   1.484699e-01  -7.926520e-02  -9.271969e-02;
  -7.926520e-02  -1.303369e-01   9.034301e-02;
  -9.271969e-02   9.034301e-02  -5.421577e-02]
e=[ ...        
   8.165873e-02  -5.421054e-02  -8.935622e-02;
  -5.421054e-02  -2.564463e-01   1.155307e-01;
  -8.935622e-02   1.155307e-01  -5.487831e-02]
intgraF=[ ...  
   1.064429e+00   1.122915e-01  -1.490094e-01;
  -1.786033e-02   9.808851e-01   1.204186e-01;
  -6.033001e-02  -2.361863e-01   9.776904e-01]
F=[ ...        
   1.121482e+00  -4.954187e-02  -1.357914e-02;
  -7.548966e-02   8.296536e-01  -3.360259e-02;
  -1.830855e-01   2.203333e-01   9.435332e-01]
R=[ ...        
   9.969461e-01   2.184630e-02   7.497530e-02;
  -1.115282e-02   9.900624e-01  -1.401855e-01;
  -7.729276e-02   1.389212e-01   9.872825e-01]
U=[ ...        
   1.133050e+00  -7.567371e-02  -8.609119e-02;
  -7.567371e-02   8.509355e-01   9.751142e-02;
  -8.609119e-02   9.751142e-02   9.352263e-01]
l=[ ...        
  -3.519748e-02  -3.048252e-02   1.073293e-02;
  -2.235700e-02   8.754618e-03   4.863583e-02;
   3.482035e-03  -7.046803e-03   2.096227e-02]
d=[ ...        
  -3.519748e-02  -2.641976e-02   7.107482e-03;
  -2.641976e-02   8.754618e-03   2.079451e-02;
   7.107482e-03   2.079451e-02   2.096227e-02]
     iteration=        2699999       process=              6       (i,j,k)=              1              1              0       (x,y,z)=   1.493252e-02   1.493253e-02   4.837829e-03     particles=             60
fabric=[ ...   
   2.818826e-01   1.540564e-02  -1.167248e-02;
   1.540564e-02   3.582411e-01   4.819905e-02;
  -1.167248e-02   4.819905e-02   3.455906e-01]
sigma=[ ...    
  -5.519453e+00   8.304435e-01  -9.102755e-01;
   1.106319e+00  -6.091667e+00  -1.190560e+00;
  -6.090994e-01  -9.692185e-01  -4.438517e+00]
sigmaDot=[ ... 
  -6.663607e+04  -2.971620e+04  -1.697710e+05;
  -3.761228e+04  -4.619283e+04  -9.514554e+04;
  -5.970961e+04   3.528225e+04  -4.131864e+04]
intgraE=[ ...  
  -5.316322e-02   6.980981e-02  -3.624776e-02;
   6.980981e-02  -8.338313e-02  -5.562566e-03;
  -3.624776e-02  -5.562566e-03  -1.254482e-02]
E=[ ...        
   1.574267e-01   2.405107e-02  -1.022001e-01;
   2.405107e-02  -1.519187e-01  -3.197938e-02;
  -1.022001e-01  -3.197938e-02  -1.070335e-01]
e=[ ...        
   9.132523e-02   9.469031e-03  -1.152789e-01;
   9.469031e-03  -2.370309e-01  -4.784966e-02;
  -1.152789e-01  -4.784966e-02  -1.425481e-01]
intgraF=[ ...  
   9.412793e-01   7.069356e-02  -3.964355e-02;
   7.637167e-02   9.054440e-01   9.029633e-02;
  -4.282808e-02  -9.169110e-02   9.824385e-01]
F=[ ...        
   1.134492e+00  -2.506532e-03  -5.553467e-02;
   3.351393e-02   8.219606e-01   7.571403e-02;
  -1.632754e-01  -1.433079e-01   8.815420e-01]
R=[ ...        
   9.983627e-01  -2.782571e-02   4.997629e-02;
   2.117366e-02   9.914161e-01   1.290184e-01;
  -5.313733e-02  -1.277490e-01   9.903821e-01]
U=[ ...        
   1.142020e+00   2.251648e-02  -1.006834e-01;
   2.251648e-02   8.332822e-01  -3.600673e-02;
  -1.006834e-01  -3.600673e-02   8.800565e-01]
l=[ ...        
  -1.558489e-02   1.022239e-02   2.646596e-02;
   2.031105e-02   1.132853e-02   1.116171e-02;
  -3.271686e-02   1.253659e-02  -1.430890e-02]
d=[ ...        
  -1.558489e-02   1.526672e-02  -3.125450e-03;
   1.526672e-02   1.132853e-02   1.184915e-02;
  -3.125450e-03   1.184915e-02  -1.430890e-02]
     iteration=        2699999       process=              7       (i,j,k)=              1              1              1       (x,y,z)=   1.493252e-02   1.493253e-02   1.424367e-02     particles=             50
fabric=[ ...   
   3.557408e-01   1.820325e-02  -2.838673e-03;
   1.820325e-02   2.868060e-01  -2.320485e-02;
  -2.838673e-03  -2.320485e-02   3.182375e-01]
sigma=[ ...    
  -2.348115e+00  -9.723417e-01   4.426299e-01;
  -6.922299e-01  -1.955843e+00   1.348291e-01;
   2.972511e-01   5.487200e-01  -5.777719e-01]
sigmaDot=[ ... 
   1.723050e+03   3.263054e+04   1.208873e+04;
   1.236402e+04   5.423814e+03  -3.514395e+03;
   7.134164e+03   2.521069e+03  -3.343061e+03]
intgraE=[ ...  
   3.801670e-02  -4.783051e-02  -1.624319e-02;
  -4.783051e-02   1.633407e-01  -1.252046e-01;
  -1.624319e-02  -1.252046e-01  -5.125451e-02]
E=[ ...        
   8.740101e-01  -4.393001e-01   1.571814e+00;
  -4.393001e-01   4.520025e-01  -1.843539e+00;
   1.571814e+00  -1.843539e+00   3.521901e+00]
e=[ ...        
  -6.605668e+01   2.415655e+01   5.985883e+01;
   2.415655e+01  -8.581792e+00  -2.191826e+01;
   5.985883e+01  -2.191826e+01  -5.353738e+01]
intgraF=[ ...  
   1.021456e+00   1.079703e-01  -8.692555e-02;
  -1.773611e-01   1.142956e+00  -1.347877e-01;
   3.469925e-02  -9.314443e-02   9.336847e-01]
F=[ ...        
   1.139847e+00  -2.762530e-01   1.249398e+00;
   3.537328e-01   1.074567e+00  -1.594692e+00;
   1.150496e+00  -8.203623e-01   1.984884e+00]
R=[ ...        
   4.041498e-01   6.266703e-01   6.662937e-01;
   6.314828e-01   3.358278e-01  -6.988914e-01;
   6.617344e-01  -7.032098e-01   2.600068e-01]
U=[ ...        
   1.445368e+00   2.406124e-02   8.113890e-01;
   2.406124e-02   7.646369e-01  -1.148371e+00;
   8.113890e-01  -1.148371e+00   2.463066e+00]
l=[ ...        
  -3.559638e-02  -3.937951e-02   2.074902e-02;
  -2.034421e-02  -4.842183e-02  -1.701170e-02;
   4.100485e-02   3.528453e-02  -1.414604e-02]
d=[ ...        
  -3.559638e-02  -2.986186e-02   3.087693e-02;
  -2.986186e-02  -4.842183e-02   9.136415e-03;
   3.087693e-02   9.136415e-03  -1.414604e-02]
