     iteration=        5099999       process=              0       (i,j,k)=              0              0              0       (x,y,z)=   5.126541e-03   5.125172e-03   4.894861e-03     particles=             68
fabric=[ ...   
   3.747656e-01  -1.791380e-02  -4.695413e-02;
  -1.791380e-02   3.154724e-01   1.475636e-02;
  -4.695413e-02   1.475636e-02   3.012149e-01]
sigma=[ ...    
  -2.171279e+03   2.188342e+02   5.770780e+02;
   2.176041e+02  -2.624334e+03  -3.861526e+02;
   5.750040e+02  -3.885385e+02  -1.125613e+03]
sigmaDot=[ ... 
   8.162209e+05  -1.210206e+05  -1.364254e+05;
  -1.375239e+06   6.993201e+05  -4.719290e+04;
   1.620190e+05  -2.968835e+06  -1.434562e+05]
intgraE=[ ...  
   1.141193e-02  -1.197533e-02   2.694255e-02;
  -1.197533e-02  -1.392044e-02  -5.762861e-04;
   2.694255e-02  -5.762861e-04   3.487079e-02]
E=[ ...        
   3.284042e-02   1.523361e-02   1.333314e-02;
   1.523361e-02  -1.346942e-02   2.225930e-03;
   1.333314e-02   2.225930e-03   2.246524e-02]
e=[ ...        
   3.034759e-02   1.458543e-02   1.189143e-02;
   1.458543e-02  -1.435471e-02   1.570053e-03;
   1.189143e-02   1.570053e-03   2.098341e-02]
intgraF=[ ...  
   1.011128e+00  -1.945407e-02   3.220146e-02;
  -4.241656e-03   9.857777e-01   4.483518e-03;
   2.064704e-02  -4.784300e-03   1.033772e+00]
F=[ ...        
   1.032219e+00   1.630540e-02   2.212232e-02;
   1.380767e-02   9.862921e-01  -8.353404e-04;
   3.760102e-03   4.809333e-03   1.021979e+00]
R=[ ...        
   9.999591e-01   1.222994e-03   8.956602e-03;
  -1.197284e-03   9.999951e-01  -2.875370e-03;
  -8.960076e-03   2.864529e-03   9.999558e-01]
U=[ ...        
   1.032127e+00   1.508077e-02   1.296541e-02;
   1.508077e-02   9.863211e-01   2.119207e-03;
   1.296541e-02   2.119207e-03   1.022134e+00]
l=[ ...        
  -2.541176e-03   7.558183e-03   1.358354e-03;
  -1.238240e-02   3.026680e-03   2.043885e-02;
  -1.456463e-02   1.590696e-04   2.538813e-02]
d=[ ...        
  -2.541176e-03  -2.412108e-03  -6.603136e-03;
  -2.412108e-03   3.026680e-03   1.029896e-02;
  -6.603136e-03   1.029896e-02   2.538813e-02]
     iteration=        5099999       process=              1       (i,j,k)=              0              0              1       (x,y,z)=   5.126541e-03   5.125172e-03   1.418269e-02     particles=             58
fabric=[ ...   
   2.567576e-01  -1.567095e-02  -4.825660e-02;
  -1.567095e-02   3.466310e-01   1.607029e-03;
  -4.825660e-02   1.607029e-03   3.966114e-01]
sigma=[ ...    
  -3.294108e+02   7.737923e+01   1.336223e+02;
   8.205758e+01  -5.419550e+02  -6.303155e+01;
   1.341063e+02  -6.180220e+01  -6.556013e+02]
sigmaDot=[ ... 
   8.765574e+04   2.061471e+05   2.562163e+04;
   4.215510e+04  -2.025391e+05   1.375071e+04;
   1.016982e+05  -5.483665e+04  -3.145694e+05]
intgraE=[ ...  
  -9.799857e-02   1.327334e-02  -2.786259e-01;
   1.327334e-02   5.445006e-02  -1.934876e-02;
  -2.786259e-01  -1.934876e-02   5.811782e-01]
E=[ ...        
   9.742619e+00   4.376962e+00  -5.204148e+00;
   4.376962e+00   2.282156e+00  -2.705736e+00;
  -5.204148e+00  -2.705736e+00   2.472731e+00]
e=[ ...        
   2.178141e-01  -6.165665e-01   6.955082e-01;
  -6.165665e-01  -2.140353e+00   2.084320e+00;
   6.955082e-01   2.084320e+00  -1.522820e+00]
intgraF=[ ...  
   8.953134e-01   3.520658e-02  -6.933509e-01;
  -6.665475e-03   1.051625e+00  -6.505039e-02;
   4.870592e-02   4.178819e-02   1.295141e+00]
F=[ ...        
   4.107469e+00   1.248962e+00  -1.892193e+00;
   3.696996e-01   9.678724e-01  -9.219041e-01;
   1.864741e+00   1.751465e+00  -1.230918e+00]
R=[ ...        
   9.022102e-01  -1.622317e-01  -3.996220e-01;
  -3.564705e-01   2.410939e-01  -9.026641e-01;
   2.427871e-01   9.568462e-01   1.596865e-01]
U=[ ...        
   4.026748e+00   1.207041e+00  -1.677375e+00;
   1.207041e+00   1.706610e+00  -1.093091e+00;
  -1.677375e+00  -1.093091e+00   1.391771e+00]
l=[ ...        
   4.301776e-02  -1.263863e-02  -7.310645e-02;
   1.126399e-02  -4.163367e-02  -2.980566e-02;
   4.940949e-02  -9.990025e-02  -9.091435e-02]
d=[ ...        
   4.301776e-02  -6.873176e-04  -1.184848e-02;
  -6.873176e-04  -4.163367e-02  -6.485295e-02;
  -1.184848e-02  -6.485295e-02  -9.091435e-02]
     iteration=        5099999       process=              2       (i,j,k)=              0              1              0       (x,y,z)=   5.126541e-03   1.487178e-02   4.894861e-03     particles=             73
fabric=[ ...   
   2.749742e-01  -4.364398e-03  -3.554121e-02;
  -4.364398e-03   3.633352e-01  -3.115524e-03;
  -3.554121e-02  -3.115524e-03   3.448839e-01]
sigma=[ ...    
  -1.548270e+03  -5.457773e+01   2.593402e+01;
  -5.934017e+01  -2.235457e+03  -9.131745e+01;
   2.743339e+01  -1.007682e+02  -1.495874e+03]
sigmaDot=[ ... 
   5.665317e+05  -2.385238e+05   4.790397e+05;
  -3.531031e+04   2.897945e+05  -5.073076e+04;
   2.342838e+05  -4.308769e+05   7.225749e+04]
intgraE=[ ...  
   2.060395e-02   1.199181e-02   1.309645e-02;
   1.199181e-02  -4.742811e-02  -7.414126e-03;
   1.309645e-02  -7.414126e-03   3.161033e-03]
E=[ ...        
   1.577194e-02   5.722936e-03   1.865112e-02;
   5.722936e-03   1.194492e-02   3.909393e-02;
   1.865112e-02   3.909393e-02   2.255269e-02]
e=[ ...        
   1.430893e-02   3.322429e-03   1.735149e-02;
   3.322429e-03   7.311290e-03   3.627203e-02;
   1.735149e-02   3.627203e-02   2.006750e-02]
intgraF=[ ...  
   1.020010e+00   1.032653e-02   2.040320e-03;
   1.433845e-02   9.513019e-01  -7.321971e-03;
   2.414124e-02  -7.859337e-03   1.003127e+00]
F=[ ...        
   1.015211e+00   1.347834e-02   7.044452e-03;
  -3.931302e-03   1.010085e+00   1.798724e-02;
   2.956728e-02   5.862735e-02   1.022121e+00]
R=[ ...        
   9.999004e-01   8.513930e-03  -1.125311e-02;
  -8.736061e-03   9.997650e-01  -1.984000e-02;
   1.108155e-02   1.993634e-02   9.997398e-01]
U=[ ...        
   1.015472e+00   5.302523e-03   1.821330e-02;
   5.302523e-03   1.011131e+00   3.842034e-02;
   1.821330e-02   3.842034e-02   1.021419e+00]
l=[ ...        
  -2.059862e-03  -3.631853e-02   3.313867e-02;
   8.377973e-03  -1.641986e-02   2.977175e-03;
   7.466639e-03  -2.404479e-02   2.042667e-02]
d=[ ...        
  -2.059862e-03  -1.397028e-02   2.030265e-02;
  -1.397028e-02  -1.641986e-02  -1.053381e-02;
   2.030265e-02  -1.053381e-02   2.042667e-02]
     iteration=        5099999       process=              3       (i,j,k)=              0              1              1       (x,y,z)=   5.126541e-03   1.487178e-02   1.418269e-02     particles=             46
fabric=[ ...   
   2.999271e-01   3.058368e-02  -2.312297e-02;
   3.058368e-02   3.036312e-01   4.329293e-02;
  -2.312297e-02   4.329293e-02   3.964417e-01]
sigma=[ ...    
  -9.882249e+02  -1.446537e+02   8.666111e+01;
  -1.501706e+02  -9.626213e+02  -2.774897e+02;
   8.744459e+01  -2.707263e+02  -2.459227e+03]
sigmaDot=[ ... 
   1.007109e+05  -5.575692e+05  -1.042143e+06;
  -9.558119e+05  -5.723658e+05  -3.266429e+04;
   8.941493e+04   3.017364e+05  -5.580367e+05]
intgraE=[ ...  
   5.812891e-03   8.579982e-02  -8.837691e-02;
   8.579982e-02  -2.798628e-02  -3.400290e-02;
  -8.837691e-02  -3.400290e-02   1.557649e-01]
E=[ ...        
   5.256962e-02   1.013630e-01   1.239581e-01;
   1.013630e-01  -1.839227e-02   4.228781e-02;
   1.239581e-01   4.228781e-02   2.750224e-01]
e=[ ...        
  -1.686991e-02   9.213043e-02   2.924461e-02;
   9.213043e-02  -3.187784e-02   4.175145e-02;
   2.924461e-02   4.175145e-02   1.869514e-01]
intgraF=[ ...  
   1.001743e+00   8.472165e-02  -1.597334e-01;
   8.936631e-02   9.676919e-01  -3.222610e-02;
  -1.222863e-02  -2.054396e-02   1.133568e+00]
F=[ ...        
   9.874210e-01   5.298222e-02  -1.703131e-01;
   1.435372e-01   9.795561e-01   5.828479e-02;
   3.309623e-01   2.963326e-02   1.231926e+00]
R=[ ...        
   9.746566e-01  -3.676810e-02  -2.206641e-01;
   4.142699e-02   9.990049e-01   1.652093e-02;
   2.198371e-01  -2.524368e-02   9.752099e-01]
U=[ ...        
   1.041101e+00   9.873402e-02   1.072407e-01;
   9.873402e-02   9.758853e-01   3.339055e-02;
   1.072407e-01   3.339055e-02   1.239931e+00]
l=[ ...        
   2.858024e-03   9.893899e-03   5.991863e-03;
   5.715813e-03  -7.451737e-03   1.197630e-02;
   1.704373e-02   1.400721e-02  -3.346566e-02]
d=[ ...        
   2.858024e-03   7.804856e-03   1.151780e-02;
   7.804856e-03  -7.451737e-03   1.299176e-02;
   1.151780e-02   1.299176e-02  -3.346566e-02]
     iteration=        5099999       process=              4       (i,j,k)=              1              0              0       (x,y,z)=   1.487224e-02   5.125172e-03   4.894861e-03     particles=             66
fabric=[ ...   
   4.056626e-01  -1.058629e-02  -5.237517e-03;
  -1.058629e-02   3.606337e-01  -1.494991e-03;
  -5.237517e-03  -1.494991e-03   2.337038e-01]
sigma=[ ...    
  -3.349123e+03  -1.264208e+01  -9.174426e+01;
  -1.745215e+01  -2.396810e+03   2.001511e+02;
  -1.055851e+02   2.098787e+02  -1.184771e+03]
sigmaDot=[ ... 
  -3.922413e+05  -2.400706e+05   1.152038e+07;
   4.827068e+05   4.317368e+05   6.685370e+05;
   1.653349e+04   2.745133e+06   5.555880e+05]
intgraE=[ ...  
  -2.082060e-02   3.770388e-02  -2.355075e-02;
   3.770388e-02   7.192313e-03  -7.828344e-03;
  -2.355075e-02  -7.828344e-03   6.737876e-02]
E=[ ...        
  -5.157803e-02   2.546910e-03   9.164109e-03;
   2.546910e-03   2.967732e-02   1.801322e-02;
   9.164109e-03   1.801322e-02  -1.839339e-01]
e=[ ...        
  -5.704719e-02  -9.663463e-04   5.014013e-03;
  -9.663463e-04   2.378239e-02   4.266095e-02;
   5.014013e-03   4.266095e-02  -2.904678e-01]
intgraF=[ ...  
   9.768157e-01   3.496848e-02   7.075710e-03;
   4.034756e-02   1.006480e+00  -2.398220e-03;
  -5.061510e-02  -1.266434e-02   1.065224e+00]
F=[ ...        
   9.454220e-01  -4.511559e-02   4.224600e-02;
   4.833095e-02   1.025870e+00  -1.723732e-02;
  -2.617801e-02   7.006633e-02   7.937572e-01]
R=[ ...        
   9.980458e-01  -4.702935e-02   4.114452e-02;
   4.895486e-02   9.976891e-01  -4.711482e-02;
  -3.883366e-02   4.903697e-02   9.980417e-01]
U=[ ...        
   9.469571e-01   2.472986e-03   1.049509e-02;
   2.472986e-03   1.029057e+00   1.973916e-02;
   1.049509e-02   1.973916e-02   7.947531e-01]
l=[ ...        
  -8.294996e-03  -1.164909e-02   7.117586e-03;
  -3.273114e-02  -2.791820e-02   1.516421e-02;
  -2.369848e-02  -1.317688e-02   3.054653e-03]
d=[ ...        
  -8.294996e-03  -2.219012e-02  -8.290449e-03;
  -2.219012e-02  -2.791820e-02   9.936649e-04;
  -8.290449e-03   9.936649e-04   3.054653e-03]
     iteration=        5099999       process=              5       (i,j,k)=              1              0              1       (x,y,z)=   1.487224e-02   5.125172e-03   1.418269e-02     particles=             41
fabric=[ ...   
   4.118066e-01   1.669129e-02   3.318018e-02;
   1.669129e-02   3.035021e-01   1.877663e-02;
   3.318018e-02   1.877663e-02   2.846912e-01]
sigma=[ ...    
  -1.785796e+02  -1.384987e+01  -4.111650e+01;
  -1.188020e+01  -1.047279e+02   6.479107e+00;
  -4.096518e+01   8.024402e+00  -1.182376e+02]
sigmaDot=[ ... 
   1.020596e+05  -1.179625e+04   8.293441e+05;
   6.840003e+05  -4.391184e+04  -9.172008e+04;
   7.056305e+04  -2.041410e+05  -8.390399e+02]
intgraE=[ ...  
   3.405196e-02   1.785483e-02  -1.028649e-01;
   1.785483e-02   1.726582e-02  -4.354510e-02;
  -1.028649e-01  -4.354510e-02  -1.553789e-03]
E=[ ...        
   5.186025e-01  -3.639277e-01  -7.289941e-01;
  -3.639277e-01   2.944061e-01   3.120968e-01;
  -7.289941e-01   3.120968e-01   4.089196e-01]
e=[ ...        
  -1.393410e-01  -2.243417e-01  -4.144087e-01;
  -2.243417e-01   6.547943e-02  -4.645414e-02;
  -4.144087e-01  -4.645414e-02  -6.102107e-02]
intgraF=[ ...  
   1.030789e+00   5.334631e-02  -1.318999e-01;
  -3.292929e-02   9.955456e-01   1.183978e-01;
  -6.703757e-02  -2.014318e-01   9.825868e-01]
F=[ ...        
   1.257332e+00  -4.350299e-01  -4.845676e-01;
  -1.568233e-01   1.183009e+00   3.566517e-01;
  -6.570597e-01  -7.069602e-03   1.206579e+00]
R=[ ...        
   9.810606e-01  -1.735162e-01   8.609434e-02;
   1.527963e-01   9.664207e-01   2.066019e-01;
  -1.190521e-01  -1.895341e-01   9.746299e-01]
U=[ ...        
   1.287781e+00  -2.451896e-01  -5.645409e-01;
  -2.451896e-01   1.220109e+00   2.000681e-01;
  -5.645409e-01   2.000681e-01   1.207934e+00]
l=[ ...        
  -2.925576e-02  -4.960138e-03   2.451115e-02;
   4.358193e-02   2.329030e-02   8.628230e-02;
   4.183964e-02   6.572382e-02  -5.433009e-03]
d=[ ...        
  -2.925576e-02   1.931090e-02   3.317540e-02;
   1.931090e-02   2.329030e-02   7.600306e-02;
   3.317540e-02   7.600306e-02  -5.433009e-03]
     iteration=        5099999       process=              6       (i,j,k)=              1              1              0       (x,y,z)=   1.487224e-02   1.487178e-02   4.894861e-03     particles=             59
fabric=[ ...   
   3.622454e-01  -1.059466e-02  -1.206203e-02;
  -1.059466e-02   3.848686e-01   2.423683e-02;
  -1.206203e-02   2.423683e-02   2.528860e-01]
sigma=[ ...    
  -8.945798e+02   4.314372e+02   1.227947e+02;
   4.273237e+02  -9.500161e+02  -1.526345e+02;
   1.186462e+02  -1.557932e+02  -3.972029e+02]
sigmaDot=[ ... 
  -9.306471e+05  -1.096977e+06  -2.747133e+06;
   2.609516e+06  -6.357474e+05   9.749339e+05;
   9.756300e+05  -4.666457e+06  -2.572721e+04]
intgraE=[ ...  
  -7.982120e-02   6.397248e-02  -4.623112e-02;
   6.397248e-02  -9.374332e-02  -1.074445e-03;
  -4.623112e-02  -1.074445e-03  -2.099084e-02]
E=[ ...        
  -5.745033e-02   2.053575e-02   5.319350e-02;
   2.053575e-02  -1.386239e-01   2.729215e-02;
   5.319350e-02   2.729215e-02  -2.201846e-02]
e=[ ...        
  -8.863249e-02   2.190129e-02   5.330254e-02;
   2.190129e-02  -1.802977e-01   6.646284e-02;
   5.330254e-02   6.646284e-02  -3.296101e-02]
intgraF=[ ...  
   9.109317e-01   6.519634e-02  -2.747370e-02;
   6.930300e-02   8.948983e-01   9.334642e-02;
  -7.588261e-02  -8.613843e-02   9.739353e-01]
F=[ ...        
   9.169475e-01   9.674664e-02  -9.393035e-02;
  -2.623853e-02   8.356028e-01   2.160251e-01;
   2.088498e-01  -1.231272e-01   9.489327e-01]
R=[ ...        
   9.835032e-01   9.368381e-02  -1.547412e-01;
  -6.244995e-02   9.786926e-01   1.956035e-01;
   1.697690e-01  -1.827131e-01   9.683979e-01]
U=[ ...        
   9.389155e-01   2.206408e-02   5.522777e-02;
   2.206408e-02   8.493589e-01   2.924001e-02;
   5.522777e-02   2.924001e-02   9.757346e-01]
l=[ ...        
  -5.179719e-02   1.844423e-02   1.637262e-04;
  -5.671830e-02   8.536527e-03   1.788956e-03;
  -4.524318e-02  -2.227669e-02  -1.734002e-02]
d=[ ...        
  -5.179719e-02  -1.913703e-02  -2.253972e-02;
  -1.913703e-02   8.536527e-03  -1.024386e-02;
  -2.253972e-02  -1.024386e-02  -1.734002e-02]
     iteration=        5099999       process=              7       (i,j,k)=              1              1              1       (x,y,z)=   1.487224e-02   1.487178e-02   1.418269e-02     particles=             54
fabric=[ ...   
   3.974205e-01   6.814828e-02   3.175049e-02;
   6.814828e-02   2.747599e-01   2.299632e-02;
   3.175049e-02   2.299632e-02   3.278195e-01]
sigma=[ ...    
  -3.261851e+02   7.491148e+00  -7.589422e+01;
   1.671058e+01  -9.747906e+01   9.741590e+00;
  -8.492780e+01   1.957332e+00  -1.757101e+02]
sigmaDot=[ ... 
   1.552111e+05   5.554008e+05   3.656967e+05;
  -8.553255e+04   4.363074e+04   5.377439e+04;
   1.718778e+05   2.329848e+05  -2.227331e+05]
intgraE=[ ...  
   1.915368e-02  -5.261549e-02   2.185467e-04;
  -5.261549e-02   9.780171e-02  -9.581364e-02;
   2.185467e-04  -9.581364e-02  -6.429735e-02]
E=[ ...        
  -1.392560e-01   5.708304e-02   1.891366e-01;
   5.708304e-02  -2.562033e-01   4.840800e-02;
   1.891366e-01   4.840800e-02   4.446795e-02]
e=[ ...        
  -1.118586e-01   1.110828e-01   3.025337e-01;
   1.110828e-01  -6.169086e-01  -2.039828e-02;
   3.025337e-01  -2.039828e-02  -2.701129e-01]
intgraF=[ ...  
   1.000215e+00   1.061538e-01  -4.379369e-02;
  -1.925949e-01   1.084481e+00  -9.478787e-02;
   2.801166e-02  -9.075009e-02   9.276328e-01]
F=[ ...        
   8.419350e-01   1.968188e-01   5.353001e-01;
  -8.372040e-02   6.674654e-01   6.462725e-02;
  -7.499648e-02  -5.784190e-02   8.934277e-01]
R=[ ...        
   9.284455e-01   1.686282e-01   3.309885e-01;
  -1.978282e-01   9.786158e-01   5.634788e-02;
  -3.144088e-01  -1.177948e-01   9.419509e-01]
U=[ ...        
   8.218326e-01   6.887804e-02   2.033104e-01;
   6.887804e-02   6.931949e-01   4.827079e-02;
   2.033104e-01   4.827079e-02   1.022385e+00]
l=[ ...        
  -9.069191e-02   7.504883e-02  -4.484623e-02;
  -3.278775e-03   5.609447e-02   1.271953e-01;
  -1.447987e-03  -1.807339e-01   5.384223e-02]
d=[ ...        
  -9.069191e-02   3.588503e-02  -2.314711e-02;
   3.588503e-02   5.609447e-02  -2.676931e-02;
  -2.314711e-02  -2.676931e-02   5.384223e-02]
