     iteration=        2399999       process=              0       (i,j,k)=              0              0              0       (x,y,z)=   5.059936e-03   5.059938e-03   4.830329e-03     particles=             72
fabric=[ ...   
   3.037762e-01  -8.914664e-04  -2.653056e-02;
  -8.914664e-04   3.299176e-01   1.059920e-03;
  -2.653056e-02   1.059920e-03   2.958836e-01]
sigma=[ ...    
  -2.398167e+00  -2.025148e-01   6.032956e-01;
   2.562275e-01  -4.876185e+00   6.777160e-01;
   4.635125e-01   9.187463e-01  -3.498100e+00]
sigmaDot=[ ... 
  -2.210138e+03   2.692052e+04   4.272646e+04;
  -4.545943e+03  -1.296910e+04   5.941606e+04;
   3.593713e+04   2.009448e+04  -4.970181e+03]
intgraE=[ ...  
   1.580098e-02  -1.263655e-02   1.189821e-02;
  -1.263655e-02   2.138524e-03  -1.455575e-02;
   1.189821e-02  -1.455575e-02   1.496685e-02]
E=[ ...        
   1.041962e-02   1.087218e-02  -9.212094e-02;
   1.087218e-02  -5.017818e-03  -1.587289e-02;
  -9.212094e-02  -1.587289e-02  -1.309540e-01]
e=[ ...        
   3.762376e-03   8.098862e-03  -1.124756e-01;
   8.098862e-03  -5.892849e-03  -2.173562e-02;
  -1.124756e-01  -2.173562e-02  -2.269068e-01]
intgraF=[ ...  
   1.015675e+00  -2.733699e-02   2.449640e-02;
   2.458221e-03   1.001348e+00   8.048026e-04;
  -1.070350e-03  -2.882798e-02   1.014560e+00]
F=[ ...        
   1.009759e+00   4.594542e-04  -1.586116e-01;
   2.080146e-02   9.947505e-01  -1.412504e-02;
  -2.817769e-02  -2.087331e-02   8.442363e-01]
R=[ ...        
   9.974655e-01  -1.078873e-02  -7.032910e-02;
   1.111406e-02   9.999293e-01   4.236088e-03;
   7.027843e-02  -5.006993e-03   9.975148e-01]
U=[ ...        
   1.005450e+00   1.004706e-02  -9.903497e-02;
   1.004706e-02   9.947796e-01  -1.663990e-02;
  -9.903497e-02  -1.663990e-02   8.532334e-01]
l=[ ...        
  -4.553074e-03   1.015994e-02   2.809015e-03;
  -1.092131e-02  -1.066222e-02   5.926766e-03;
   3.833644e-02   1.741610e-02   2.636061e-02]
d=[ ...        
  -4.553074e-03  -3.806835e-04   2.057273e-02;
  -3.806835e-04  -1.066222e-02   1.167143e-02;
   2.057273e-02   1.167143e-02   2.636061e-02]
     iteration=        2399999       process=              1       (i,j,k)=              0              0              1       (x,y,z)=   5.059936e-03   5.059938e-03   1.425117e-02     particles=             56
fabric=[ ...   
   2.408565e-01  -4.586400e-02  -4.780513e-03;
  -4.586400e-02   3.095160e-01   2.899373e-02;
  -4.780513e-03   2.899373e-02   4.183775e-01]
sigma=[ ...    
  -2.618873e+00  -1.496592e-01  -8.225526e-01;
   5.637992e-02  -6.821819e-01   1.596850e-02;
  -8.942567e-01  -5.373925e-02  -1.354713e+00]
sigmaDot=[ ... 
   4.227332e+04  -2.766281e+05   8.756585e+04;
   5.100029e+05   9.867822e+04   8.480463e+03;
   1.724945e+02   1.319898e+04   2.294257e+04]
intgraE=[ ...  
  -1.157463e-01   2.731265e-03  -2.310482e-01;
   2.731265e-03   6.565293e-02  -2.306968e-02;
  -2.310482e-01  -2.306968e-02   6.412307e-01]
E=[ ...        
  -1.020135e-01   2.898806e-02  -9.097533e-02;
   2.898806e-02  -8.266346e-02  -1.261950e-01;
  -9.097533e-02  -1.261950e-01   1.264515e-01]
e=[ ...        
  -1.276875e-01   4.071894e-02  -1.085229e-01;
   4.071894e-02  -1.167790e-01  -1.366767e-01;
  -1.085229e-01  -1.366767e-01   1.821524e-02]
intgraF=[ ...  
   8.755918e-01   2.863946e-02  -5.899626e-01;
  -1.970037e-02   1.062680e+00  -7.274125e-02;
   3.818562e-02   3.460049e-02   1.388926e+00]
F=[ ...        
   8.915305e-01   3.385828e-02  -2.126413e-01;
   3.115960e-02   9.117759e-01  -2.135684e-01;
   1.324705e-02  -4.681260e-02   1.077996e+00]
R=[ ...        
   9.936521e-01  -6.708273e-03  -1.122969e-01;
  -2.445846e-03   9.966963e-01  -8.118152e-02;
   1.124705e-01   8.094085e-02   9.903530e-01]
U=[ ...        
   8.872848e-01   2.614825e-02  -8.952642e-02;
   2.614825e-02   9.047475e-01  -1.241825e-01;
  -8.952642e-02  -1.241825e-01   1.108813e+00]
l=[ ...        
   1.180420e-01   5.166362e-02  -1.120123e-01;
   2.985517e-02  -1.293010e-02   5.143530e-02;
   9.462472e-02   1.109624e-02  -6.703243e-02]
d=[ ...        
   1.180420e-01   4.075940e-02  -8.693786e-03;
   4.075940e-02  -1.293010e-02   3.126577e-02;
  -8.693786e-03   3.126577e-02  -6.703243e-02]
     iteration=        2399999       process=              2       (i,j,k)=              0              1              0       (x,y,z)=   5.059936e-03   1.494003e-02   4.830329e-03     particles=             73
fabric=[ ...   
   3.135692e-01   3.410209e-02  -1.267434e-02;
   3.410209e-02   3.280242e-01   1.126008e-02;
  -1.267434e-02   1.126008e-02   3.425336e-01]
sigma=[ ...    
  -6.177119e+00  -1.090209e+00   1.723019e+00;
  -1.362042e+00  -4.913358e+00  -1.425308e+00;
   1.592877e+00  -1.255281e+00  -7.248667e+00]
sigmaDot=[ ... 
  -1.581668e+04  -4.246056e+04   2.675770e+04;
  -5.842686e+04  -6.688997e+03  -2.118943e+04;
   4.264080e+04  -3.133517e+04   5.540909e+03]
intgraE=[ ...  
   1.262042e-02   1.634616e-02   2.722756e-03;
   1.634616e-02  -2.667538e-02  -1.094549e-04;
   2.722756e-03  -1.094549e-04  -8.967601e-03]
E=[ ...        
   1.059335e-02   1.558316e-02   7.566403e-03;
   1.558316e-02   1.780854e-02   2.639063e-02;
   7.566403e-03   2.639063e-02  -2.760016e-04]
e=[ ...        
   9.127153e-03   1.384271e-02   6.524125e-03;
   1.384271e-02   1.538631e-02   2.589507e-02;
   6.524125e-03   2.589507e-02  -9.259056e-04]
intgraF=[ ...  
   1.012338e+00   2.233631e-02  -1.174133e-02;
   1.021771e-02   9.726690e-01  -8.184622e-03;
   1.757547e-02   8.077878e-03   9.908885e-01]
F=[ ...        
   1.009731e+00  -3.543957e-03  -8.068399e-03;
   3.331479e-02   1.016938e+00   1.456030e-02;
   2.280410e-02   3.796148e-02   9.995854e-01]
R=[ ...        
   9.997244e-01  -1.811468e-02  -1.493403e-02;
   1.794088e-02   9.997707e-01  -1.169116e-02;
   1.514239e-02   1.142001e-02   9.998201e-01]
U=[ ...        
   1.010396e+00   1.527661e-02   7.331158e-03;
   1.527661e-02   1.017203e+00   2.611839e-02;
   7.331158e-03   2.611839e-02   9.993558e-01]
l=[ ...        
  -2.880073e-03   2.289395e-02   1.543932e-02;
   3.792741e-03  -2.077570e-02   8.298454e-03;
   2.884919e-02  -5.357243e-03   1.256949e-02]
d=[ ...        
  -2.880073e-03   1.334334e-02   2.214425e-02;
   1.334334e-02  -2.077570e-02   1.470606e-03;
   2.214425e-02   1.470606e-03   1.256949e-02]
     iteration=        2399999       process=              3       (i,j,k)=              0              1              1       (x,y,z)=   5.059936e-03   1.494003e-02   1.425117e-02     particles=             46
fabric=[ ...   
   3.829911e-01   1.007242e-01  -6.134382e-02;
   1.007242e-01   2.971689e-01  -5.888401e-02;
  -6.134382e-02  -5.888401e-02   2.875819e-01]
sigma=[ ...    
  -4.043604e+00  -2.826136e+00  -2.527894e-01;
  -2.624276e+00  -4.820450e+00  -8.557609e-01;
  -2.658204e-01  -3.374805e-01  -3.225904e-01]
sigmaDot=[ ... 
  -2.282397e+04  -5.951108e+04  -8.114039e+03;
  -6.655158e+04  -2.466876e+04   3.642643e+03;
  -7.708024e+03  -5.632361e+03  -7.574833e+03]
intgraE=[ ...  
  -3.073398e-02   6.693770e-02  -7.660187e-02;
   6.693770e-02  -2.681507e-03  -2.482058e-02;
  -7.660187e-02  -2.482058e-02   1.756917e-01]
E=[ ...        
   8.008804e-02   8.606739e-02   2.233520e-02;
   8.606739e-02  -9.182302e-03  -6.585124e-02;
   2.233520e-02  -6.585124e-02   7.716366e-02]
e=[ ...        
   5.212538e-02   8.826685e-02   2.264536e-02;
   8.826685e-02  -3.732270e-02  -5.070884e-02;
   2.264536e-02  -5.070884e-02   6.746242e-02]
intgraF=[ ...  
   9.666127e-01   7.503369e-02  -1.324673e-01;
   6.158495e-02   9.944751e-01  -3.398609e-02;
  -1.998077e-02  -5.113676e-03   1.154418e+00]
F=[ ...        
   1.061259e+00   1.117251e-01  -1.275129e-01;
   6.652168e-02   9.820688e-01  -4.524488e-02;
   1.716993e-01  -6.851151e-02   1.065843e+00]
R=[ ...        
   9.900546e-01   1.944581e-02  -1.393334e-01;
  -1.699525e-02   9.996796e-01   1.875611e-02;
   1.396535e-01  -1.620157e-02   9.900679e-01]
U=[ ...        
   1.073552e+00   8.435561e-02   2.337282e-02;
   8.435561e-02   9.850367e-01  -6.497830e-02;
   2.337282e-02  -6.497830e-02   1.072175e+00]
l=[ ...        
   4.246687e-02  -1.332367e-02  -8.679752e-03;
   2.256352e-02  -2.013784e-02   5.920052e-02;
   5.747209e-02  -4.361600e-02  -6.995603e-03]
d=[ ...        
   4.246687e-02   4.619925e-03   2.439617e-02;
   4.619925e-03  -2.013784e-02   7.792262e-03;
   2.439617e-02   7.792262e-03  -6.995603e-03]
     iteration=        2399999       process=              4       (i,j,k)=              1              0              0       (x,y,z)=   1.494002e-02   5.059938e-03   4.830329e-03     particles=             64
fabric=[ ...   
   3.603974e-01   6.930338e-02  -4.319684e-02;
   6.930338e-02   3.263982e-01   2.812392e-02;
  -4.319684e-02   2.812392e-02   2.382044e-01]
sigma=[ ...    
  -1.227993e+01  -5.879440e+00  -5.326500e+00;
  -5.295065e+00  -7.090500e+00  -3.285981e+00;
  -4.252080e+00  -2.430182e+00  -9.070205e+00]
sigmaDot=[ ... 
  -5.619755e+04   8.020914e+02   1.975821e+05;
   6.866172e+05  -4.236429e+02  -3.802717e+04;
  -5.881229e+03   2.718950e+05  -7.540233e+04]
intgraE=[ ...  
  -8.233941e-03   3.167378e-02  -7.947425e-03;
   3.167378e-02   3.757716e-02   1.000114e-02;
  -7.947425e-03   1.000114e-02   6.400953e-02]
E=[ ...        
   6.070832e-04   1.956711e-02   1.496984e-02;
   1.956711e-02   5.742633e-02   1.191133e-02;
   1.496984e-02   1.191133e-02  -3.397685e-02]
e=[ ...        
  -1.731063e-03   1.638272e-02   1.599586e-02;
   1.638272e-02   5.148634e-02   1.039253e-02;
   1.599586e-02   1.039253e-02  -3.685438e-02]
intgraF=[ ...  
   9.906196e-01   1.779374e-02   3.834728e-04;
   4.452508e-02   1.036356e+00  -9.777010e-03;
  -1.491417e-02   2.836803e-02   1.062037e+00]
F=[ ...        
   9.993521e-01   1.934632e-03  -5.229541e-03;
   3.529355e-02   1.055863e+00   2.422476e-02;
   3.555134e-02  -1.808337e-03   9.651073e-01]
R=[ ...        
   9.996557e-01  -1.588113e-02  -2.088535e-02;
   1.615025e-02   9.997879e-01   1.278079e-02;
   2.067795e-02  -1.311369e-02   9.997002e-01]
U=[ ...        
   1.000313e+00   1.894902e-02   1.511994e-02;
   1.894902e-02   1.055632e+00   1.164655e-02;
   1.511994e-02   1.164655e-02   9.652368e-01]
l=[ ...        
  -2.374136e-03  -1.418712e-02  -5.570970e-03;
  -2.057900e-03  -6.608797e-03  -8.176552e-03;
  -3.269498e-02   4.549705e-03   9.801358e-03]
d=[ ...        
  -2.374136e-03  -8.122509e-03  -1.913298e-02;
  -8.122509e-03  -6.608797e-03  -1.813423e-03;
  -1.913298e-02  -1.813423e-03   9.801358e-03]
     iteration=        2399999       process=              5       (i,j,k)=              1              0              1       (x,y,z)=   1.494002e-02   5.059938e-03   1.425117e-02     particles=             43
fabric=[ ...   
   2.757044e-01   4.578834e-02   4.330213e-02;
   4.578834e-02   3.018111e-01   3.546622e-02;
   4.330213e-02   3.546622e-02   2.796273e-01]
sigma=[ ...    
  -2.504884e+00  -1.467609e+00  -1.171031e-03;
  -9.932011e-01  -1.613637e+00   5.626511e-02;
   6.441676e-03   4.036054e-02  -3.027544e-02]
sigmaDot=[ ... 
  -1.339719e+04  -3.069067e+04   4.667713e+03;
  -4.213996e+03  -1.798506e+04  -5.681846e+03;
   6.706109e+02  -4.155951e+04  -7.401102e+02]
intgraE=[ ...  
   7.413156e-02   6.178499e-02  -1.110909e-01;
   6.178499e-02   1.774944e-02  -6.511820e-02;
  -1.110909e-01  -6.511820e-02  -3.671166e-03]
E=[ ...        
   7.435051e-02  -1.169585e-01  -1.192423e-01;
  -1.169585e-01  -8.137260e-02   3.210728e-02;
  -1.192423e-01   3.210728e-02  -4.651720e-02]
e=[ ...        
   2.693643e-03  -9.854314e-02  -1.405310e-01;
  -9.854314e-02  -1.547443e-01   5.604823e-03;
  -1.405310e-01   5.604823e-03  -5.043458e-02]
intgraF=[ ...  
   1.069689e+00   1.163939e-01  -1.497408e-01;
  -1.552074e-02   9.837240e-01   1.168734e-01;
  -6.154289e-02  -2.328913e-01   9.780470e-01]
F=[ ...        
   1.042446e+00  -1.843101e-01  -2.752051e-03;
  -7.850508e-03   8.852663e-01  -7.809153e-02;
  -2.488883e-01   1.399579e-01   9.491363e-01]
R=[ ...        
   9.893490e-01  -7.886141e-02   1.223498e-01;
   9.132829e-02   9.907997e-01  -9.987504e-02;
  -1.133479e-01   1.099853e-01   9.874490e-01]
U=[ ...        
   1.058837e+00  -1.173611e-01  -1.174373e-01;
  -1.173611e-01   9.070498e-01   2.723497e-02;
  -1.174373e-01   2.723497e-02   9.446864e-01]
l=[ ...        
  -2.626410e-02   7.204337e-03  -5.423114e-03;
  -3.824431e-03  -7.562294e-03  -3.222553e-02;
   5.753310e-03  -4.927716e-02  -1.110398e-02]
d=[ ...        
  -2.626410e-02   1.689953e-03   1.650977e-04;
   1.689953e-03  -7.562294e-03  -4.075135e-02;
   1.650977e-04  -4.075135e-02  -1.110398e-02]
     iteration=        2399999       process=              6       (i,j,k)=              1              1              0       (x,y,z)=   1.494002e-02   1.494003e-02   4.830329e-03     particles=             60
fabric=[ ...   
   2.567005e-01  -5.328153e-03  -6.037104e-03;
  -5.328153e-03   3.866429e-01   8.582006e-03;
  -6.037104e-03   8.582006e-03   3.066566e-01]
sigma=[ ...    
  -1.403300e+00   5.489010e-01  -2.316810e-01;
   2.505294e-02  -2.517159e+00  -5.359042e-01;
  -3.072892e-01  -4.846403e-01  -1.790924e+00]
sigmaDot=[ ... 
   4.380105e+04   5.814701e+04   3.136821e+05;
   4.311101e+05  -1.002309e+04  -4.960564e+04;
  -3.185225e+04   1.060849e+06   1.700701e+05]
intgraE=[ ...  
  -5.219610e-02   6.890579e-02  -3.614330e-02;
   6.890579e-02  -8.159960e-02  -8.028000e-03;
  -3.614330e-02  -8.028000e-03  -9.646043e-03]
E=[ ...        
   2.113320e-01   5.810231e-02  -1.317844e-01;
   5.810231e-02  -1.063698e-01  -2.905409e-02;
  -1.317844e-01  -2.905409e-02  -6.637720e-02]
e=[ ...        
   1.066042e-01   2.938939e-02  -1.315297e-01;
   2.938939e-02  -1.517427e-01  -2.527972e-02;
  -1.315297e-01  -2.527972e-02  -8.719691e-02]
intgraF=[ ...  
   9.425321e-01   6.949446e-02  -4.303599e-02;
   7.566361e-02   9.072556e-01   8.783237e-02;
  -3.893545e-02  -9.411968e-02   9.854650e-01]
F=[ ...        
   1.172897e+00   4.157286e-02  -6.021734e-02;
   3.800886e-02   8.715900e-01   1.065423e-01;
  -2.133806e-01  -1.608196e-01   9.231837e-01]
R=[ ...        
   9.975566e-01  -1.216474e-02   6.879500e-02;
   1.979633e-03   9.892502e-01   1.462196e-01;
  -6.983419e-02  -1.457261e-01   9.868572e-01]
U=[ ...        
   1.185008e+00   5.442741e-02  -1.243291e-01;
   5.442741e-02   8.851505e-01  -2.840243e-02;
  -1.243291e-01  -2.840243e-02   9.224864e-01]
l=[ ...        
  -1.114397e-02  -1.003005e-02   2.871025e-02;
   1.303183e-02  -7.106672e-03   3.278737e-02;
  -4.207243e-02   1.975212e-02  -3.185077e-02]
d=[ ...        
  -1.114397e-02   1.500893e-03  -6.681089e-03;
   1.500893e-03  -7.106672e-03   2.626974e-02;
  -6.681089e-03   2.626974e-02  -3.185077e-02]
     iteration=        2399999       process=              7       (i,j,k)=              1              1              1       (x,y,z)=   1.494002e-02   1.494003e-02   1.425117e-02     particles=             51
fabric=[ ...   
   3.296794e-01   1.048256e-01  -7.012249e-03;
   1.048256e-01   2.999899e-01  -5.976358e-02;
  -7.012249e-03  -5.976358e-02   3.036641e-01]
sigma=[ ...    
  -3.471438e-01   1.489142e-01   3.802748e-02;
   1.705585e-02  -6.515824e-01  -1.204568e-01;
  -4.338953e-03  -7.145659e-02  -2.661839e-02]
sigmaDot=[ ... 
  -6.822878e+02   6.342041e+03   3.098479e+03;
   1.310330e+04   3.223573e+03  -5.465777e+02;
   3.253302e+03  -2.827310e+03  -1.232631e+03]
intgraE=[ ...  
   3.738713e-02  -4.081169e-02  -1.811978e-02;
  -4.081169e-02   1.729312e-01  -1.322813e-01;
  -1.811978e-02  -1.322813e-01  -5.075381e-02]
E=[ ...        
   1.246428e+00  -9.190688e-01   2.454486e+00;
  -9.190688e-01   8.773468e-01  -2.481763e+00;
   2.454486e+00  -2.481763e+00   4.537909e+00]
e=[ ...        
  -1.357581e+02   5.390125e+01   1.005283e+02;
   5.390125e+01  -2.122132e+01  -3.997441e+01;
   1.005283e+02  -3.997441e+01  -7.382747e+01]
intgraF=[ ...  
   1.022100e+00   1.148948e-01  -8.949172e-02;
  -1.701911e-01   1.150175e+00  -1.409385e-01;
   3.348455e-02  -9.878848e-02   9.330702e-01]
F=[ ...        
   1.123261e+00  -2.960956e-01   1.250304e+00;
   1.184698e-01   1.200961e+00  -1.542749e+00;
   1.488995e+00  -1.106668e+00   2.476385e+00]
R=[ ...        
   2.769168e-01   6.686503e-01   6.900898e-01;
   6.334967e-01   4.129544e-01  -6.543322e-01;
   7.224950e-01  -6.183651e-01   3.092338e-01]
U=[ ...        
   1.461891e+00  -1.207511e-01   1.158080e+00;
  -1.207511e-01   9.822825e-01  -1.332379e+00;
   1.158080e+00  -1.332379e+00   2.638074e+00]
l=[ ...        
   3.427314e-02  -4.013333e-02   7.856213e-03;
  -9.912260e-02  -5.390865e-02   6.223639e-02;
  -7.480880e-02   5.278739e-03   4.133116e-02]
d=[ ...        
   3.427314e-02  -6.962796e-02  -3.347629e-02;
  -6.962796e-02  -5.390865e-02   3.375756e-02;
  -3.347629e-02   3.375756e-02   4.133116e-02]
