     iteration=        3799999       process=              0       (i,j,k)=              0              0              0       (x,y,z)=   5.094936e-03   5.094938e-03   4.865329e-03     particles=             71
fabric=[ ...   
   3.465699e-01  -2.414142e-02  -5.164625e-02;
  -2.414142e-02   3.334297e-01   3.471149e-03;
  -5.164625e-02   3.471149e-03   3.200004e-01]
sigma=[ ...    
  -4.212596e+02   1.264544e+01   8.960809e+01;
   1.631538e+01  -3.713640e+02   2.848072e+01;
   8.977486e+01   3.089739e+01  -2.800046e+02]
sigmaDot=[ ... 
  -1.079887e+05   5.176586e+03   2.240092e+06;
   4.504997e+05   1.614814e+05   2.715896e+05;
   1.431259e+05   2.311468e+06   2.079299e+05]
intgraE=[ ...  
   1.275860e-02  -7.914122e-03   1.945605e-02;
  -7.914122e-03  -7.281473e-03  -3.651059e-03;
   1.945605e-02  -3.651059e-03   2.685108e-02]
E=[ ...        
   2.804425e-02   9.051664e-03  -2.488052e-03;
   9.051664e-03  -1.136298e-02  -2.568881e-03;
  -2.488052e-03  -2.568881e-03   1.989691e-02]
e=[ ...        
   2.618925e-02   9.202046e-03  -2.245151e-03;
   9.202046e-03  -1.162302e-02  -2.275938e-03;
  -2.245151e-03  -2.275938e-03   1.913785e-02]
intgraF=[ ...  
   1.012578e+00  -1.905396e-02   2.445970e-02;
   3.599006e-03   9.924788e-01   1.107956e-03;
   1.377961e-02  -7.733020e-03   1.026208e+00]
F=[ ...        
   1.027443e+00  -2.764463e-03  -4.408284e-03;
   2.118165e-02   9.885213e-01   4.691683e-03;
  -5.356770e-04  -9.598847e-03   1.019682e+00]
R=[ ...        
   9.999275e-01  -1.188127e-02  -1.980341e-03;
   1.189511e-02   9.999038e-01   7.127377e-03;
   1.895468e-03  -7.150417e-03   9.999726e-01]
U=[ ...        
   1.027620e+00   8.976113e-03  -2.419380e-03;
   8.976113e-03   9.885277e-01  -2.547546e-03;
  -2.419380e-03  -2.547546e-03   1.019697e+00]
l=[ ...        
  -1.520513e-02   3.130986e-03  -1.626173e-02;
  -2.805887e-03  -2.979070e-02  -2.413149e-02;
   1.349308e-02   6.297592e-02   1.879759e-02]
d=[ ...        
  -1.520513e-02   1.625494e-04  -1.384325e-03;
   1.625494e-04  -2.979070e-02   1.942222e-02;
  -1.384325e-03   1.942222e-02   1.879759e-02]
     iteration=        3799999       process=              1       (i,j,k)=              0              0              1       (x,y,z)=   5.094936e-03   5.094938e-03   1.421617e-02     particles=             54
fabric=[ ...   
   3.189633e-01  -4.531899e-02   1.871019e-02;
  -4.531899e-02   3.687327e-01   3.375461e-02;
   1.871019e-02   3.375461e-02   2.849067e-01]
sigma=[ ...    
  -2.079707e+02   5.013758e+01   1.127815e+01;
   4.732980e+01  -2.335082e+02  -2.658816e+01;
   8.169380e+00  -2.863540e+01  -1.351459e+02]
sigmaDot=[ ... 
  -1.739816e+05  -1.132780e+05  -8.725661e+04;
  -5.198645e+06   1.422473e+05   6.080468e+05;
   4.299605e+05   2.340978e+06   4.888616e+05]
intgraE=[ ...  
  -1.050973e-01   1.554007e-02  -2.540946e-01;
   1.554007e-02   7.394164e-02  -2.451701e-02;
  -2.540946e-01  -2.451701e-02   5.967942e-01]
E=[ ...        
  -2.541139e-01  -9.172206e-02   1.000521e-01;
  -9.172206e-02   3.178125e-01   1.345297e+00;
   1.000521e-01   1.345297e+00   2.693933e+00]
e=[ ...        
  -3.811539e-01  -5.844914e-01  -5.165038e-01;
  -5.844914e-01  -1.417501e+00  -5.665054e-01;
  -5.165038e-01  -5.665054e-01   8.017542e-02]
intgraF=[ ...  
   8.871727e-01   4.075097e-02  -6.509494e-01;
  -6.611539e-03   1.069922e+00  -6.897238e-02;
   5.182962e-02   3.860381e-02   1.328569e+00]
F=[ ...        
   5.977191e-01  -7.925628e-01  -1.069871e+00;
  -9.395636e-02   3.938577e-01  -5.384613e-01;
   3.545085e-01   9.232255e-01   2.225602e+00]
R=[ ...        
   8.560071e-01  -3.694050e-01  -3.616514e-01;
   1.472307e-01   8.448008e-01  -5.144266e-01;
   4.955552e-01   3.871067e-01   7.775432e-01]
U=[ ...        
   6.734971e-01  -1.629423e-01   1.078133e-01;
  -1.629423e-01   9.828947e-01   8.018683e-01;
   1.078133e-01   8.018683e-01   2.394421e+00]
l=[ ...        
  -2.978586e-03   1.873426e-02  -2.272127e-02;
   4.136101e-02  -6.899053e-03  -3.010739e-03;
   1.134590e-02  -5.526326e-02  -4.170440e-02]
d=[ ...        
  -2.978586e-03   3.004763e-02  -5.687685e-03;
   3.004763e-02  -6.899053e-03  -2.913700e-02;
  -5.687685e-03  -2.913700e-02  -4.170440e-02]
     iteration=        3799999       process=              2       (i,j,k)=              0              1              0       (x,y,z)=   5.094936e-03   1.490503e-02   4.865329e-03     particles=             74
fabric=[ ...   
   3.013075e-01   9.881101e-03  -1.895519e-02;
   9.881101e-03   3.577515e-01   1.302125e-02;
  -1.895519e-02   1.302125e-02   3.409410e-01]
sigma=[ ...    
  -3.563509e+02   4.979321e+01   9.863372e+01;
   5.113353e+01  -6.245464e+02  -9.918914e+01;
   9.643767e+01  -1.032515e+02  -3.247512e+02]
sigmaDot=[ ... 
   9.069692e+04  -9.855811e+04  -1.545689e+06;
   1.129062e+05   1.263407e+05   3.305320e+05;
   5.562199e+05   2.386489e+06   1.403693e+05]
intgraE=[ ...  
   2.265632e-02   1.654103e-02   1.078132e-02;
   1.654103e-02  -3.950439e-02  -2.796000e-03;
   1.078132e-02  -2.796000e-03   1.413029e-03]
E=[ ...        
   2.136111e-02   3.802883e-02   2.124164e-02;
   3.802883e-02   7.209379e-03   1.025641e-02;
   2.124164e-02   1.025641e-02   3.325328e-02]
e=[ ...        
   1.575532e-02   3.627059e-02   1.702088e-02;
   3.627059e-02   5.365866e-03   9.878213e-03;
   1.702088e-02   9.878213e-03   3.053711e-02]
intgraF=[ ...  
   1.022001e+00   2.169726e-02  -4.727471e-03;
   1.138765e-02   9.594373e-01  -4.998800e-03;
   2.641436e-02  -6.924311e-04   1.001388e+00]
F=[ ...        
   1.019204e+00   2.998632e-02  -3.429596e-03;
   4.610141e-02   1.006513e+00   4.225288e-02;
   4.267182e-02  -2.123610e-02   1.031848e+00]
R=[ ...        
   9.997070e-01  -7.162686e-03  -2.312301e-02;
   7.887141e-03   9.994760e-01   3.139284e-02;
   2.288604e-02  -3.156602e-02   9.992396e-01]
U=[ ...        
   1.020245e+00   3.743004e-02   2.051957e-02;
   3.743004e-02   1.006441e+00   9.683985e-03;
   2.051957e-02   9.683985e-03   1.032469e+00]
l=[ ...        
  -2.740187e-04  -2.743749e-02   1.005380e-02;
   2.806152e-02  -2.912772e-02  -7.819741e-03;
   2.960558e-03  -3.839135e-02   4.789077e-03]
d=[ ...        
  -2.740187e-04   3.120144e-04   6.507179e-03;
   3.120144e-04  -2.912772e-02  -2.310555e-02;
   6.507179e-03  -2.310555e-02   4.789077e-03]
     iteration=        3799999       process=              3       (i,j,k)=              0              1              1       (x,y,z)=   5.094936e-03   1.490503e-02   1.421617e-02     particles=             48
fabric=[ ...   
   3.190854e-01   4.162918e-02  -1.328161e-02;
   4.162918e-02   3.262857e-01   2.389490e-02;
  -1.328161e-02   2.389490e-02   3.546289e-01]
sigma=[ ...    
  -2.276191e+02  -3.531235e+01   3.490430e+01;
  -5.077161e+01  -3.566484e+02  -1.729737e+01;
   2.239757e+01  -7.214578e+00  -3.955642e+02]
sigmaDot=[ ... 
  -6.866968e+05  -1.138113e+06  -2.606268e+06;
   1.099061e+06  -2.115477e+05  -1.343639e+05;
  -3.230396e+05  -1.651277e+06   1.156510e+05]
intgraE=[ ...  
  -2.190123e-02   7.334454e-02  -6.803256e-02;
   7.334454e-02  -2.282825e-02  -2.109681e-02;
  -6.803256e-02  -2.109681e-02   1.553673e-01]
E=[ ...        
  -1.062317e-02   2.720389e-02   8.936725e-02;
   2.720389e-02  -7.391069e-02   8.212930e-02;
   8.936725e-02   8.212930e-02   2.584480e-01]
e=[ ...        
  -3.500253e-02   1.122493e-02   3.362012e-02;
   1.122493e-02  -9.298043e-02   7.865926e-02;
   3.362012e-02   7.865926e-02   1.615725e-01]
intgraF=[ ...  
   9.753826e-01   8.177093e-02  -1.255806e-01;
   6.856764e-02   9.733240e-01  -1.264049e-02;
  -1.116914e-02  -1.724367e-02   1.137895e+00]
F=[ ...        
   9.636334e-01   6.220178e-02  -9.541868e-02;
  -1.197669e-02   9.207094e-01   1.523359e-01;
   2.236537e-01   2.456977e-02   1.218436e+00]
R=[ ...        
   9.879928e-01   5.231206e-02  -1.453746e-01;
  -4.313656e-02   9.969152e-01   6.556906e-02;
   1.483562e-01  -5.851080e-02   9.872016e-01]
U=[ ...        
   9.857598e-01   2.538374e-02   7.991820e-02;
   2.538374e-02   9.196856e-01   7.558281e-02;
   7.991820e-02   7.558281e-02   1.226701e+00]
l=[ ...        
   2.321361e-03  -2.446623e-02  -4.961331e-04;
   2.108968e-02  -1.474565e-02   5.621293e-05;
  -7.321095e-03  -5.657236e-02  -1.992475e-02]
d=[ ...        
   2.321361e-03  -1.688276e-03  -3.908614e-03;
  -1.688276e-03  -1.474565e-02  -2.825807e-02;
  -3.908614e-03  -2.825807e-02  -1.992475e-02]
     iteration=        3799999       process=              4       (i,j,k)=              1              0              0       (x,y,z)=   1.490502e-02   5.094938e-03   4.865329e-03     particles=             64
fabric=[ ...   
   4.044655e-01  -1.412141e-02  -1.055713e-02;
  -1.412141e-02   3.579284e-01   3.715099e-03;
  -1.055713e-02   3.715099e-03   2.376061e-01]
sigma=[ ...    
  -1.055585e+03  -1.637066e+01  -3.322765e+01;
  -1.466516e+01  -7.469914e+02   9.676602e+01;
  -3.794481e+01   9.617771e+01  -3.954004e+02]
sigmaDot=[ ... 
   5.574224e+05  -7.343943e+05   4.807143e+06;
   6.227733e+06   1.327148e+06   5.236179e+05;
  -6.402593e+05  -4.692365e+05   2.230978e+04]
intgraE=[ ...  
  -9.057454e-03   3.382350e-02  -1.333060e-02;
   3.382350e-02   2.857466e-02   7.460561e-03;
  -1.333060e-02   7.460561e-03   5.982356e-02]
E=[ ...        
   8.399990e-02   1.331816e-02   6.628369e-02;
   1.331816e-02   4.678024e-02   1.741364e-02;
   6.628369e-02   1.741364e-02  -1.469115e-02]
e=[ ...        
   5.904326e-02   9.367495e-03   6.243661e-02;
   9.367495e-03   4.295832e-02   1.598568e-02;
   6.243661e-02   1.598568e-02  -1.866428e-02]
intgraF=[ ...  
   9.892539e-01   1.720650e-02   3.267519e-03;
   5.001517e-02   1.027652e+00  -1.438921e-02;
  -2.757380e-02   2.802564e-02   1.058031e+00]
F=[ ...        
   1.074168e+00  -1.107938e-02   1.855836e-02;
   3.679392e-02   1.045676e+00   3.297917e-02;
   1.131765e-01   5.560192e-04   9.844723e-01]
R=[ ...        
   9.987139e-01  -2.135128e-02  -4.598536e-02;
   2.206350e-02   9.996435e-01   1.503659e-02;
   4.564792e-02  -1.603185e-02   9.988289e-01]
U=[ ...        
   1.078765e+00   1.203151e-02   6.420123e-02;
   1.203151e-02   1.045530e+00   1.678825e-02;
   6.420123e-02   1.678825e-02   9.829619e-01]
l=[ ...        
  -7.272547e-03   2.745837e-04  -2.263761e-03;
  -7.160297e-03   9.389715e-03   4.544201e-02;
  -3.395455e-02   3.599513e-02   1.783338e-02]
d=[ ...        
  -7.272547e-03  -3.442857e-03  -1.810916e-02;
  -3.442857e-03   9.389715e-03   4.071857e-02;
  -1.810916e-02   4.071857e-02   1.783338e-02]
     iteration=        3799999       process=              5       (i,j,k)=              1              0              1       (x,y,z)=   1.490502e-02   5.094938e-03   1.421617e-02     particles=             43
fabric=[ ...   
   2.752277e-01  -2.254834e-02   7.065094e-02;
  -2.254834e-02   3.300325e-01   5.833113e-02;
   7.065094e-02   5.833113e-02   3.249724e-01]
sigma=[ ...    
  -7.470111e+01   6.069582e+00  -2.213936e+01;
   6.914144e+00  -7.061090e+01  -1.671133e+01;
  -3.292702e+01  -1.879731e+01  -1.008440e+02]
sigmaDot=[ ... 
  -6.437464e+05  -1.786571e+05   3.983250e+05;
   2.757593e+06   5.187791e+05  -7.913245e+04;
   8.816133e+04  -2.141825e+06   6.477281e+04]
intgraE=[ ...  
   5.381366e-02   4.680488e-02  -1.137652e-01;
   4.680488e-02   2.095547e-02  -5.473694e-02;
  -1.137652e-01  -5.473694e-02   3.385821e-03]
E=[ ...        
   2.554333e-01  -4.922717e-02  -2.339738e-01;
  -4.922717e-02  -8.179550e-02   1.497324e-02;
  -2.339738e-01   1.497324e-02  -6.012046e-02]
e=[ ...        
   1.235049e-01  -1.267312e-02  -1.963192e-01;
  -1.267312e-02  -1.044685e-01   2.651929e-02;
  -1.963192e-01   2.651929e-02  -2.006691e-01]
intgraF=[ ...  
   1.050030e+00   9.781788e-02  -1.510882e-01;
  -2.500050e-02   9.886447e-01   1.371011e-01;
  -6.662704e-02  -2.343593e-01   9.824191e-01]
F=[ ...        
   1.216668e+00  -9.568793e-04  -2.796960e-01;
  -7.617377e-02   8.957330e-01  -1.487896e-01;
  -1.574303e-01   1.845819e-01   8.828312e-01]
R=[ ...        
   9.965855e-01   4.913672e-02  -6.635457e-02;
  -6.094817e-02   9.799447e-01  -1.897200e-01;
   5.570159e-02   1.931164e-01   9.795935e-01]
U=[ ...        
   1.208387e+00  -4.526540e-02  -2.204974e-01;
  -4.526540e-02   9.133676e-01   1.094022e-02;
  -2.204974e-01   1.094022e-02   9.116031e-01]
l=[ ...        
  -7.651360e-02  -9.660894e-02   3.977918e-02;
   2.847748e-03   6.151675e-02   2.165121e-02;
  -2.128586e-02  -4.117346e-02   2.957155e-02]
d=[ ...        
  -7.651360e-02  -4.688060e-02   9.246661e-03;
  -4.688060e-02   6.151675e-02  -9.761123e-03;
   9.246661e-03  -9.761123e-03   2.957155e-02]
     iteration=        3799999       process=              6       (i,j,k)=              1              1              0       (x,y,z)=   1.490502e-02   1.490503e-02   4.865329e-03     particles=             60
fabric=[ ...   
   2.735137e-01  -2.705488e-02   7.692898e-03;
  -2.705488e-02   3.732079e-01   2.387230e-02;
   7.692898e-03   2.387230e-02   3.350966e-01]
sigma=[ ...    
  -1.232018e+02   1.036094e+02   1.072624e+01;
   1.052062e+02  -1.192268e+02  -2.253542e+01;
   1.113026e+01  -2.428952e+01  -5.315117e+01]
sigmaDot=[ ... 
  -7.498789e+03   7.506859e+04   3.210469e+05;
   3.129767e+05  -7.436540e+04  -5.253571e+04;
   5.135312e+04   1.011724e+05   5.847155e+04]
intgraE=[ ...  
  -6.586289e-02   6.593569e-02  -3.943777e-02;
   6.593569e-02  -9.386559e-02  -1.584436e-03;
  -3.943777e-02  -1.584436e-03  -2.124464e-02]
E=[ ...        
   1.308337e-01   3.126998e-02  -1.379410e-01;
   3.126998e-02  -1.354844e-01  -2.119097e-03;
  -1.379410e-01  -2.119097e-03   1.805297e-02]
e=[ ...        
   7.384177e-02   2.538243e-02  -1.178686e-01;
   2.538243e-02  -1.826874e-01   2.795879e-02;
  -1.178686e-01   2.795879e-02  -1.512800e-02]
intgraF=[ ...  
   9.269644e-01   6.591953e-02  -2.901047e-02;
   7.320660e-02   8.945956e-01   9.361123e-02;
  -6.043195e-02  -8.730516e-02   9.736047e-01]
F=[ ...        
   1.113204e+00   1.282149e-02  -1.217222e-01;
   3.669229e-02   8.454403e-01   1.374406e-01;
  -1.452492e-01  -1.187330e-01   1.001199e+00]
R=[ ...        
   9.997217e-01  -2.219242e-02   7.999609e-03;
   2.086730e-02   9.900893e-01   1.388802e-01;
  -1.100241e-02  -1.386746e-01   9.902769e-01]
U=[ ...        
   1.115258e+00   3.176633e-02  -1.298359e-01;
   3.176633e-02   8.532421e-01  -6.108093e-05;
  -1.298359e-01  -6.108093e-05   1.009578e+00]
l=[ ...        
  -3.861113e-02  -3.492831e-02  -8.847121e-03;
  -3.637167e-02  -6.249677e-03  -2.584054e-03;
  -1.690443e-03  -3.495901e-02   6.250258e-03]
d=[ ...        
  -3.861113e-02  -3.564999e-02  -5.268782e-03;
  -3.564999e-02  -6.249677e-03  -1.877153e-02;
  -5.268782e-03  -1.877153e-02   6.250258e-03]
     iteration=        3799999       process=              7       (i,j,k)=              1              1              1       (x,y,z)=   1.490502e-02   1.490503e-02   1.421617e-02     particles=             51
fabric=[ ...   
   3.053035e-01   5.620385e-02   4.857308e-02;
   5.620385e-02   3.077302e-01   2.277688e-02;
   4.857308e-02   2.277688e-02   3.869664e-01]
sigma=[ ...    
  -8.981603e+00  -1.504719e+00  -1.753984e+00;
  -1.853780e+00  -4.526906e+00  -7.613821e-01;
  -3.127480e+00  -7.282065e-01  -7.103444e+00]
sigmaDot=[ ... 
   2.230681e+04   3.086403e+04  -4.736642e+04;
   4.085715e+04  -8.195660e+03  -1.012556e+04;
  -2.225504e+04  -1.716958e+04  -1.111217e+03]
intgraE=[ ...  
   4.121327e-02  -6.331966e-02  -4.573061e-03;
  -6.331966e-02   1.393613e-01  -1.050787e-01;
  -4.573061e-03  -1.050787e-01  -6.824429e-02]
E=[ ...        
   1.907684e-01   8.248557e-02   2.020546e-01;
   8.248557e-02  -2.237822e-01  -5.917454e-01;
   2.020546e-01  -5.917454e-01   2.961843e+00]
e=[ ...        
  -1.082183e+00   2.021382e-01   4.023743e-01;
   2.021382e-01   1.366111e-01  -1.489461e-01;
   4.023743e-01  -1.489461e-01   2.891339e-01]
intgraF=[ ...  
   1.020549e+00   9.768134e-02  -6.537262e-02;
  -1.986525e-01   1.123563e+00  -1.139058e-01;
   3.798371e-02  -8.238865e-02   9.199257e-01]
F=[ ...        
   2.084775e-01   4.591550e-01   6.164474e-01;
   1.038227e+00   3.100937e-01  -9.092134e-01;
   5.100584e-01  -4.954333e-01   2.391027e+00]
R=[ ...        
   4.897845e-02   9.290500e-01   3.666977e-01;
   9.207203e-01   1.003070e-01  -3.771110e-01;
   3.871373e-01  -3.560963e-01   8.504823e-01]
U=[ ...        
   1.163590e+00   1.161976e-01   1.187172e-01;
   1.161976e-01   6.341045e-01  -3.699259e-01;
   1.187172e-01  -3.699259e-01   2.602450e+00]
l=[ ...        
  -3.620342e-04  -1.988020e-02   5.699609e-02;
   4.125770e-04  -1.413465e-02   2.221545e-02;
   8.936696e-03  -3.482855e-02  -2.192257e-02]
d=[ ...        
  -3.620342e-04  -9.733814e-03   3.296639e-02;
  -9.733814e-03  -1.413465e-02  -6.306550e-03;
   3.296639e-02  -6.306550e-03  -2.192257e-02]
