     iteration=          99999       process=              0       (i,j,k)=              0              0              0       (x,y,z)=   5.002500e-03   5.002500e-03   4.881224e-03     particles=             77
fabric=[ ...   
   3.800247e-01   4.575697e-02  -4.302942e-02;
   4.575697e-02   2.893397e-01  -2.627537e-03;
  -4.302942e-02  -2.627537e-03   2.417466e-01]
sigma=[ ...    
  -9.115189e-01   3.863061e-01   1.869592e-01;
   3.412183e-01  -2.861298e+00   2.838501e-02;
   1.006850e-01   8.910899e-01  -1.166677e+00]
sigmaDot=[ ... 
  -3.527553e+03   3.298089e+03   2.080202e+05;
   9.399117e+04   1.303928e+05  -5.758636e+05;
   1.296228e+05   1.112819e+06   2.609555e+03]
intgraE=[ ...  
  -6.726537e-04   4.123658e-05  -1.863963e-05;
   4.123658e-05  -3.390919e-04  -1.218591e-04;
  -1.863963e-05  -1.218591e-04  -5.939005e-04]
E=[ ...        
  -4.733103e-04   7.040806e-05  -2.426223e-05;
   7.040806e-05  -3.624853e-04  -7.588813e-05;
  -2.426223e-05  -7.588813e-05  -4.133042e-04]
e=[ ...        
  -4.737602e-04   7.053224e-05  -2.430369e-05;
   7.053224e-05  -3.627785e-04  -7.599712e-05;
  -2.430369e-05  -7.599712e-05  -4.136598e-04]
intgraF=[ ...  
   9.993271e-01   4.659165e-05  -7.743922e-05;
   3.593198e-05   9.996608e-01  -7.094571e-05;
   4.013425e-05  -1.728957e-04   9.994059e-01]
F=[ ...        
   9.995266e-01   1.125040e-04  -1.006767e-04;
   2.838054e-05   9.996374e-01  -5.740970e-05;
   5.212773e-05  -9.441507e-05   9.995866e-01]
R=[ ...        
   1.000000e+00   4.207692e-05  -7.643476e-05;
  -4.207551e-05   1.000000e+00   1.851366e-05;
   7.643554e-05  -1.851044e-05   1.000000e+00]
U=[ ...        
   9.995266e-01   7.043658e-05  -2.427031e-05;
   7.043658e-05   9.996374e-01  -7.591673e-05;
  -2.427031e-05  -7.591673e-05   9.995866e-01]
l=[ ...        
  -1.345763e-02   9.318330e-04  -1.548784e-03;
   7.186396e-04  -6.783308e-03  -1.418914e-03;
   8.026849e-04  -3.457915e-03  -1.188165e-02]
d=[ ...        
  -1.345763e-02   8.252363e-04  -3.730497e-04;
   8.252363e-04  -6.783308e-03  -2.438414e-03;
  -3.730497e-04  -2.438414e-03  -1.188165e-02]
     iteration=          99999       process=              1       (i,j,k)=              0              0              1       (x,y,z)=   5.002500e-03   5.002500e-03   1.463367e-02     particles=             49
fabric=[ ...   
   2.743176e-01   2.572860e-02  -1.985377e-02;
   2.572860e-02   2.246504e-01   1.433745e-02;
  -1.985377e-02   1.433745e-02   1.260320e-01]
sigma=[ ...    
  -2.214773e+00  -7.136026e-01  -6.697261e-01;
  -6.956719e-01  -1.574347e+00  -2.283009e-01;
  -1.187771e+00  -1.419253e+00  -1.817413e+00]
sigmaDot=[ ... 
   5.998788e+04  -3.909743e+04   7.115423e+04;
   2.200118e+04  -1.032645e+04  -2.550446e+04;
   7.702455e+04   1.179151e+05   1.077968e+05]
intgraE=[ ...  
  -5.769700e-03  -9.393720e-05  -3.497645e-03;
  -9.393720e-05   5.433811e-04  -7.169564e-04;
  -3.497645e-03  -7.169564e-04   2.553326e-03]
E=[ ...        
  -8.995596e-04  -1.450123e-04  -1.407507e-04;
  -1.450123e-04  -3.081789e-04  -1.534089e-04;
  -1.407507e-04  -1.534089e-04   9.587256e-05]
e=[ ...        
  -9.012315e-04  -1.453187e-04  -1.412300e-04;
  -1.453187e-04  -3.083837e-04  -1.536072e-04;
  -1.412300e-04  -1.536072e-04   9.566141e-05]
intgraF=[ ...  
   9.941938e-01  -2.129991e-06  -7.186564e-04;
  -1.891561e-04   1.000543e+00  -8.730272e-04;
  -6.265000e-03  -5.589879e-04   1.002549e+00]
F=[ ...        
   9.991000e-01  -8.589895e-05  -3.131728e-04;
  -2.042670e-04   9.996918e-01  -3.401818e-04;
   3.131696e-05   3.322909e-05   1.000096e+00]
R=[ ...        
   1.000000e+00   5.920366e-05  -1.723287e-04;
  -5.923584e-05   1.000000e+00  -1.867369e-04;
   1.723176e-04   1.867471e-04   1.000000e+00]
U=[ ...        
   9.991000e-01  -1.451108e-04  -1.408185e-04;
  -1.451108e-04   9.996918e-01  -1.534354e-04;
  -1.408185e-04  -1.534354e-04   1.000096e+00]
l=[ ...        
  -1.161240e-01  -4.259982e-05  -1.437313e-02;
  -3.783122e-03   1.086155e-02  -1.746054e-02;
  -1.253000e-01  -1.117976e-02   5.098875e-02]
d=[ ...        
  -1.161240e-01  -1.912861e-03  -6.983656e-02;
  -1.912861e-03   1.086155e-02  -1.432015e-02;
  -6.983656e-02  -1.432015e-02   5.098875e-02]
     iteration=          99999       process=              2       (i,j,k)=              0              1              0       (x,y,z)=   5.002500e-03   1.499750e-02   4.881224e-03     particles=             75
fabric=[ ...   
   3.238550e-01   5.615476e-02  -3.693782e-03;
   5.615476e-02   2.580740e-01   1.047757e-03;
  -3.693782e-03   1.047757e-03   3.542413e-01]
sigma=[ ...    
  -2.722027e+00  -5.412845e-01   1.265173e+00;
  -2.890365e-01  -5.835970e-01   5.822610e-02;
   1.279462e+00   7.037417e-02  -2.748925e+00]
sigmaDot=[ ... 
  -6.245696e+03  -9.673909e+03   4.918911e+04;
  -2.818825e+04  -4.641692e+03   1.363817e+04;
   4.289608e+04   1.117745e+04  -1.201837e+04]
intgraE=[ ...  
  -1.750535e-04   1.403771e-04   2.054899e-05;
   1.403771e-04  -6.327551e-04  -7.915502e-05;
   2.054899e-05  -7.915502e-05  -4.537634e-04]
E=[ ...        
  -1.926245e-04   1.600856e-04   1.333879e-05;
   1.600856e-04  -6.403039e-04  -4.068389e-05;
   1.333879e-05  -4.068389e-05  -3.268885e-04]
e=[ ...        
  -1.926966e-04   1.602789e-04   1.334582e-05;
   1.602789e-04  -6.412370e-04  -4.075810e-05;
   1.334582e-05  -4.075810e-05  -3.271026e-04]
intgraF=[ ...  
   9.998249e-01   2.534988e-04   4.452429e-06;
   2.732487e-05   9.993670e-01   5.600018e-05;
   3.666144e-05  -2.143732e-04   9.995461e-01]
F=[ ...        
   9.998074e-01   3.252397e-04   4.802105e-05;
  -5.011081e-06   9.993594e-01   1.231235e-05;
  -2.134114e-05  -9.371851e-05   9.996731e-01]
R=[ ...        
   1.000000e+00   1.651943e-04   3.469360e-05;
  -1.651962e-04   1.000000e+00   5.303654e-05;
  -3.468484e-05  -5.304228e-05   1.000000e+00]
U=[ ...        
   9.998073e-01   1.601526e-04   1.334551e-05;
   1.601526e-04   9.993595e-01  -4.070465e-05;
   1.334551e-05  -4.070465e-05   9.996731e-01]
l=[ ...        
  -3.501397e-03   5.069976e-03   8.904857e-05;
   5.464975e-04  -1.266021e-02   1.120004e-03;
   7.332289e-04  -4.287464e-03  -9.077359e-03]
d=[ ...        
  -3.501397e-03   2.808237e-03   4.111387e-04;
   2.808237e-03  -1.266021e-02  -1.583730e-03;
   4.111387e-04  -1.583730e-03  -9.077359e-03]
     iteration=          99999       process=              3       (i,j,k)=              0              1              1       (x,y,z)=   5.002500e-03   1.499750e-02   1.463367e-02     particles=             42
fabric=[ ...   
   3.937200e-01   2.210308e-02  -6.346398e-02;
   2.210308e-02   3.738939e-01  -2.103204e-03;
  -6.346398e-02  -2.103204e-03   1.147391e-01]
sigma=[ ...    
  -5.832710e+00  -8.627491e-02   7.899445e-01;
  -1.371655e-02  -1.223046e+01  -2.686151e+00;
   4.518014e-01  -2.490111e+00  -1.654056e+00]
sigmaDot=[ ... 
  -6.080036e+03  -9.941927e+04  -2.676622e+04;
  -9.113061e+04  -6.172746e+03   6.859281e+03;
  -2.559728e+04  -1.846850e+03  -1.900670e+03]
intgraE=[ ...  
  -9.824079e-04   6.205848e-04  -1.956143e-04;
   6.205848e-04  -6.454211e-04  -1.273433e-04;
  -1.956143e-04  -1.273433e-04   3.217843e-04]
E=[ ...        
  -4.289838e-04   6.447818e-06  -7.948871e-05;
   6.447818e-06  -1.485782e-04   3.733400e-05;
  -7.948871e-05   3.733400e-05   4.325463e-05]
e=[ ...        
  -4.293742e-04   6.471236e-06  -7.952335e-05;
   6.471236e-06  -1.486364e-04   3.731209e-05;
  -7.952335e-05   3.731209e-05   4.325585e-05]
intgraF=[ ...  
   9.990166e-01   3.324464e-04   9.264280e-06;
   9.098542e-04   9.993542e-01  -7.971637e-04;
  -3.996300e-04   5.417850e-04   1.000321e+00]
F=[ ...        
   9.995709e-01  -8.570955e-06  -2.280887e-05;
   2.149195e-05   9.998514e-01  -1.151042e-04;
  -1.361700e-04   1.897467e-04   1.000043e+00]
R=[ ...        
   1.000000e+00  -1.502647e-05   5.669341e-05;
   1.503511e-05   1.000000e+00  -1.524326e-04;
  -5.669112e-05   1.524335e-04   1.000000e+00]
U=[ ...        
   9.995709e-01   6.451166e-06  -7.950417e-05;
   6.451166e-06   9.998514e-01   3.733622e-05;
  -7.950417e-05   3.733622e-05   1.000043e+00]
l=[ ...        
  -1.966770e-02   6.648927e-03   1.852856e-04;
   1.819708e-02  -1.291663e-02  -1.594327e-02;
  -7.992600e-03   1.083570e-02   6.428297e-03]
d=[ ...        
  -1.966770e-02   1.242301e-02  -3.903657e-03;
   1.242301e-02  -1.291663e-02  -2.553787e-03;
  -3.903657e-03  -2.553787e-03   6.428297e-03]
     iteration=          99999       process=              4       (i,j,k)=              1              0              0       (x,y,z)=   1.499750e-02   5.002500e-03   4.881224e-03     particles=             72
fabric=[ ...   
   3.184751e-01   3.557538e-02   1.115454e-02;
   3.557538e-02   3.149532e-01  -3.649580e-02;
   1.115454e-02  -3.649580e-02   2.808574e-01]
sigma=[ ...    
  -9.043827e+00  -5.051718e+00  -4.355471e+00;
  -4.419388e+00  -7.797231e+00  -1.888847e+00;
  -3.564197e+00  -8.827042e-01  -5.244925e+00]
sigmaDot=[ ... 
   1.478288e+03  -3.622907e+04   1.714780e+04;
   6.094832e+04  -7.901054e+02   3.736004e+04;
  -1.918305e+04   2.521873e+05   1.662483e+04]
intgraE=[ ...  
  -9.983401e-05   7.366617e-05  -1.761596e-04;
   7.366617e-05   7.002789e-05  -1.522211e-04;
  -1.761596e-04  -1.522211e-04  -8.591893e-04]
E=[ ...        
  -2.796152e-04   9.883973e-06  -2.665815e-05;
   9.883973e-06  -2.227598e-04  -9.421364e-05;
  -2.665815e-05  -9.421364e-05  -4.390919e-04]
e=[ ...        
  -2.797647e-04   9.905742e-06  -2.670951e-05;
   9.905742e-06  -2.229082e-04  -9.436052e-05;
  -2.670951e-05  -9.436052e-05  -4.394744e-04]
intgraF=[ ...  
   9.999001e-01   4.329201e-04  -1.101536e-04;
  -2.856228e-04   1.000070e+00   1.005834e-04;
  -2.423562e-04  -4.053334e-04   9.991404e-01]
F=[ ...        
   9.997203e-01   2.631845e-04  -9.181015e-05;
  -2.433882e-04   9.997772e-01   4.410197e-05;
   3.849581e-05  -2.325974e-04   9.995608e-01]
R=[ ...        
   1.000000e+00   2.533496e-04  -6.514762e-05;
  -2.533406e-04   1.000000e+00   1.384007e-04;
   6.518268e-05  -1.383842e-04   1.000000e+00]
U=[ ...        
   9.997203e-01   9.885200e-06  -2.666727e-05;
   9.885200e-06   9.997772e-01  -9.424470e-05;
  -2.666727e-05  -9.424470e-05   9.995608e-01]
l=[ ...        
  -1.998183e-03   8.658402e-03  -2.203072e-03;
  -5.712456e-03   1.396992e-03   2.011668e-03;
  -4.847125e-03  -8.106668e-03  -1.719140e-02]
d=[ ...        
  -1.998183e-03   1.472973e-03  -3.525098e-03;
   1.472973e-03   1.396992e-03  -3.047500e-03;
  -3.525098e-03  -3.047500e-03  -1.719140e-02]
     iteration=          99999       process=              5       (i,j,k)=              1              0              1       (x,y,z)=   1.499750e-02   5.002500e-03   1.463367e-02     particles=             43
fabric=[ ...   
   3.183243e-01   5.039528e-02   2.510341e-02;
   5.039528e-02   4.727350e-01  -5.148005e-02;
   2.510341e-02  -5.148005e-02   2.089407e-01]
sigma=[ ...    
  -6.453664e+00   2.445933e+00  -5.065257e+00;
   1.834564e+00  -1.290443e+01   9.608956e-01;
  -3.675163e+00  -8.804095e-01  -4.466151e+00]
sigmaDot=[ ... 
   8.882651e+05  -5.377071e+05  -4.032679e+06;
   1.896649e+06   5.148804e+04  -2.776600e+05;
   5.023110e+05  -4.697990e+06   4.137643e+04]
intgraE=[ ...  
   7.737024e-04   6.194206e-04   2.427452e-03;
   6.194206e-04   2.803998e-03  -1.002452e-03;
   2.427452e-03  -1.002452e-03  -7.510664e-05]
E=[ ...        
  -2.825374e-04   2.486757e-04   2.105724e-04;
   2.486757e-04  -9.934673e-05  -3.900945e-04;
   2.105724e-04  -3.900945e-04  -1.709079e-03]
e=[ ...        
  -2.830891e-04   2.489991e-04   2.120687e-04;
   2.489991e-04  -9.941346e-05  -3.909250e-04;
   2.120687e-04  -3.909250e-04  -1.715541e-03]
intgraF=[ ...  
   1.000757e+00   4.220776e-04  -8.195903e-04;
   8.152415e-04   1.002800e+00  -1.809263e-03;
   5.677028e-03  -1.902447e-04   9.999229e-01]
F=[ ...        
   9.997172e-01   6.491995e-05   5.291653e-06;
   4.325007e-04   9.999006e-01  -7.615427e-04;
   4.168972e-04  -1.875450e-05   9.982892e-01]
R=[ ...        
   1.000000e+00  -1.839432e-04  -2.059635e-04;
   1.838666e-04   9.999999e-01  -3.717432e-04;
   2.060319e-04   3.717053e-04   9.999999e-01]
U=[ ...        
   9.997174e-01   2.487644e-04   2.108311e-04;
   2.487644e-04   9.999005e-01  -3.904742e-04;
   2.108311e-04  -3.904742e-04   9.982894e-01]
l=[ ...        
   1.513938e-02   8.441552e-03  -1.639181e-02;
   1.630483e-02   5.599941e-02  -3.618526e-02;
   1.135406e-01  -3.804894e-03  -1.541644e-03]
d=[ ...        
   1.513938e-02   1.237319e-02   4.857438e-02;
   1.237319e-02   5.599941e-02  -1.999508e-02;
   4.857438e-02  -1.999508e-02  -1.541644e-03]
     iteration=          99999       process=              6       (i,j,k)=              1              1              0       (x,y,z)=   1.499750e-02   1.499750e-02   4.881224e-03     particles=             57
fabric=[ ...   
   4.668935e-01   7.222009e-02   7.398399e-02;
   7.222009e-02   2.371471e-01   2.843177e-02;
   7.398399e-02   2.843177e-02   2.959594e-01]
sigma=[ ...    
  -3.913315e-01   5.514548e-02  -2.040895e-01;
   4.646625e-02  -1.219137e-01  -6.729342e-02;
  -1.225961e-01  -8.009604e-02  -4.761097e-01]
sigmaDot=[ ... 
   2.247333e+02   1.947537e+03  -2.789521e+04;
  -4.748589e+02  -1.492853e+03  -3.436209e+03;
  -1.302310e+04  -4.853108e+03  -7.031641e+03]
intgraE=[ ...  
  -7.458212e-04   2.322301e-05   2.683739e-05;
   2.322301e-05  -3.769890e-04  -1.613772e-04;
   2.683739e-05  -1.613772e-04  -5.356345e-04]
E=[ ...        
  -5.179772e-04  -9.871617e-05   2.354906e-05;
  -9.871617e-05   6.747506e-06  -6.241464e-05;
   2.354906e-05  -6.241464e-05  -4.908572e-04]
e=[ ...        
  -5.185233e-04  -9.884481e-05   2.359757e-05;
  -9.884481e-05   6.694509e-06  -6.252171e-05;
   2.359757e-05  -6.252171e-05  -4.913346e-04]
intgraF=[ ...  
   9.992539e-01  -9.072451e-06   1.568398e-04;
   5.551235e-05   9.996229e-01  -1.262625e-04;
  -1.030962e-04  -1.966434e-04   9.994642e-01]
F=[ ...        
   9.994819e-01  -1.648029e-04  -5.039582e-06;
  -3.270608e-05   1.000007e+00   3.784774e-05;
   5.216195e-05  -1.627580e-04   9.995090e-01]
R=[ ...        
   1.000000e+00  -6.606360e-05  -2.861562e-05;
   6.606647e-05   1.000000e+00   1.003240e-04;
   2.860900e-05  -1.003259e-04   1.000000e+00]
U=[ ...        
   9.994819e-01  -9.874068e-05   2.355787e-05;
  -9.874068e-05   1.000007e+00  -6.242860e-05;
   2.355787e-05  -6.242860e-05   9.995090e-01]
l=[ ...        
  -1.492213e-02  -1.814490e-04   3.136796e-03;
   1.110247e-03  -7.541590e-03  -2.525250e-03;
  -2.061925e-03  -3.932868e-03  -1.071597e-02]
d=[ ...        
  -1.492213e-02   4.643990e-04   5.374357e-04;
   4.643990e-04  -7.541590e-03  -3.229059e-03;
   5.374357e-04  -3.229059e-03  -1.071597e-02]
     iteration=          99999       process=              7       (i,j,k)=              1              1              1       (x,y,z)=   1.499750e-02   1.499750e-02   1.463367e-02     particles=             50
fabric=[ ...   
   4.725913e-01  -9.319366e-02  -6.380154e-02;
  -9.319366e-02   2.327984e-01  -5.438153e-02;
  -6.380154e-02  -5.438153e-02   1.696103e-01]
sigma=[ ...    
  -1.978927e-01  -1.220938e-02   6.303411e-02;
  -5.169045e-02  -2.196304e-02   1.740961e-02;
   9.977020e-02  -3.545387e-02  -1.918263e-02]
sigmaDot=[ ... 
   4.243864e+03   6.425974e+02  -3.189015e+03;
   1.218212e+03   2.994140e+02  -2.948822e+02;
  -2.868070e+03   2.125593e+03   6.845697e+01]
intgraE=[ ...  
   5.631653e-05   3.076458e-04  -2.123891e-03;
   3.076458e-04  -2.945573e-04   9.177008e-04;
  -2.123891e-03   9.177008e-04  -1.519147e-02]
E=[ ...        
  -2.142303e-05   1.326126e-04  -1.321074e-04;
   1.326126e-04   5.810161e-04   7.690269e-04;
  -1.321074e-04   7.690269e-04  -1.287420e-02]
e=[ ...        
  -2.145803e-05   1.321825e-04  -1.311431e-04;
   1.321825e-04   5.798238e-04   7.826421e-04;
  -1.311431e-04   7.826421e-04  -1.321650e-02]
intgraF=[ ...  
   1.000056e+00   1.397065e-04  -3.166201e-03;
   4.754011e-04   9.997053e-01   2.119808e-03;
  -1.099249e-03  -2.877469e-04   9.846840e-01]
F=[ ...        
   9.999785e-01  -1.032936e-04  -5.007194e-04;
   3.682192e-04   1.000581e+00   1.192236e-03;
   2.391541e-04   3.496040e-04   9.870410e-01]
R=[ ...        
   9.999999e-01  -2.354957e-04  -3.723402e-04;
   2.356536e-04   9.999999e-01   4.239364e-04;
   3.722403e-04  -4.240241e-04   9.999998e-01]
U=[ ...        
   9.999786e-01   1.326270e-04  -1.330220e-04;
   1.326270e-04   1.000581e+00   7.738249e-04;
  -1.330220e-04   7.738249e-04   9.870415e-01]
l=[ ...        
   1.111956e-03   2.794131e-03  -6.332402e-02;
   9.508022e-03  -5.893038e-03   4.239617e-02;
  -2.198498e-02  -5.754938e-03  -3.063203e-01]
d=[ ...        
   1.111956e-03   6.151077e-03  -4.265450e-02;
   6.151077e-03  -5.893038e-03   1.832061e-02;
  -4.265450e-02   1.832061e-02  -3.063203e-01]
