     iteration=        3899999       process=              0       (i,j,k)=              0              0              0       (x,y,z)=   5.097436e-03   5.097191e-03   4.867699e-03     particles=             71
fabric=[ ...   
   3.593481e-01  -2.918887e-02  -5.260016e-02;
  -2.918887e-02   3.091240e-01   2.275381e-03;
  -5.260016e-02   2.275381e-03   3.315279e-01]
sigma=[ ...    
  -1.698174e+03   2.844464e+02   3.315245e+02;
   2.628815e+02  -1.663089e+03   8.739808e+00;
   3.338219e+02  -2.372459e+01  -1.214548e+03]
sigmaDot=[ ... 
   7.971431e+05  -7.805851e+05  -3.889215e+06;
  -3.019491e+05  -2.818034e+05  -5.386060e+05;
  -5.050875e+05  -6.541350e+05   6.860884e+05]
intgraE=[ ...  
   1.209606e-02  -6.528857e-03   1.946266e-02;
  -6.528857e-03  -7.510354e-03  -3.249203e-03;
   1.946266e-02  -3.249203e-03   2.671393e-02]
E=[ ...        
   2.929144e-02   1.016664e-02  -2.118317e-03;
   1.016664e-02  -1.169125e-02  -1.614357e-03;
  -2.118317e-03  -1.614357e-03   2.092841e-02]
e=[ ...        
   2.725144e-02   1.028074e-02  -1.913502e-03;
   1.028074e-02  -1.196523e-02  -1.355282e-03;
  -1.913502e-03  -1.355282e-03   2.008195e-02]
intgraF=[ ...  
   1.011927e+00  -1.724038e-02   2.502848e-02;
   4.513286e-03   9.922881e-01   9.245452e-04;
   1.324888e-02  -6.806928e-03   1.026061e+00]
F=[ ...        
   1.028640e+00  -1.339587e-03  -4.782144e-03;
   2.197451e-02   9.882114e-01   4.309911e-03;
   5.758454e-04  -7.342285e-03   1.020694e+00]
R=[ ...        
   9.999296e-01  -1.155899e-02  -2.685854e-03;
   1.157444e-02   9.999161e-01   5.810155e-03;
   2.618469e-03  -5.840834e-03   9.999795e-01]
U=[ ...        
   1.028823e+00   1.007927e-02  -2.059267e-03;
   1.007927e-02   9.881869e-01  -1.596875e-03;
  -2.059267e-03  -1.596875e-03   1.020711e+00]
l=[ ...        
  -1.314418e-02   3.638259e-02   1.135917e-02;
   1.812546e-02  -3.525905e-03  -4.002750e-03;
  -1.051247e-02   1.843985e-02  -2.637849e-03]
d=[ ...        
  -1.314418e-02   2.725402e-02   4.233514e-04;
   2.725402e-02  -3.525905e-03   7.218548e-03;
   4.233514e-04   7.218548e-03  -2.637849e-03]
     iteration=        3899999       process=              1       (i,j,k)=              0              0              1       (x,y,z)=   5.097436e-03   5.097191e-03   1.421362e-02     particles=             54
fabric=[ ...   
   3.270661e-01  -2.825882e-02   2.462212e-03;
  -2.825882e-02   3.608923e-01   1.278694e-02;
   2.462212e-03   1.278694e-02   3.120416e-01]
sigma=[ ...    
  -5.758797e+02   1.924853e+02   1.670030e+02;
   1.907124e+02  -6.215996e+02  -1.406922e+02;
   1.575808e+02  -1.324934e+02  -6.818586e+02]
sigmaDot=[ ... 
  -8.538077e+04   6.455985e+04  -4.645395e+05;
  -3.387810e+05   1.637591e+05   5.477489e+05;
   1.943554e+05   1.659905e+05   2.331798e+05]
intgraE=[ ...  
  -1.041592e-01   1.454179e-02  -2.537222e-01;
   1.454179e-02   7.185611e-02  -2.327790e-02;
  -2.537222e-01  -2.327790e-02   5.934940e-01]
E=[ ...        
  -2.477901e-01  -9.370931e-02   9.298968e-02;
  -9.370931e-02   3.174835e-01   1.345667e+00;
   9.298968e-02   1.345667e+00   2.686793e+00]
e=[ ...        
  -3.637613e-01  -5.618789e-01  -5.031503e-01;
  -5.618789e-01  -1.376867e+00  -5.452343e-01;
  -5.031503e-01  -5.452343e-01   9.109575e-02]
intgraF=[ ...  
   8.881746e-01   3.741710e-02  -6.507082e-01;
  -5.798843e-03   1.068090e+00  -6.881662e-02;
   5.285670e-02   3.867727e-02   1.326209e+00]
F=[ ...        
   6.081225e-01  -7.838402e-01  -1.072262e+00;
  -9.819103e-02   3.976205e-01  -5.350516e-01;
   3.535045e-01   9.286869e-01   2.222062e+00]
R=[ ...        
   8.593973e-01  -3.578707e-01  -3.651916e-01;
   1.344162e-01   8.472346e-01  -5.139317e-01;
   4.933241e-01   3.925838e-01   7.762148e-01]
U=[ ...        
   6.838126e-01  -1.620399e-01   1.027777e-01;
  -1.620399e-01   9.819787e-01   8.027626e-01;
   1.027777e-01   8.027626e-01   2.391359e+00]
l=[ ...        
   2.147809e-02  -6.352971e-02   1.085635e-02;
   1.752663e-02  -3.523540e-02   9.103040e-03;
   2.453289e-02   1.284376e-03  -2.343919e-02]
d=[ ...        
   2.147809e-02  -2.300154e-02   1.769462e-02;
  -2.300154e-02  -3.523540e-02   5.193708e-03;
   1.769462e-02   5.193708e-03  -2.343919e-02]
     iteration=        3899999       process=              2       (i,j,k)=              0              1              0       (x,y,z)=   5.097436e-03   1.490244e-02   4.867699e-03     particles=             74
fabric=[ ...   
   3.276731e-01   1.448758e-02  -8.007931e-03;
   1.448758e-02   3.818717e-01   2.080400e-02;
  -8.007931e-03   2.080400e-02   2.904552e-01]
sigma=[ ...    
  -1.472840e+03   1.920441e+02   3.235171e+02;
   1.815181e+02  -2.320246e+03  -3.469634e+02;
   3.300340e+02  -3.470702e+02  -1.217971e+03]
sigmaDot=[ ... 
  -4.172605e+05  -5.770350e+05   1.287930e+06;
   4.054401e+05   5.987949e+05   1.392984e+05;
  -8.663633e+04   3.948372e+05   2.502551e+05]
intgraE=[ ...  
   2.284234e-02   1.639887e-02   1.082453e-02;
   1.639887e-02  -4.024407e-02  -2.928983e-03;
   1.082453e-02  -2.928983e-03   8.814095e-04]
E=[ ...        
   1.968091e-02   3.674465e-02   2.011273e-02;
   3.674465e-02   4.559935e-03   8.894199e-03;
   2.011273e-02   8.894199e-03   3.519941e-02]
e=[ ...        
   1.442961e-02   3.538548e-02   1.606751e-02;
   3.538548e-02   2.895890e-03   8.846655e-03;
   1.606751e-02   8.846655e-03   3.241407e-02]
intgraF=[ ...  
   1.022187e+00   2.108877e-02  -4.294757e-03;
   1.176665e-02   9.586787e-01  -4.439145e-03;
   2.606887e-02  -1.510379e-03   1.000862e+00]
F=[ ...        
   1.017611e+00   2.843031e-02  -5.104057e-03;
   4.529677e-02   1.003912e+00   4.022326e-02;
   4.217177e-02  -2.171309e-02   1.033806e+00]
R=[ ...        
   9.996911e-01  -7.585776e-03  -2.366581e-02;
   8.309434e-03   9.994962e-01   3.063124e-02;
   2.342153e-02  -3.081843e-02   9.992505e-01]
U=[ ...        
   1.018661e+00   3.625492e-02   1.944507e-02;
   3.625492e-02   1.003860e+00   8.381438e-03;
   1.944507e-02   8.381438e-03   1.034384e+00]
l=[ ...        
   3.571280e-03  -1.275893e-02   8.595441e-03;
   7.307078e-03  -1.597119e-02   1.113235e-02;
  -6.297793e-03  -1.691582e-02  -1.062826e-02]
d=[ ...        
   3.571280e-03  -2.725923e-03   1.148824e-03;
  -2.725923e-03  -1.597119e-02  -2.891736e-03;
   1.148824e-03  -2.891736e-03  -1.062826e-02]
     iteration=        3899999       process=              3       (i,j,k)=              0              1              1       (x,y,z)=   5.097436e-03   1.490244e-02   1.421362e-02     particles=             48
fabric=[ ...   
   3.257828e-01   5.225974e-02   7.484552e-03;
   5.225974e-02   3.533976e-01   3.415714e-02;
   7.484552e-03   3.415714e-02   3.208196e-01]
sigma=[ ...    
  -7.920675e+02  -1.352013e+02  -1.366128e+02;
  -1.533109e+02  -9.765952e+02  -4.368156e+02;
  -1.339136e+02  -4.253011e+02  -1.937476e+03]
sigmaDot=[ ... 
  -5.395460e+05  -3.146087e+05  -7.793786e+04;
   7.252216e+05  -2.193717e+05   1.138175e+05;
  -1.123029e+05  -4.529892e+05  -2.967632e+05]
intgraE=[ ...  
  -2.204288e-02   7.309414e-02  -6.893580e-02;
   7.309414e-02  -2.351788e-02  -2.231303e-02;
  -6.893580e-02  -2.231303e-02   1.534108e-01]
E=[ ...        
  -2.896735e-02   3.583122e-02   7.306962e-02;
   3.583122e-02  -7.509264e-02   8.267795e-02;
   7.306962e-02   8.267795e-02   2.643944e-01]
e=[ ...        
  -4.791410e-02   2.686794e-02   2.004167e-02;
   2.686794e-02  -9.622823e-02   8.213011e-02;
   2.004167e-02   8.213011e-02   1.614604e-01]
intgraF=[ ...  
   9.752915e-01   8.205649e-02  -1.275714e-01;
   6.780693e-02   9.725536e-01  -1.264226e-02;
  -1.108766e-02  -1.924617e-02   1.135952e+00]
F=[ ...        
   9.509438e-01   6.039982e-02  -9.757806e-02;
   1.079962e-02   9.196069e-01   1.568002e-01;
   1.940476e-01   2.212964e-02   1.222571e+00]
R=[ ...        
   9.902325e-01   3.869323e-02  -1.339494e-01;
  -2.984372e-02   9.972759e-01   6.745535e-02;
   1.361945e-01  -6.279894e-02   9.886897e-01]
U=[ ...        
   9.677614e-01   3.537930e-02   6.520308e-02;
   3.537930e-02   9.180491e-01   7.582123e-02;
   6.520308e-02   7.582123e-02   1.232391e+00]
l=[ ...        
  -2.656194e-03   5.466951e-03  -3.522434e-02;
  -1.458992e-02  -1.463657e-02  -1.803850e-03;
   4.239989e-03  -4.210880e-02  -3.414255e-02]
d=[ ...        
  -2.656194e-03  -4.561483e-03  -1.549217e-02;
  -4.561483e-03  -1.463657e-02  -2.195632e-02;
  -1.549217e-02  -2.195632e-02  -3.414255e-02]
     iteration=        3899999       process=              4       (i,j,k)=              1              0              0       (x,y,z)=   1.490252e-02   5.097191e-03   4.867699e-03     particles=             64
fabric=[ ...   
   3.859706e-01  -2.607316e-02   9.752709e-04;
  -2.607316e-02   3.668283e-01  -3.350837e-02;
   9.752709e-04  -3.350837e-02   2.472012e-01]
sigma=[ ...    
  -4.013883e+03   2.202384e+02  -3.053231e+02;
   2.143936e+02  -2.631875e+03   3.504474e+02;
  -2.996339e+02   3.568213e+02  -1.320357e+03]
sigmaDot=[ ... 
  -7.122186e+05  -1.145013e+06  -5.142301e+06;
  -3.650831e+06   7.172238e+05   1.593953e+06;
   4.442008e+03  -4.799518e+06  -5.850370e+05]
intgraE=[ ...  
  -9.632900e-03   3.344628e-02  -1.363294e-02;
   3.344628e-02   2.821943e-02   7.633015e-03;
  -1.363294e-02   7.633015e-03   5.888969e-02]
E=[ ...        
   1.073072e-01   9.264615e-03   7.836357e-02;
   9.264615e-03   5.163841e-02   2.051674e-02;
   7.836357e-02   2.051674e-02  -1.019238e-02]
e=[ ...        
   7.201121e-02   5.301887e-03   7.165395e-02;
   5.301887e-03   4.685467e-02   1.886568e-02;
   7.165395e-02   1.886568e-02  -1.509436e-02]
intgraF=[ ...  
   9.886581e-01   1.685683e-02   3.782976e-03;
   4.964316e-02   1.027341e+00  -1.291479e-02;
  -2.872288e-02   2.693066e-02   1.057165e+00]
F=[ ...        
   1.093550e+00  -1.362165e-02   2.171675e-02;
   3.151465e-02   1.050279e+00   3.704814e-02;
   1.333011e-01   2.445763e-03   9.888231e-01]
R=[ ...        
   9.983756e-01  -1.949468e-02  -5.353572e-02;
   2.037160e-02   9.996663e-01   1.588362e-02;
   5.320821e-02  -1.694843e-02   9.984396e-01]
U=[ ...        
   1.099509e+00   7.926476e-03   7.504970e-02;
   7.926476e-03   1.050152e+00   1.985342e-02;
   7.504970e-02   1.985342e-02   9.867059e-01]
l=[ ...        
  -1.142842e-02  -6.878167e-03   9.685453e-03;
  -6.407432e-03  -6.696719e-03   2.779973e-02;
  -2.265769e-02  -2.047907e-02  -1.657282e-02]
d=[ ...        
  -1.142842e-02  -6.642799e-03  -6.486120e-03;
  -6.642799e-03  -6.696719e-03   3.660328e-03;
  -6.486120e-03   3.660328e-03  -1.657282e-02]
     iteration=        3899999       process=              5       (i,j,k)=              1              0              1       (x,y,z)=   1.490252e-02   5.097191e-03   1.421362e-02     particles=             43
fabric=[ ...   
   2.828837e-01  -2.736383e-02   4.529081e-02;
  -2.736383e-02   3.354886e-01   6.439830e-03;
   4.529081e-02   6.439830e-03   3.816278e-01]
sigma=[ ...    
  -2.338618e+02  -1.172396e+01  -8.955729e+01;
   2.235743e+01  -2.797584e+02  -2.808328e+01;
  -1.082749e+02  -4.382825e+01  -3.592640e+02]
sigmaDot=[ ... 
   7.910451e+05   8.819007e+05   6.830181e+06;
  -3.057501e+06  -3.750889e+05  -8.929707e+05;
  -6.454257e+04   2.476820e+06  -8.687256e+04]
intgraE=[ ...  
   5.335047e-02   4.090131e-02  -1.141819e-01;
   4.090131e-02   2.575330e-02  -5.813619e-02;
  -1.141819e-01  -5.813619e-02   2.987980e-03]
E=[ ...        
   2.605738e-01  -4.786238e-02  -2.387994e-01;
  -4.786238e-02  -9.135839e-02   4.314793e-03;
  -2.387994e-01   4.314793e-03  -6.317615e-02]
e=[ ...        
   1.221989e-01  -1.768035e-02  -2.049691e-01;
  -1.768035e-02  -1.113954e-01   9.955511e-03;
  -2.049691e-01   9.955511e-03  -2.190759e-01]
intgraF=[ ...  
   1.049494e+00   8.974110e-02  -1.515270e-01;
  -2.849473e-02   9.932305e-01   1.326947e-01;
  -6.672017e-02  -2.386344e-01   9.825516e-01]
F=[ ...        
   1.219831e+00   2.818676e-03  -2.845042e-01;
  -8.105804e-02   8.885840e-01  -1.536281e-01;
  -1.630639e-01   1.664144e-01   8.769855e-01]
R=[ ...        
   9.964068e-01   5.311736e-02  -6.596936e-02;
  -6.449243e-02   9.807264e-01  -1.844356e-01;
   5.490116e-02   1.880275e-01   9.806281e-01]
U=[ ...        
   1.211723e+00  -4.536206e-02  -2.254265e-01;
  -4.536206e-02   9.028980e-01  -8.818932e-04;
  -2.254265e-01  -8.818932e-04   9.070997e-01]
l=[ ...        
  -1.329290e-02  -1.594046e-01   1.126815e-02;
  -7.184789e-02   7.356026e-02  -1.110203e-01;
  -2.870840e-03  -8.292230e-02   1.382807e-02]
d=[ ...        
  -1.329290e-02  -1.156263e-01   4.198656e-03;
  -1.156263e-01   7.356026e-02  -9.697132e-02;
   4.198656e-03  -9.697132e-02   1.382807e-02]
     iteration=        3899999       process=              6       (i,j,k)=              1              1              0       (x,y,z)=   1.490252e-02   1.490244e-02   4.867699e-03     particles=             60
fabric=[ ...   
   3.312802e-01   9.127611e-03  -5.171656e-03;
   9.127611e-03   3.567183e-01   6.251004e-02;
  -5.171656e-03   6.251004e-02   2.975088e-01]
sigma=[ ...    
  -5.053096e+02   4.386390e+02   2.987843e+01;
   4.405393e+02  -5.210643e+02  -7.777847e+01;
   3.025309e+01  -8.050581e+01  -1.952320e+02]
sigmaDot=[ ... 
   1.691892e+05  -5.834373e+05   3.487803e+06;
   3.101920e+06  -2.366463e+05   3.344750e+05;
   7.087176e+04  -6.674062e+06   4.968181e+05]
intgraE=[ ...  
  -6.779905e-02   6.544027e-02  -3.988475e-02;
   6.544027e-02  -9.549376e-02  -3.470276e-03;
  -3.988475e-02  -3.470276e-03  -2.126437e-02]
E=[ ...        
   1.257988e-01   3.015220e-02  -1.391287e-01;
   3.015220e-02  -1.373205e-01  -1.625891e-02;
  -1.391287e-01  -1.625891e-02   2.089527e-02]
e=[ ...        
   7.275551e-02   1.578664e-02  -1.168415e-01;
   1.578664e-02  -1.914399e-01   1.483854e-02;
  -1.168415e-01   1.483854e-02  -1.030424e-02]
intgraF=[ ...  
   9.248495e-01   6.541253e-02  -2.882907e-02;
   7.264131e-02   8.925136e-01   9.284168e-02;
  -6.147000e-02  -9.029530e-02   9.736635e-01]
F=[ ...        
   1.109950e+00   1.533401e-02  -1.301238e-01;
   2.614396e-02   8.372172e-01   1.495511e-01;
  -1.375650e-01  -1.555355e-01   1.001246e+00]
R=[ ...        
   9.998573e-01  -1.688634e-02   4.570766e-04;
   1.657991e-02   9.861755e-01   1.648725e-01;
  -3.234852e-03  -1.648414e-01   9.863148e-01]
U=[ ...        
   1.110671e+00   2.971594e-02  -1.308646e-01;
   2.971594e-02   8.510229e-01  -1.536583e-02;
  -1.308646e-01  -1.536583e-02   1.012141e+00]
l=[ ...        
  -4.481640e-02  -7.726622e-03   3.133821e-03;
  -9.239324e-03  -4.699445e-02  -1.156501e-02;
  -1.681570e-02  -6.493162e-02   6.950082e-03]
d=[ ...        
  -4.481640e-02  -8.482973e-03  -6.840942e-03;
  -8.482973e-03  -4.699445e-02  -3.824832e-02;
  -6.840942e-03  -3.824832e-02   6.950082e-03]
     iteration=        3899999       process=              7       (i,j,k)=              1              1              1       (x,y,z)=   1.490252e-02   1.490244e-02   1.421362e-02     particles=             51
fabric=[ ...   
   3.707602e-01   4.215816e-02   5.403580e-02;
   4.215816e-02   2.541232e-01   7.883715e-03;
   5.403580e-02   7.883715e-03   3.751166e-01]
sigma=[ ...    
  -6.577052e+01  -2.770581e-01  -1.228032e+01;
  -5.851505e-01  -2.945260e+01  -2.973584e+00;
  -1.743745e+01   8.310728e-02  -4.962995e+01]
sigmaDot=[ ... 
  -2.958049e+05  -2.781623e+05   1.475438e+06;
  -3.984793e+05  -6.543206e+04   3.669483e+04;
   3.504734e+05   6.831230e+06   7.992837e+05]
intgraE=[ ...  
   4.018661e-02  -6.206567e-02  -2.686848e-03;
  -6.206567e-02   1.400691e-01  -1.016528e-01;
  -2.686848e-03  -1.016528e-01  -7.114755e-02]
E=[ ...        
   1.236360e-01   7.260599e-02   2.264236e-01;
   7.260599e-02  -2.653005e-01  -5.307542e-01;
   2.264236e-01  -5.307542e-01   2.744679e+00]
e=[ ...        
  -1.369779e+00   2.652879e-01   5.476051e-01;
   2.652879e-01   7.627021e-02  -1.786883e-01;
   5.476051e-01  -1.786883e-01   2.275351e-01]
intgraF=[ ...  
   1.019429e+00   1.006393e-01  -6.267019e-02;
  -1.986986e-01   1.123792e+00  -1.064703e-01;
   4.070247e-02  -8.427118e-02   9.178461e-01]
F=[ ...        
   2.263481e-01   4.018525e-01   6.800985e-01;
   9.879779e-01   2.818164e-01  -7.992870e-01;
   4.689758e-01  -4.780096e-01   2.321199e+00]
R=[ ...        
   6.158141e-02   9.174352e-01   3.930908e-01;
   9.305429e-01   8.966024e-02  -3.550366e-01;
   3.609676e-01  -3.876515e-01   8.481914e-01]
U=[ ...        
   1.102580e+00   1.144429e-01   1.359883e-01;
   1.144429e-01   5.792425e-01  -3.475342e-01;
   1.359883e-01  -3.475342e-01   2.519938e+00]
l=[ ...        
  -1.298120e-02   5.855348e-02   6.508071e-02;
  -3.794177e-03   1.639430e-02   1.634137e-01;
   4.703897e-02  -4.104259e-02  -4.695221e-02]
d=[ ...        
  -1.298120e-02   2.737965e-02   5.605984e-02;
   2.737965e-02   1.639430e-02   6.118553e-02;
   5.605984e-02   6.118553e-02  -4.695221e-02]
