     iteration=        5599999       process=              0       (i,j,k)=              0              0              0       (x,y,z)=   5.135352e-03   5.137247e-03   4.902041e-03     particles=             68
fabric=[ ...   
   3.572453e-01   6.747506e-04  -2.942740e-02;
   6.747506e-04   3.284751e-01   3.180906e-02;
  -2.942740e-02   3.180906e-02   3.050203e-01]
sigma=[ ...    
  -1.123521e+03  -3.397383e+01   3.999505e+02;
  -2.656842e+01  -7.956390e+02  -9.185662e+01;
   3.954575e+02  -9.217465e+01  -7.586446e+02]
sigmaDot=[ ... 
   5.411233e+05  -8.282060e+04  -5.106080e+06;
  -3.928158e+06  -5.138984e+05  -2.056342e+06;
   5.708892e+05  -2.266146e+06  -1.896841e+04]
intgraE=[ ...  
   6.685012e-03  -1.399371e-02   2.628705e-02;
  -1.399371e-02  -1.185547e-02  -6.092048e-03;
   2.628705e-02  -6.092048e-03   3.573238e-02]
E=[ ...        
   3.533439e-02   1.522061e-02   1.463588e-02;
   1.522061e-02  -9.652634e-03  -2.768687e-03;
   1.463588e-02  -2.768687e-03   2.323137e-02]
e=[ ...        
   3.264160e-02   1.414706e-02   1.314434e-02;
   1.414706e-02  -1.050883e-02  -3.499600e-03;
   1.314434e-02  -3.499600e-03   2.159669e-02]
intgraF=[ ...  
   1.006330e+00  -1.493932e-02   2.914621e-02;
  -1.291214e-02   9.879213e-01  -2.677171e-03;
   2.243044e-02  -8.798512e-03   1.034702e+00]
F=[ ...        
   1.034685e+00   2.310787e-02   2.121551e-02;
   6.577758e-03   9.900269e-01  -8.908267e-03;
   7.215137e-03   2.729815e-03   1.022709e+00]
R=[ ...        
   9.999434e-01   8.153301e-03   6.834796e-03;
  -8.113694e-03   9.999502e-01  -5.802819e-03;
  -6.881768e-03   5.747035e-03   9.999598e-01]
U=[ ...        
   1.034524e+00   1.505500e-02   1.424854e-02;
   1.505500e-02   9.901818e-01  -2.857304e-03;
   1.424854e-02  -2.857304e-03   1.022864e+00]
l=[ ...        
  -1.728523e-02   7.548725e-03   1.760358e-03;
   9.933831e-03  -2.150632e-02   1.297624e-02;
   4.111022e-02  -3.804665e-02   8.475033e-03]
d=[ ...        
  -1.728523e-02   8.741278e-03   2.143529e-02;
   8.741278e-03  -2.150632e-02  -1.253520e-02;
   2.143529e-02  -1.253520e-02   8.475033e-03]
     iteration=        5599999       process=              1       (i,j,k)=              0              0              1       (x,y,z)=   5.135352e-03   5.137247e-03   1.416841e-02     particles=             57
fabric=[ ...   
   3.291425e-01  -1.392981e-02  -3.836125e-04;
  -1.392981e-02   3.245741e-01   2.243031e-04;
  -3.836125e-04   2.243031e-04   3.351723e-01]
sigma=[ ...    
  -2.915676e+02   8.164687e+01   2.136917e+01;
   8.310308e+01  -4.298625e+02  -6.608494e+00;
   2.049634e+01  -9.080582e+00  -3.889173e+02]
sigmaDot=[ ... 
  -3.141318e+05  -1.593898e+06  -3.899577e+06;
  -1.545298e+06  -4.525257e+05   5.718595e+04;
  -4.639385e+05  -4.429369e+06  -7.709446e+05]
intgraE=[ ...  
  -9.653443e-02   1.052111e-02  -2.793958e-01;
   1.052111e-02   5.065165e-02  -2.566477e-02;
  -2.793958e-01  -2.566477e-02   5.595872e-01]
E=[ ...        
   1.090905e-01   5.648070e-02  -1.923824e-01;
   5.648070e-02  -2.269853e-01  -1.888206e-01;
  -1.923824e-01  -1.888206e-01   2.347770e-01]
e=[ ...        
   3.000931e-02   1.875051e-01  -1.407823e-02;
   1.875051e-01  -4.256301e-01  -3.901712e-01;
  -1.407823e-02  -3.901712e-01  -1.086774e-01]
intgraF=[ ...  
   8.970190e-01   2.549735e-02  -6.912549e-01;
  -3.611095e-03   1.048318e+00  -8.217015e-02;
   4.769643e-02   4.101342e-02   1.278511e+00]
F=[ ...        
   1.069183e+00  -8.149429e-02  -2.497203e-01;
   2.736294e-01   7.331986e-01  -4.799045e-01;
   1.248821e-02  -4.251923e-02   1.084844e+00]
R=[ ...        
   9.725158e-01  -2.057420e-01  -1.090104e-01;
   1.778939e-01   9.586280e-01  -2.222299e-01;
   1.502225e-01   1.967297e-01   9.688811e-01]
U=[ ...        
   1.090350e+00   4.478977e-02  -1.652611e-01;
   4.478977e-02   7.112667e-01  -1.952510e-01;
  -1.652611e-01  -1.952510e-01   1.184956e+00]
l=[ ...        
   6.158310e-03  -3.030004e-03  -5.081433e-02;
   4.927711e-02  -2.237364e-02  -5.428097e-02;
   4.445693e-03   2.272356e-02  -5.544014e-02]
d=[ ...        
   6.158310e-03   2.312356e-02  -2.318432e-02;
   2.312356e-02  -2.237364e-02  -1.577870e-02;
  -2.318432e-02  -1.577870e-02  -5.544014e-02]
     iteration=        5599999       process=              2       (i,j,k)=              0              1              0       (x,y,z)=   5.135352e-03   1.486083e-02   4.902041e-03     particles=             74
fabric=[ ...   
   3.771732e-01   6.679269e-03  -3.997051e-04;
   6.679269e-03   2.828584e-01   8.282312e-03;
  -3.997051e-04   8.282312e-03   3.399684e-01]
sigma=[ ...    
  -7.709383e+02  -4.185336e+01  -1.895131e+01;
  -4.763651e+01  -6.166161e+02  -1.884495e+00;
  -1.479587e+01   1.620996e+00  -1.072857e+03]
sigmaDot=[ ... 
  -3.540800e+05  -1.720322e+05  -4.433647e+05;
  -3.724064e+05  -3.040181e+05  -2.808308e+05;
  -5.103257e+05  -3.368401e+04  -1.884921e+05]
intgraE=[ ...  
   2.083013e-02   1.272936e-02   1.613540e-02;
   1.272936e-02  -4.966808e-02  -9.376750e-03;
   1.613540e-02  -9.376750e-03  -1.004966e-03]
E=[ ...        
   9.145326e-03   1.512680e-02   2.782232e-02;
   1.512680e-02   3.922125e-02   7.446353e-02;
   2.782232e-02   7.446353e-02   2.636576e-02]
e=[ ...        
   6.477584e-03   9.401690e-03   2.424509e-02;
   9.401690e-03   2.759237e-02   6.653256e-02;
   2.424509e-02   6.653256e-02   1.452525e-02]
intgraF=[ ...  
   1.020111e+00   6.727900e-03   7.074331e-03;
   1.993987e-02   9.489212e-01  -6.203069e-03;
   2.520435e-02  -1.292844e-02   9.989502e-01]
F=[ ...        
   1.008035e+00   1.037702e-02   9.816509e-03;
   1.627332e-02   1.036241e+00   7.710261e-02;
   4.349082e-02   6.737340e-02   1.023079e+00]
R=[ ...        
   9.998609e-01  -2.197551e-03  -1.653404e-02;
   2.276923e-03   9.999860e-01   4.783268e-03;
   1.652329e-02  -4.820249e-03   9.998519e-01]
U=[ ...        
   1.008650e+00   1.384825e-02   2.689533e-02;
   1.384825e-02   1.035879e+00   7.214846e-02;
   2.689533e-02   7.214846e-02   1.023134e+00]
l=[ ...        
  -2.627210e-02  -4.421398e-02  -3.555036e-02;
   2.595904e-02  -6.850223e-03  -7.722063e-03;
   2.920740e-02  -5.208204e-02  -2.433766e-02]
d=[ ...        
  -2.627210e-02  -9.127472e-03  -3.171480e-03;
  -9.127472e-03  -6.850223e-03  -2.990205e-02;
  -3.171480e-03  -2.990205e-02  -2.433766e-02]
     iteration=        5599999       process=              3       (i,j,k)=              0              1              1       (x,y,z)=   5.135352e-03   1.486083e-02   1.416841e-02     particles=             46
fabric=[ ...   
   3.209648e-01   5.645934e-02  -6.809229e-03;
   5.645934e-02   3.261414e-01   4.055839e-02;
  -6.809229e-03   4.055839e-02   3.528939e-01]
sigma=[ ...    
  -1.107343e+03  -9.065863e+01  -2.444465e+02;
  -6.311587e+01  -8.198584e+02  -1.023634e+02;
  -2.364673e+02  -1.015084e+02  -1.663094e+03]
sigmaDot=[ ... 
  -5.616260e+05   2.898740e+05  -1.338074e+05;
  -4.873715e+05  -7.061707e+05  -9.099762e+04;
  -2.889714e+05   6.806350e+04   1.464041e+05]
intgraE=[ ...  
   6.048805e-03   8.256021e-02  -8.491180e-02;
   8.256021e-02  -2.825978e-02  -3.221566e-02;
  -8.491180e-02  -3.221566e-02   1.483693e-01]
E=[ ...        
   2.068697e-02   8.594840e-02   1.319581e-01;
   8.594840e-02  -3.085402e-02   4.567797e-02;
   1.319581e-01   4.567797e-02   1.848320e-01]
e=[ ...        
  -5.605773e-02   8.148910e-02   4.712895e-02;
   8.148910e-02  -4.280925e-02   5.270218e-02;
   4.712895e-02   5.270218e-02   1.456260e-01]
intgraF=[ ...  
   1.002211e+00   8.061915e-02  -1.546236e-01;
   8.687690e-02   9.677120e-01  -2.726208e-02;
  -1.107367e-02  -2.268337e-02   1.127868e+00]
F=[ ...        
   9.511624e-01   6.111981e-02  -1.608473e-01;
   1.185791e-01   9.667213e-01   1.076403e-01;
   3.501472e-01  -2.487645e-03   1.154212e+00]
R=[ ...        
   9.711979e-01  -1.257001e-02  -2.379427e-01;
   2.688452e-02   9.980116e-01   5.701024e-02;
   2.367529e-01  -6.176519e-02   9.696046e-01]
U=[ ...        
   1.009853e+00   8.476031e-02   1.199424e-01;
   8.476031e-02   9.641844e-01   3.815797e-02;
   1.199424e-01   3.815797e-02   1.163539e+00]
l=[ ...        
   1.252913e-02  -4.451798e-02   5.115556e-03;
   3.453086e-03   4.326998e-03   5.223914e-02;
   3.272067e-03  -8.866305e-03  -1.263621e-02]
d=[ ...        
   1.252913e-02  -2.053245e-02   4.193811e-03;
  -2.053245e-02   4.326998e-03   2.168642e-02;
   4.193811e-03   2.168642e-02  -1.263621e-02]
     iteration=        5599999       process=              4       (i,j,k)=              1              0              0       (x,y,z)=   1.485945e-02   5.137247e-03   4.902041e-03     particles=             66
fabric=[ ...   
   3.627554e-01  -4.604903e-02  -2.098291e-02;
  -4.604903e-02   3.626187e-01   9.210637e-04;
  -2.098291e-02   9.210637e-04   2.746259e-01]
sigma=[ ...    
  -8.709934e+02   7.007522e+01  -9.975000e+01;
   7.900200e+01  -7.337963e+02   4.203003e+01;
  -8.698365e+01   4.134466e+01  -4.117009e+02]
sigmaDot=[ ... 
   1.076331e+05   1.104386e+06  -4.711725e+06;
  -1.700956e+06   3.045592e+05  -2.029607e+05;
  -2.456914e+06   1.212066e+07  -5.532356e+05]
intgraE=[ ...  
  -2.146825e-02   3.632799e-02  -2.482692e-02;
   3.632799e-02   8.621829e-03  -9.243693e-03;
  -2.482692e-02  -9.243693e-03   6.781476e-02]
E=[ ...        
   2.141805e-01  -6.036674e-01   2.942371e-01;
  -6.036674e-01   1.585726e+00  -5.993874e-01;
   2.942371e-01  -5.993874e-01   1.024871e-01]
e=[ ...        
   6.916002e-02  -1.642309e-01   1.135743e-01;
  -1.642309e-01   2.991470e-01  -5.082492e-02;
   1.135743e-01  -5.082492e-02  -1.722323e-01]
intgraF=[ ...  
   9.762799e-01   3.659066e-02   5.467966e-03;
   3.607191e-02   1.007858e+00  -6.649827e-03;
  -5.138042e-02  -1.124728e-02   1.065624e+00]
F=[ ...        
   1.171120e+00  -6.407293e-01   3.749820e-01;
  -2.339263e-01   1.937643e+00  -4.563053e-01;
   4.602228e-02  -8.036043e-02   9.252828e-01]
R=[ ...        
   9.855589e-01  -1.197215e-01   1.197512e-01;
   1.333873e-01   9.845452e-01  -1.134838e-01;
  -1.043141e-01   1.278183e-01   9.862966e-01]
U=[ ...        
   1.118204e+00  -3.646367e-01   2.121815e-01;
  -3.646367e-01   1.974135e+00  -3.758785e-01;
   2.121815e-01  -3.758785e-01   1.009291e+00]
l=[ ...        
  -2.952007e-02   1.295782e-03  -7.064853e-03;
  -4.038866e-03  -9.159462e-03  -1.392043e-02;
   2.782346e-03   1.691497e-02   1.494047e-02]
d=[ ...        
  -2.952007e-02  -1.371542e-03  -2.141254e-03;
  -1.371542e-03  -9.159462e-03   1.497271e-03;
  -2.141254e-03   1.497271e-03   1.494047e-02]
     iteration=        5599999       process=              5       (i,j,k)=              1              0              1       (x,y,z)=   1.485945e-02   5.137247e-03   1.416841e-02     particles=             42
fabric=[ ...   
   3.431087e-01  -6.370816e-03  -3.664742e-02;
  -6.370816e-03   3.603844e-01   6.026253e-03;
  -3.664742e-02   6.026253e-03   2.965069e-01]
sigma=[ ...    
  -3.306491e+02  -5.619688e+01   1.278438e+01;
  -5.830435e+01  -3.202156e+02   9.547514e+00;
   1.210142e+01   5.766259e+00  -1.644862e+02]
sigmaDot=[ ... 
  -2.545594e+05   4.627769e+05   3.923049e+06;
  -1.902805e+06   7.554360e+04  -8.995116e+04;
  -6.663074e+05   4.760109e+06   1.422828e+05]
intgraE=[ ...  
   2.684113e-02   1.863776e-02  -1.026478e-01;
   1.863776e-02   1.505201e-02  -3.567681e-02;
  -1.026478e-01  -3.567681e-02  -1.389767e-03]
E=[ ...        
   4.759563e-01  -2.987772e-01  -7.244056e-01;
  -2.987772e-01   1.734783e-01   3.264552e-01;
  -7.244056e-01   3.264552e-01   4.611215e-01]
e=[ ...        
  -1.303895e-01  -1.629252e-01  -4.106344e-01;
  -1.629252e-01   4.524825e-02   2.495169e-02;
  -4.106344e-01   2.495169e-02  -7.049153e-02]
intgraF=[ ...  
   1.023022e+00   4.967520e-02  -1.210263e-01;
  -2.963285e-02   9.935157e-01   1.333481e-01;
  -7.893363e-02  -2.014023e-01   9.822380e-01]
F=[ ...        
   1.236955e+00  -3.562958e-01  -4.963271e-01;
  -1.309894e-01   1.104375e+00   4.098035e-01;
  -6.361585e-01   1.913240e-02   1.227992e+00]
R=[ ...        
   9.844995e-01  -1.598390e-01   7.219575e-02;
   1.412353e-01   9.665705e-01   2.139955e-01;
  -1.039871e-01  -2.004819e-01   9.741631e-01]
U=[ ...        
   1.265433e+00  -1.967859e-01  -5.584504e-01;
  -1.967859e-01   1.120570e+00   2.292463e-01;
  -5.584504e-01   2.292463e-01   1.248127e+00]
l=[ ...        
  -1.493691e-02  -7.353333e-03   8.128981e-02;
   5.193654e-02   5.368322e-02   9.282911e-02;
   9.994023e-03  -4.409896e-03   8.386412e-03]
d=[ ...        
  -1.493691e-02   2.229160e-02   4.564191e-02;
   2.229160e-02   5.368322e-02   4.420961e-02;
   4.564191e-02   4.420961e-02   8.386412e-03]
     iteration=        5599999       process=              6       (i,j,k)=              1              1              0       (x,y,z)=   1.485945e-02   1.486083e-02   4.902041e-03     particles=             58
fabric=[ ...   
   3.654307e-01   2.239750e-02  -3.277167e-02;
   2.239750e-02   3.413708e-01   1.228716e-02;
  -3.277167e-02   1.228716e-02   2.931985e-01]
sigma=[ ...    
  -5.578430e+02   5.918124e+01   4.324089e+01;
   5.844706e+01  -7.000172e+02  -2.471632e+01;
   4.416132e+01  -2.511514e+01  -3.854872e+02]
sigmaDot=[ ... 
  -3.423042e+05   1.066241e+05  -1.330504e+05;
   3.011622e+04  -1.418624e+05   1.164287e+05;
   1.055646e+05   8.636302e+04  -2.408284e+05]
intgraE=[ ...  
  -7.882930e-02   6.437042e-02  -4.659667e-02;
   6.437042e-02  -9.143624e-02   1.689096e-03;
  -4.659667e-02   1.689096e-03  -2.535233e-02]
E=[ ...        
  -6.569912e-02  -2.265408e-02   6.222518e-02;
  -2.265408e-02  -1.128441e-01  -1.366274e-02;
   6.222518e-02  -1.366274e-02   2.077863e-02]
e=[ ...        
  -1.068563e-01  -2.496173e-02   5.739449e-02;
  -2.496173e-02  -1.466770e-01   3.167978e-03;
   5.739449e-02   3.167978e-03   2.954990e-02]
intgraF=[ ...  
   9.115412e-01   6.315053e-02  -2.564038e-02;
   7.187247e-02   8.978250e-01   9.620618e-02;
  -7.917281e-02  -8.396353e-02   9.692174e-01]
F=[ ...        
   9.107437e-01   2.968467e-02  -6.708464e-02;
  -5.380820e-02   8.691291e-01   1.270199e-01;
   1.904004e-01  -1.343327e-01   1.010407e+00]
R=[ ...        
   9.901175e-01   5.944965e-02  -1.270162e-01;
  -4.137367e-02   9.892180e-01   1.404850e-01;
   1.339985e-01  -1.338416e-01   9.819017e-01]
U=[ ...        
   9.294829e-01  -2.456813e-02   6.371607e-02;
  -2.456813e-02   8.795021e-01  -1.357232e-02;
   6.371607e-02  -1.357232e-02   1.018486e+00]
l=[ ...        
  -7.975408e-03  -2.394422e-03  -2.945643e-02;
   2.810394e-02   6.933719e-03   6.920507e-03;
  -1.314856e-02   1.461274e-02   3.009463e-02]
d=[ ...        
  -7.975408e-03   1.285476e-02  -2.130249e-02;
   1.285476e-02   6.933719e-03   1.076662e-02;
  -2.130249e-02   1.076662e-02   3.009463e-02]
     iteration=        5599999       process=              7       (i,j,k)=              1              1              1       (x,y,z)=   1.485945e-02   1.486083e-02   1.416841e-02     particles=             54
fabric=[ ...   
   3.451993e-01   1.076048e-02   1.026110e-02;
   1.076048e-02   3.081105e-01   4.178052e-02;
   1.026110e-02   4.178052e-02   3.308171e-01]
sigma=[ ...    
  -7.697068e+02  -4.942381e+01  -1.961618e+02;
  -3.663823e+01  -2.248920e+02  -8.025083e+01;
  -2.047645e+02  -8.485376e+01  -3.171369e+02]
sigmaDot=[ ... 
  -5.556586e+04   2.790384e+04   7.614954e+05;
  -2.611070e+06   2.110414e+04  -1.113598e+04;
   1.725174e+05   3.724197e+05  -9.966240e+04]
intgraE=[ ...  
   9.991278e-03  -4.808630e-02   8.987898e-03;
  -4.808630e-02   9.087516e-02  -1.012283e-01;
   8.987898e-03  -1.012283e-01  -5.722880e-02]
E=[ ...        
  -5.393880e-02   1.598058e-01   1.718278e-01;
   1.598058e-01  -3.115621e-01  -5.912991e-02;
   1.718278e-01  -5.912991e-02  -5.107845e-02]
e=[ ...        
  -4.290956e-01   8.825459e-01   8.456624e-01;
   8.825459e-01  -1.702482e+00  -1.329652e+00;
   8.456624e-01  -1.329652e+00  -1.248217e+00]
intgraF=[ ...  
   9.903226e-01   1.183438e-01  -3.338619e-02;
  -1.954176e-01   1.076826e+00  -1.058085e-01;
   3.249123e-02  -9.049849e-02   9.344690e-01]
F=[ ...        
   9.151695e-01   2.045077e-01   4.244100e-01;
   2.323521e-01   5.760404e-01  -2.769834e-01;
   2.448861e-02  -5.683224e-02   8.006244e-01]
R=[ ...        
   9.690834e-01   4.840288e-03   2.466858e-01;
   4.357456e-02   9.807348e-01  -1.904220e-01;
  -2.428551e-01   1.952841e-01   9.502029e-01]
U=[ ...        
   8.910530e-01   2.370877e-01   2.047835e-01;
   2.370877e-01   5.548343e-01  -1.132438e-01;
   2.047835e-01  -1.132438e-01   9.181953e-01]
l=[ ...        
  -4.027665e-02   3.180242e-02   4.491182e-02;
   2.667576e-02  -6.184431e-02  -5.021044e-02;
   2.269979e-02   3.543001e-02  -3.319268e-02]
d=[ ...        
  -4.027665e-02   2.923909e-02   3.380581e-02;
   2.923909e-02  -6.184431e-02  -7.390214e-03;
   3.380581e-02  -7.390214e-03  -3.319268e-02]
