     iteration=        5199999       process=              0       (i,j,k)=              0              0              0       (x,y,z)=   5.128955e-03   5.127543e-03   4.897149e-03     particles=             68
fabric=[ ...   
   3.952127e-01  -1.606428e-02  -3.564032e-02;
  -1.606428e-02   3.195291e-01   1.737540e-02;
  -3.564032e-02   1.737540e-02   2.760839e-01]
sigma=[ ...    
  -1.729229e+03   2.284299e+02   3.794153e+02;
   2.186140e+02  -1.969683e+03  -3.796785e+02;
   3.684994e+02  -3.843064e+02  -8.570534e+02]
sigmaDot=[ ... 
   4.686271e+05  -2.810032e+05  -7.171925e+04;
   2.572162e+05   2.800500e+05   3.076597e+05;
  -2.154810e+03   3.975922e+05  -1.709136e+05]
intgraE=[ ...  
   1.037689e-02  -1.273038e-02   2.671174e-02;
  -1.273038e-02  -1.233455e-02  -7.111200e-04;
   2.671174e-02  -7.111200e-04   3.487646e-02]
E=[ ...        
   3.308099e-02   1.297423e-02   1.407391e-02;
   1.297423e-02  -1.222699e-02   1.560204e-03;
   1.407391e-02   1.560204e-03   2.234621e-02]
e=[ ...        
   3.067891e-02   1.230752e-02   1.257763e-02;
   1.230752e-02  -1.293700e-02   9.302028e-04;
   1.257763e-02   9.302028e-04   2.082835e-02]
intgraF=[ ...  
   1.010093e+00  -1.900251e-02   3.179106e-02;
  -6.243557e-03   9.873933e-01   4.324655e-03;
   2.064105e-02  -4.921948e-03   1.033791e+00]
F=[ ...        
   1.032490e+00   1.528618e-02   2.286594e-02;
   1.027117e-02   9.875666e-01  -2.330113e-03;
   4.465352e-03   4.963596e-03   1.021843e+00]
R=[ ...        
   9.999567e-01   2.468281e-03   8.973272e-03;
  -2.435332e-03   9.999903e-01  -3.681018e-03;
  -8.982270e-03   3.659005e-03   9.999530e-01]
U=[ ...        
   1.032381e+00   1.283588e-02   1.369215e-02;
   1.283588e-02   9.876128e-01   1.465280e-03;
   1.369215e-02   1.465280e-03   1.022009e+00]
l=[ ...        
  -2.027440e-02   8.725759e-03  -7.346052e-03;
  -3.942267e-02   3.199014e-02  -1.984219e-03;
  -1.378906e-04  -2.793559e-03   3.813645e-04]
d=[ ...        
  -2.027440e-02  -1.534845e-02  -3.741971e-03;
  -1.534845e-02   3.199014e-02  -2.388889e-03;
  -3.741971e-03  -2.388889e-03   3.813645e-04]
     iteration=        5199999       process=              1       (i,j,k)=              0              0              1       (x,y,z)=   5.128955e-03   5.127543e-03   1.418012e-02     particles=             58
fabric=[ ...   
   2.383547e-01  -2.183864e-03  -3.280912e-02;
  -2.183864e-03   3.436940e-01  -3.039726e-03;
  -3.280912e-02  -3.039726e-03   4.179514e-01]
sigma=[ ...    
  -4.763774e+02   5.527030e+01   9.383021e+01;
   6.504281e+01  -9.257473e+02  -6.139197e+01;
   9.608192e+01  -6.910338e+01  -8.797522e+02]
sigmaDot=[ ... 
  -1.231903e+06  -3.236748e+04  -7.172029e+05;
   1.255069e+06   2.138859e+05  -5.308365e+05;
  -9.376744e+03  -4.876261e+06  -5.558229e+05]
intgraE=[ ...  
  -9.731738e-02   1.363206e-02  -2.790636e-01;
   1.363206e-02   5.165628e-02  -2.071106e-02;
  -2.790636e-01  -2.071106e-02   5.766887e-01]
E=[ ...        
   7.328727e+00   3.521372e+00  -4.347333e+00;
   3.521372e+00   1.752410e+00  -1.942355e+00;
  -4.347333e+00  -1.942355e+00   1.959490e+00]
e=[ ...        
   3.739123e-01   4.909806e-02   1.828627e-01;
   4.909806e-02  -4.585019e+00   3.271060e+00;
   1.828627e-01   3.271060e+00  -2.073844e+00]
intgraF=[ ...  
   8.960332e-01   3.444224e-02  -6.947516e-01;
  -5.364096e-03   1.049024e+00  -6.702422e-02;
   4.960732e-02   4.091733e-02   1.290816e+00]
F=[ ...        
   3.572232e+00   1.114804e+00  -2.012198e+00;
   8.272272e-01   1.021718e+00  -6.871360e-01;
   1.487383e+00   1.489337e+00  -6.307805e-01]
R=[ ...        
   8.531587e-01  -1.349927e-01  -5.038821e-01;
  -3.409580e-01   5.867443e-01  -7.344922e-01;
   3.948011e-01   7.984410e-01   4.545592e-01]
U=[ ...        
   3.352851e+00   1.190733e+00  -1.731472e+00;
   1.190733e+00   1.638145e+00  -6.351821e-01;
  -1.731472e+00  -6.351821e-01   1.231879e+00]
l=[ ...        
   1.670103e-02  -1.456214e-02  -1.342029e-02;
   2.963159e-02  -4.976467e-02  -1.711686e-02;
   2.302711e-02  -1.513893e-02  -5.522025e-02]
d=[ ...        
   1.670103e-02   7.534724e-03   4.803413e-03;
   7.534724e-03  -4.976467e-02  -1.612790e-02;
   4.803413e-03  -1.612790e-02  -5.522025e-02]
     iteration=        5199999       process=              2       (i,j,k)=              0              1              0       (x,y,z)=   5.128955e-03   1.486924e-02   4.897149e-03     particles=             73
fabric=[ ...   
   3.211324e-01  -4.832115e-03  -2.845633e-02;
  -4.832115e-03   3.692090e-01  -2.526848e-03;
  -2.845633e-02  -2.526848e-03   3.096585e-01]
sigma=[ ...    
  -1.594107e+03   4.597632e+01   3.597187e+01;
   2.050798e+01  -2.235467e+03   4.844931e+00;
   3.604211e+01   1.061176e+01  -2.021656e+03]
sigmaDot=[ ... 
   3.496925e+05  -6.596036e+05   5.235630e+05;
   1.427700e+06   1.772880e+06   1.662805e+05;
   1.867499e+06   6.313659e+04   2.880138e+05]
intgraE=[ ...  
   2.046650e-02   1.228492e-02   1.415397e-02;
   1.228492e-02  -4.831900e-02  -7.173863e-03;
   1.415397e-02  -7.173863e-03   2.663802e-03]
E=[ ...        
   1.511099e-02   1.277576e-02   1.837704e-02;
   1.277576e-02   9.746089e-03   5.796727e-02;
   1.837704e-02   5.796727e-02   1.962594e-02]
e=[ ...        
   1.363723e-02   9.695221e-03   1.643092e-02;
   9.695221e-03   2.706011e-03   5.505152e-02;
   1.643092e-02   5.505152e-02   1.270648e-02]
intgraF=[ ...  
   1.019899e+00   1.022218e-02   5.615812e-03;
   1.508401e-02   9.503611e-01  -6.246495e-03;
   2.261523e-02  -8.446533e-03   1.002625e+00]
F=[ ...        
   1.014593e+00   1.815530e-02   7.670718e-03;
   5.424025e-03   1.007804e+00   5.519790e-02;
   2.816747e-02   5.910783e-02   1.017913e+00]
R=[ ...        
   9.999258e-01   6.559194e-03  -1.026386e-02;
  -6.577784e-03   9.999768e-01  -1.778511e-03;
   1.025195e-02   1.845892e-03   9.999457e-01]
U=[ ...        
   1.014771e+00   1.213081e-02   1.774266e-02;
   1.213081e-02   1.008009e+00   5.712589e-02;
   1.774266e-02   5.712589e-02   1.017681e+00]
l=[ ...        
  -3.832448e-03  -1.563258e-03   7.128331e-02;
   1.439311e-02  -1.976116e-02   2.126896e-02;
  -2.951346e-02  -1.210767e-02  -1.004059e-02]
d=[ ...        
  -3.832448e-03   6.414927e-03   2.088493e-02;
   6.414927e-03  -1.976116e-02   4.580642e-03;
   2.088493e-02   4.580642e-03  -1.004059e-02]
     iteration=        5199999       process=              3       (i,j,k)=              0              1              1       (x,y,z)=   5.128955e-03   1.486924e-02   1.418012e-02     particles=             46
fabric=[ ...   
   3.000311e-01   2.368543e-02  -2.783496e-02;
   2.368543e-02   2.968156e-01   1.744621e-02;
  -2.783496e-02   1.744621e-02   3.927366e-01]
sigma=[ ...    
  -1.239572e+03  -1.721557e+02  -6.525707e+01;
  -1.844286e+02  -1.227182e+03  -1.949510e+02;
  -8.077651e+01  -2.022346e+02  -2.736546e+03]
sigmaDot=[ ... 
   5.991186e+05  -7.316967e+05  -1.594650e+05;
   2.127169e+06   2.264676e+05  -1.105804e+05;
   1.181192e+05  -7.421828e+06  -2.581151e+05]
intgraE=[ ...  
   4.680236e-03   8.500935e-02  -8.742476e-02;
   8.500935e-02  -2.851640e-02  -3.461417e-02;
  -8.742476e-02  -3.461417e-02   1.547186e-01]
E=[ ...        
   4.136897e-02   9.535378e-02   1.131578e-01;
   9.535378e-02  -1.659307e-02   4.741597e-02;
   1.131578e-01   4.741597e-02   2.699047e-01]
e=[ ...        
  -1.783118e-02   8.540993e-02   2.502246e-02;
   8.540993e-02  -2.945155e-02   4.448942e-02;
   2.502246e-02   4.448942e-02   1.829428e-01]
intgraF=[ ...  
   1.000673e+00   8.401622e-02  -1.571105e-01;
   8.856494e-02   9.671713e-01  -3.204922e-02;
  -1.305800e-02  -2.209273e-02   1.133016e+00]
F=[ ...        
   9.837413e-01   5.070245e-02  -1.679187e-01;
   1.325357e-01   9.813529e-01   6.215538e-02;
   3.121303e-01   3.448921e-02   1.227904e+00]
R=[ ...        
   9.766474e-01  -3.261956e-02  -2.123577e-01;
   3.686635e-02   9.991910e-01   1.606840e-02;
   2.116618e-01  -2.352202e-02   9.770599e-01]
U=[ ...        
   1.031721e+00   9.299736e-02   9.819458e-02;
   9.299736e-02   9.780939e-01   3.869974e-02;
   9.819458e-02   3.869974e-02   1.236394e+00]
l=[ ...        
  -1.978260e-02  -1.193166e-02   4.315134e-02;
  -1.515060e-02  -9.417388e-03   7.182290e-04;
  -1.394147e-02  -3.105604e-02  -1.257919e-02]
d=[ ...        
  -1.978260e-02  -1.354113e-02   1.460494e-02;
  -1.354113e-02  -9.417388e-03  -1.516890e-02;
   1.460494e-02  -1.516890e-02  -1.257919e-02]
     iteration=        5199999       process=              4       (i,j,k)=              1              0              0       (x,y,z)=   1.486971e-02   5.127543e-03   4.897149e-03     particles=             66
fabric=[ ...   
   3.789323e-01  -1.282459e-02  -6.780197e-03;
  -1.282459e-02   3.471734e-01  -2.811547e-02;
  -6.780197e-03  -2.811547e-02   2.738943e-01]
sigma=[ ...    
  -2.843065e+03   2.440712e+02   6.478917e+00;
   2.435993e+02  -2.305492e+03   2.688262e+02;
   5.766262e+00   2.735956e+02  -1.133712e+03]
sigmaDot=[ ... 
   2.898031e+04   1.887330e+04  -8.107325e+05;
  -1.411399e+06  -1.570215e+05   6.442098e+05;
   1.033353e+06   1.248242e+07  -5.976120e+05]
intgraE=[ ...  
  -1.950582e-02   3.629183e-02  -2.467825e-02;
   3.629183e-02   8.393534e-03  -8.528879e-03;
  -2.467825e-02  -8.528879e-03   6.537907e-02]
E=[ ...        
   1.397836e-01  -5.315597e-01   2.206505e-01;
  -5.315597e-01   1.501834e+00  -5.264015e-01;
   2.206505e-01  -5.264015e-01   8.944492e-03]
e=[ ...        
   3.935980e-02  -1.704050e-01   8.373044e-02;
  -1.704050e-01   2.956904e-01  -6.118272e-02;
   8.373044e-02  -6.118272e-02  -2.483620e-01]
intgraF=[ ...  
   9.782066e-01   3.537966e-02   6.474571e-03;
   3.700344e-02   1.007652e+00  -3.253309e-03;
  -5.225915e-02  -1.317409e-02   1.063346e+00]
F=[ ...        
   1.112574e+00  -6.053086e-01   3.139422e-01;
  -2.042262e-01   1.906152e+00  -4.246252e-01;
   6.162335e-03  -6.208338e-02   8.596643e-01]
R=[ ...        
   9.854280e-01  -1.205416e-01   1.200058e-01;
   1.340768e-01   9.846273e-01  -1.119485e-01;
  -1.046666e-01   1.264071e-01   9.864412e-01]
U=[ ...        
   1.068335e+00  -3.344192e-01   1.624569e-01;
  -3.344192e-01   1.941967e+00  -3.472729e-01;
   1.624569e-01  -3.472729e-01   9.332193e-01]
l=[ ...        
   2.759134e-02   7.067845e-03  -1.145400e-02;
  -7.032932e-02   2.553503e-02  -1.552999e-02;
  -3.509062e-02  -9.351121e-03  -3.503592e-02]
d=[ ...        
   2.759134e-02  -3.163074e-02  -2.327231e-02;
  -3.163074e-02   2.553503e-02  -1.244055e-02;
  -2.327231e-02  -1.244055e-02  -3.503592e-02]
     iteration=        5199999       process=              5       (i,j,k)=              1              0              1       (x,y,z)=   1.486971e-02   5.127543e-03   1.418012e-02     particles=             41
fabric=[ ...   
   3.730627e-01   3.152382e-02   1.734858e-02;
   3.152382e-02   3.483522e-01  -3.127172e-03;
   1.734858e-02  -3.127172e-03   2.785850e-01]
sigma=[ ...    
  -3.423834e+02  -2.977533e+01  -8.771647e+01;
  -2.765959e+01  -2.331384e+02  -4.932133e-01;
  -8.490184e+01  -7.595996e-01  -2.396074e+02]
sigmaDot=[ ... 
   4.122553e+05  -5.332596e+05  -2.436928e+05;
  -3.728488e+05   1.786522e+05   2.382221e+05;
  -2.888023e+05   3.039450e+05   2.522144e+05]
intgraE=[ ...  
   3.132781e-02   1.779814e-02  -1.024518e-01;
   1.779814e-02   1.303882e-02  -3.950648e-02;
  -1.024518e-01  -3.950648e-02  -7.805732e-04]
E=[ ...        
   5.266876e-01  -3.547877e-01  -7.371228e-01;
  -3.547877e-01   2.746882e-01   3.204909e-01;
  -7.371228e-01   3.204909e-01   4.180021e-01]
e=[ ...        
  -1.386956e-01  -2.096114e-01  -4.184682e-01;
  -2.096114e-01   6.623870e-02  -3.239579e-02;
  -4.184682e-01  -3.239579e-02  -6.634999e-02]
intgraF=[ ...  
   1.028103e+00   5.256349e-02  -1.304154e-01;
  -3.241590e-02   9.912925e-01   1.270465e-01;
  -6.789353e-02  -2.016282e-01   9.824917e-01]
F=[ ...        
   1.259818e+00  -4.225392e-01  -4.867479e-01;
  -1.488218e-01   1.170819e+00   3.671335e-01;
  -6.663977e-01   4.516217e-03   1.210080e+00]
R=[ ...        
   9.807825e-01  -1.738510e-01   8.855199e-02;
   1.525680e-01   9.663063e-01   2.073045e-01;
  -1.216084e-01  -1.898104e-01   9.742604e-01]
U=[ ...        
   1.293942e+00  -2.363388e-01  -5.685369e-01;
  -2.363388e-01   1.203971e+00   2.096992e-01;
  -5.685369e-01   2.096992e-01   1.211939e+00]
l=[ ...        
  -5.078898e-02  -8.073856e-03   2.437030e-02;
   2.040256e-02  -4.916515e-02   1.847026e-01;
  -1.697357e-02  -3.797669e-03  -3.757329e-03]
d=[ ...        
  -5.078898e-02   6.164350e-03   3.698363e-03;
   6.164350e-03  -4.916515e-02   9.045247e-02;
   3.698363e-03   9.045247e-02  -3.757329e-03]
     iteration=        5199999       process=              6       (i,j,k)=              1              1              0       (x,y,z)=   1.486971e-02   1.486924e-02   4.897149e-03     particles=             59
fabric=[ ...   
   3.356952e-01  -1.194267e-02  -1.711365e-02;
  -1.194267e-02   4.229790e-01   1.131475e-02;
  -1.711365e-02   1.131475e-02   2.413259e-01]
sigma=[ ...    
  -7.906579e+02   3.477236e+02   3.557977e+01;
   3.448386e+02  -8.509982e+02  -5.049687e+01;
   2.400549e+01  -5.028106e+01  -5.141707e+02]
sigmaDot=[ ... 
   3.424176e+05  -3.053330e+05   5.835665e+06;
  -1.016754e+07   1.333566e+06  -1.475361e+06;
  -8.273831e+05   1.338892e+07  -5.636922e+05]
intgraE=[ ...  
  -7.886794e-02   6.410361e-02  -4.748035e-02;
   6.410361e-02  -9.262365e-02  -2.662745e-04;
  -4.748035e-02  -2.662745e-04  -2.148602e-02]
E=[ ...        
  -5.277546e-02   2.321834e-02   5.219131e-02;
   2.321834e-02  -1.345643e-01   3.248666e-02;
   5.219131e-02   3.248666e-02  -1.962435e-02]
e=[ ...        
  -8.146072e-02   2.285183e-02   5.192848e-02;
   2.285183e-02  -1.715594e-01   7.275631e-02;
   5.192848e-02   7.275631e-02  -3.428260e-02]
intgraF=[ ...  
   9.117642e-01   6.536674e-02  -2.735508e-02;
   6.901664e-02   8.961569e-01   9.472005e-02;
  -7.865692e-02  -8.592283e-02   9.732974e-01]
F=[ ...        
   9.215831e-01   1.042308e-01  -9.640835e-02;
  -2.857997e-02   8.397594e-01   2.268266e-01;
   2.105159e-01  -1.217027e-01   9.486867e-01]
R=[ ...        
   9.826556e-01   9.989891e-02  -1.562309e-01;
  -6.741050e-02   9.772872e-01   2.009118e-01;
   1.727533e-01  -1.868955e-01   9.670710e-01]
U=[ ...        
   9.438927e-01   2.478984e-02   5.386205e-02;
   2.478984e-02   8.538443e-01   3.473836e-02;
   5.386205e-02   3.473836e-02   9.780815e-01]
l=[ ...        
   1.829403e-02   2.734487e-03   2.689837e-03;
  -6.560320e-03   3.101719e-02   2.505003e-02;
  -6.281349e-02   7.890300e-03  -1.562820e-02]
d=[ ...        
   1.829403e-02  -1.912917e-03  -3.006183e-02;
  -1.912917e-03   3.101719e-02   1.647017e-02;
  -3.006183e-02   1.647017e-02  -1.562820e-02]
     iteration=        5199999       process=              7       (i,j,k)=              1              1              1       (x,y,z)=   1.486971e-02   1.486924e-02   1.418012e-02     particles=             54
fabric=[ ...   
   3.852199e-01   5.607753e-02   3.378799e-03;
   5.607753e-02   2.883076e-01   3.587363e-02;
   3.378799e-03   3.587363e-02   3.264725e-01]
sigma=[ ...    
  -6.379389e+02  -3.658044e+01  -1.648186e+02;
  -1.604009e+01  -1.902418e+02  -1.700638e+01;
  -1.617517e+02  -3.882897e+01  -3.167921e+02]
sigmaDot=[ ... 
  -1.031541e+07  -3.338841e+07   1.466821e+07;
   6.921799e+06   2.443750e+06  -8.755271e+05;
  -9.226667e+06  -3.645163e+07   4.992752e+06]
intgraE=[ ...  
   1.723010e-02  -5.378363e-02   2.174342e-03;
  -5.378363e-02   9.663520e-02  -9.903433e-02;
   2.174342e-03  -9.903433e-02  -6.378531e-02]
E=[ ...        
  -9.649870e-02   5.613292e-02   2.661620e-01;
   5.613292e-02  -3.058798e-01   5.614998e-02;
   2.661620e-01   5.614998e-02   1.117180e-01]
e=[ ...        
  -8.173142e-02   1.447415e-01   3.608415e-01;
   1.447415e-01  -8.697398e-01   5.977042e-02;
   3.608415e-01   5.977042e-02  -3.575743e-01]
intgraF=[ ...  
   9.978883e-01   1.061119e-01  -4.124354e-02;
  -1.946795e-01   1.083376e+00  -1.007397e-01;
   2.791192e-02  -9.114540e-02   9.276744e-01]
F=[ ...        
   8.970012e-01   1.484565e-01   6.297215e-01;
  -3.897295e-02   5.993870e-01   1.558691e-01;
  -2.953780e-02  -8.328423e-02   8.958748e-01]
R=[ ...        
   9.328522e-01   1.098589e-01   3.431003e-01;
  -1.654974e-01   9.766111e-01   1.372636e-01;
  -3.199959e-01  -1.848289e-01   9.292152e-01]
U=[ ...        
   8.526715e-01   6.594161e-02   2.749648e-01;
   6.594161e-02   6.170707e-01   5.582053e-02;
   2.749648e-01   5.582053e-02   1.069913e+00]
l=[ ...        
  -4.643444e-02   8.261396e-03   5.363375e-02;
  -4.321019e-02  -2.729593e-02  -1.331525e-01;
  -3.335614e-03  -6.961534e-03   2.801229e-05]
d=[ ...        
  -4.643444e-02  -1.747440e-02   2.514907e-02;
  -1.747440e-02  -2.729593e-02  -7.005700e-02;
   2.514907e-02  -7.005700e-02   2.801229e-05]
