     iteration=        3499999       process=              0       (i,j,k)=              0              0              0       (x,y,z)=   5.087436e-03   5.087438e-03   4.857829e-03     particles=             71
fabric=[ ...   
   3.211701e-01  -3.136618e-02  -4.060086e-02;
  -3.136618e-02   3.372849e-01  -3.584006e-03;
  -4.060086e-02  -3.584006e-03   3.339114e-01]
sigma=[ ...    
  -2.985310e+02   4.352146e+01   5.780706e+01;
   5.132454e+01  -2.817126e+02   1.153419e+01;
   5.847385e+01   2.862361e+00  -2.170778e+02]
sigmaDot=[ ... 
  -1.272315e+05   3.571994e+05  -7.174121e+03;
   9.477533e+04   4.917986e+04  -1.911374e+04;
   9.761300e+03   4.897682e+05  -1.907547e+05]
intgraE=[ ...  
   1.381863e-02  -9.849581e-03   1.879289e-02;
  -9.849581e-03  -5.356553e-03  -6.621904e-03;
   1.879289e-02  -6.621904e-03   2.536552e-02]
E=[ ...        
   2.608514e-02   4.896806e-03  -1.686024e-03;
   4.896806e-03  -1.055526e-02  -4.751326e-03;
  -1.686024e-03  -4.751326e-03   1.729472e-02]
e=[ ...        
   2.462634e-02   5.167962e-03  -1.497962e-03;
   5.167962e-03  -1.086833e-02  -4.334664e-03;
  -1.497962e-03  -4.334664e-03   1.677772e-02]
intgraF=[ ...  
   1.013651e+00  -2.240183e-02   2.517952e-02;
   3.193091e-03   9.942762e-01   1.817920e-03;
   1.176565e-02  -1.413748e-02   1.024741e+00]
F=[ ...        
   1.025604e+00  -7.317329e-03  -3.583397e-03;
   1.748974e-02   9.892096e-01   8.186838e-03;
   1.572247e-04  -1.733087e-02   1.017108e+00]
R=[ ...        
   9.999222e-01  -1.231347e-02  -1.968669e-03;
   1.233753e-02   9.998430e-01   1.272032e-02;
   1.811729e-03  -1.274362e-02   9.999172e-01]
U=[ ...        
   1.025741e+00   4.856248e-03  -1.639389e-03;
   4.856248e-03   9.893652e-01  -4.731966e-03;
  -1.639389e-03  -4.731966e-03   1.017135e+00]
l=[ ...        
   2.357036e-03   1.853794e-02  -7.800767e-03;
   3.863859e-04   1.574695e-02  -8.064297e-03;
   5.478508e-04   6.586124e-02  -1.008454e-03]
d=[ ...        
   2.357036e-03   9.462161e-03  -3.626458e-03;
   9.462161e-03   1.574695e-02   2.889847e-02;
  -3.626458e-03   2.889847e-02  -1.008454e-03]
     iteration=        3499999       process=              1       (i,j,k)=              0              0              1       (x,y,z)=   5.087436e-03   5.087438e-03   1.422367e-02     particles=             54
fabric=[ ...   
   3.383362e-01  -3.777221e-02  -3.125955e-02;
  -3.777221e-02   3.309899e-01   3.156984e-02;
  -3.125955e-02   3.156984e-02   3.306740e-01]
sigma=[ ...    
  -1.221359e+02   3.454038e+01   2.667522e+01;
   3.435893e+01  -9.402013e+01  -1.513316e+01;
   2.422038e+01  -1.787668e+01  -1.066747e+02]
sigmaDot=[ ... 
   4.973556e+05  -3.542081e+05   3.290485e+06;
   8.625053e+05  -3.040122e+05   2.301147e+06;
   3.798283e+04   2.691507e+05  -2.456310e+04]
intgraE=[ ...  
  -1.046333e-01   1.268816e-02  -2.519837e-01;
   1.268816e-02   7.451185e-02  -1.975571e-02;
  -2.519837e-01  -1.975571e-02   6.050302e-01]
E=[ ...        
  -2.712666e-01  -6.643990e-02   8.156624e-02;
  -6.643990e-02   1.065076e-01   1.072328e+00;
   8.156624e-02   1.072328e+00   2.633600e+00]
e=[ ...        
  -4.517390e-01  -4.217351e-01  -4.931482e-01;
  -4.217351e-01  -9.907316e-01  -3.696748e-01;
  -4.931482e-01  -3.696748e-01   1.384110e-01]
intgraF=[ ...  
   8.877931e-01   3.917113e-02  -6.429742e-01;
  -1.066224e-02   1.070434e+00  -6.433934e-02;
   4.942670e-02   4.074083e-02   1.338845e+00]
F=[ ...        
   5.814421e-01  -6.009298e-01  -1.063918e+00;
  -8.858822e-02   4.943400e-01  -4.551388e-01;
   3.339819e-01   7.794398e-01   2.219938e+00]
R=[ ...        
   8.777384e-01  -2.697914e-01  -3.959644e-01;
   7.999723e-02   8.973236e-01  -4.340631e-01;
   4.724147e-01   3.493178e-01   8.091980e-01]
U=[ ...        
   6.610452e-01  -1.196945e-01   7.847999e-02;
  -1.196945e-01   8.779809e-01   6.540932e-01;
   7.847999e-02   6.540932e-01   2.415202e+00]
l=[ ...        
  -1.187573e-02   1.686931e-02  -1.630400e-02;
   4.984747e-02   1.665671e-02   1.395300e-02;
   1.135375e-02   1.481458e-02  -4.783355e-02]
d=[ ...        
  -1.187573e-02   3.335839e-02  -2.475124e-03;
   3.335839e-02   1.665671e-02   1.438379e-02;
  -2.475124e-03   1.438379e-02  -4.783355e-02]
     iteration=        3499999       process=              2       (i,j,k)=              0              1              0       (x,y,z)=   5.087436e-03   1.491253e-02   4.857829e-03     particles=             73
fabric=[ ...   
   3.115841e-01  -5.003575e-06  -3.746097e-02;
  -5.003575e-06   3.784736e-01   9.530896e-03;
  -3.746097e-02   9.530896e-03   3.099423e-01]
sigma=[ ...    
  -1.863073e+02   1.078906e+01   4.250794e+01;
   5.105706e+00  -2.743635e+02  -3.379394e+01;
   4.029257e+01  -3.817233e+01  -1.463417e+02]
sigmaDot=[ ... 
  -6.223757e+03   5.292772e+04  -3.205341e+05;
  -2.569764e+06   4.871431e+05   2.330764e+05;
  -5.433976e+05  -2.919704e+05   3.165102e+05]
intgraE=[ ...  
   2.256145e-02   1.664354e-02   1.054478e-02;
   1.664354e-02  -3.678658e-02  -6.184952e-04;
   1.054478e-02  -6.184952e-04   1.586555e-03]
E=[ ...        
   3.012613e-02   3.830000e-02   2.107062e-02;
   3.830000e-02   2.535806e-03   1.979608e-02;
   2.107062e-02   1.979608e-02   2.930046e-02]
e=[ ...        
   2.373246e-02   3.588890e-02   1.638927e-02;
   3.588890e-02   8.944088e-04   1.886442e-02;
   1.638927e-02   1.886442e-02   2.599053e-02]
intgraF=[ ...  
   1.021909e+00   2.350722e-02  -5.888156e-03;
   9.542997e-03   9.622188e-01  -4.306326e-03;
   2.710556e-02   3.040313e-03   1.001559e+00]
F=[ ...        
   1.027785e+00   2.630191e-02   8.241301e-04;
   4.972658e-02   1.002163e+00   4.670275e-02;
   3.791690e-02  -7.037474e-03   1.027822e+00]
R=[ ...        
   9.997687e-01  -1.085223e-02  -1.856885e-02;
   1.134414e-02   9.995819e-01   2.659441e-02;
   1.827248e-02  -2.679891e-02   9.994738e-01]
U=[ ...        
   1.028804e+00   3.753591e-02   2.013461e-02;
   3.753591e-02   1.001647e+00   1.912976e-02;
   2.013461e-02   1.912976e-02   1.028508e+00]
l=[ ...        
   1.959981e-02  -1.419250e-02   2.600752e-02;
   1.433315e-02  -3.290326e-03   1.929989e-02;
   2.769209e-02  -2.213111e-02   6.175451e-02]
d=[ ...        
   1.959981e-02   7.032423e-05   2.684981e-02;
   7.032423e-05  -3.290326e-03  -1.415612e-03;
   2.684981e-02  -1.415612e-03   6.175451e-02]
     iteration=        3499999       process=              3       (i,j,k)=              0              1              1       (x,y,z)=   5.087436e-03   1.491253e-02   1.422367e-02     particles=             48
fabric=[ ...   
   3.496671e-01   3.407548e-02  -4.374609e-03;
   3.407548e-02   2.728067e-01   1.561948e-02;
  -4.374609e-03   1.561948e-02   3.630335e-01]
sigma=[ ...    
  -8.257740e+01  -7.905697e+00  -5.712760e+00;
  -1.798235e+01  -1.273995e+02  -2.545376e+01;
  -1.086547e+01  -2.461823e+01  -1.341803e+02]
sigmaDot=[ ... 
  -1.908319e+06  -7.803471e+05  -8.572623e+06;
   1.840196e+06  -1.649032e+05   4.615139e+05;
  -2.582104e+05   4.470500e+06   2.652134e+05]
intgraE=[ ...  
  -2.355292e-02   7.238977e-02  -6.765937e-02;
   7.238977e-02  -1.987576e-02  -2.055572e-02;
  -6.765937e-02  -2.055572e-02   1.575505e-01]
E=[ ...        
   9.994350e-02   8.428187e-02   2.582965e-02;
   8.428187e-02  -4.669516e-02   7.750146e-03;
   2.582965e-02   7.750146e-03   2.463339e-01]
e=[ ...        
   6.941509e-02   7.825591e-02  -1.429982e-03;
   7.825591e-02  -6.535605e-02   2.028982e-02;
  -1.429982e-03   2.028982e-02   1.656605e-01]
intgraF=[ ...  
   9.739372e-01   8.333577e-02  -1.254240e-01;
   6.500639e-02   9.762694e-01  -1.482724e-02;
  -1.070341e-02  -1.419873e-02   1.139803e+00]
F=[ ...        
   1.078315e+00   8.049654e-02  -1.481573e-01;
   8.751139e-02   9.487234e-01   3.829426e-02;
   1.716556e-01  -7.345944e-03   1.212127e+00]
R=[ ...        
   9.902635e-01  -3.782982e-04  -1.392052e-01;
   4.053494e-03   9.996506e-01   2.611872e-02;
   1.391467e-01  -2.642868e-02   9.899191e-01]
U=[ ...        
   1.092056e+00   8.253626e-02   2.210384e-02;
   8.253626e-02   9.485556e-01   6.302016e-03;
   2.210384e-02   6.302016e-03   1.221532e+00]
l=[ ...        
   2.438812e-02   4.673906e-02  -1.200829e-02;
   9.634957e-03  -3.501095e-02   1.059903e-02;
   7.933783e-03  -3.026033e-02  -2.731458e-02]
d=[ ...        
   2.438812e-02   2.818701e-02  -2.037252e-03;
   2.818701e-02  -3.501095e-02  -9.830649e-03;
  -2.037252e-03  -9.830649e-03  -2.731458e-02]
     iteration=        3499999       process=              4       (i,j,k)=              1              0              0       (x,y,z)=   1.491252e-02   5.087438e-03   4.857829e-03     particles=             64
fabric=[ ...   
   3.950402e-01  -2.441294e-03   9.280414e-03;
  -2.441294e-03   3.332148e-01  -2.075460e-02;
   9.280414e-03  -2.075460e-02   2.717450e-01]
sigma=[ ...    
  -5.105768e+02  -5.367063e+01  -4.035361e+01;
  -4.654342e+01  -2.779193e+02   7.252280e+01;
  -3.196752e+01   7.137992e+01  -2.160886e+02]
sigmaDot=[ ... 
   1.009998e+05  -1.625341e+05  -7.105595e+05;
   7.744160e+05   5.283630e+04   1.124916e+05;
  -5.563126e+05   1.797609e+05  -1.791708e+05]
intgraE=[ ...  
  -7.781844e-03   3.373774e-02  -1.271665e-02;
   3.373774e-02   2.990606e-02   5.722731e-03;
  -1.271665e-02   5.722731e-03   6.019762e-02]
E=[ ...        
  -4.704017e-02   9.839129e-03  -3.136350e-02;
   9.839129e-03   5.510676e-02  -2.687048e-03;
  -3.136350e-02  -2.687048e-03  -6.898885e-02]
e=[ ...        
  -5.675275e-02   5.209990e-03  -4.077804e-02;
   5.209990e-03   4.975410e-02  -6.471395e-03;
  -4.077804e-02  -6.471395e-03  -8.145136e-02]
intgraF=[ ...  
   9.905520e-01   1.596793e-02   2.522602e-03;
   5.088875e-02   1.028978e+00  -1.728413e-02;
  -2.556118e-02   2.758101e-02   1.058343e+00]
F=[ ...        
   9.496603e-01  -2.505695e-02  -1.830916e-02;
   4.007516e-02   1.053056e+00   1.707670e-02;
  -4.958861e-02  -2.566021e-02   9.281139e-01]
R=[ ...        
   9.993250e-01  -3.301248e-02   1.611681e-02;
   3.264892e-02   9.992176e-01   2.232239e-02;
  -1.684112e-02  -2.178112e-02   9.996209e-01]
U=[ ...        
   9.511628e-01   9.773259e-03  -3.336974e-02;
   9.773259e-03   1.053618e+00  -2.547590e-03;
  -3.336974e-02  -2.547590e-03   9.278482e-01]
l=[ ...        
   4.392048e-03  -3.414734e-03  -1.404396e-02;
   1.133941e-02  -1.396361e-02   1.017104e-02;
  -3.699273e-03   1.353354e-02   1.861327e-02]
d=[ ...        
   4.392048e-03   3.962337e-03  -8.871615e-03;
   3.962337e-03  -1.396361e-02   1.185229e-02;
  -8.871615e-03   1.185229e-02   1.861327e-02]
     iteration=        3499999       process=              5       (i,j,k)=              1              0              1       (x,y,z)=   1.491252e-02   5.087438e-03   1.422367e-02     particles=             43
fabric=[ ...   
   3.332388e-01   1.796536e-02   4.698349e-02;
   1.796536e-02   2.792037e-01   1.459132e-02;
   4.698349e-02   1.459132e-02   3.667242e-01]
sigma=[ ...    
  -3.545771e+01   1.175778e+00  -7.331122e+00;
   2.034060e+00  -3.304772e+01  -7.105619e+00;
  -1.340411e+01  -8.021600e+00  -6.159316e+01]
sigmaDot=[ ... 
  -9.935714e+04  -1.474880e+04  -2.102423e+05;
  -3.657146e+04  -2.446535e+04   3.588021e+04;
  -3.149009e+04  -7.207346e+04  -1.761848e+05]
intgraE=[ ...  
   6.338704e-02   5.132250e-02  -1.132026e-01;
   5.132250e-02   1.480006e-02  -5.496143e-02;
  -1.132026e-01  -5.496143e-02  -1.252602e-03]
E=[ ...        
   3.245573e-01  -2.989835e-02  -3.484849e-01;
  -2.989835e-02  -1.249795e-01  -2.315740e-03;
  -3.484849e-01  -2.315740e-03  -4.921109e-02]
e=[ ...        
   1.490082e-01   2.256762e-02  -2.735801e-01;
   2.256762e-02  -1.684937e-01   3.451272e-02;
  -2.735801e-01   3.451272e-02  -4.282287e-01]
intgraF=[ ...  
   1.059353e+00   1.064844e-01  -1.527720e-01;
  -2.509513e-02   9.821643e-01   1.351392e-01;
  -6.256978e-02  -2.315479e-01   9.776978e-01]
F=[ ...        
   1.276731e+00   2.067967e-03  -4.700270e-01;
  -4.391006e-02   8.440878e-01  -1.887201e-01;
  -1.309337e-01   1.937849e-01   8.031421e-01]
R=[ ...        
   9.855943e-01   3.458753e-02  -1.655522e-01;
  -7.260271e-02   9.706090e-01  -2.294494e-01;
   1.527504e-01   2.381635e-01   9.591379e-01]
U=[ ...        
   1.241527e+00  -2.964417e-02  -3.268741e-01;
  -2.964417e-02   8.655032e-01  -8.151311e-03;
  -3.268741e-01  -8.151311e-03   8.914397e-01]
l=[ ...        
   5.712263e-03  -2.512257e-02   4.966557e-02;
   3.039288e-02  -3.081330e-02   6.945682e-02;
  -5.202637e-02  -1.548197e-02   1.004507e-02]
d=[ ...        
   5.712263e-03   2.635155e-03  -1.180397e-03;
   2.635155e-03  -3.081330e-02   2.698742e-02;
  -1.180397e-03   2.698742e-02   1.004507e-02]
     iteration=        3499999       process=              6       (i,j,k)=              1              1              0       (x,y,z)=   1.491252e-02   1.491253e-02   4.857829e-03     particles=             61
fabric=[ ...   
   3.746713e-01  -1.526203e-02  -5.032449e-02;
  -1.526203e-02   3.612559e-01   2.608528e-02;
  -5.032449e-02   2.608528e-02   2.640728e-01]
sigma=[ ...    
  -4.724075e+01   3.045800e+01  -5.141301e-01;
   3.106443e+01  -4.718183e+01  -2.685873e+00;
  -1.482270e-01  -2.068815e+00  -1.840002e+01]
sigmaDot=[ ... 
  -1.012083e+04  -1.443091e+04   1.508073e+05;
   2.817727e+04   1.035245e+04   3.323819e+04;
  -1.413259e+05  -3.630704e+05   6.706307e+04]
intgraE=[ ...  
  -6.267864e-02   6.827981e-02  -3.711926e-02;
   6.827981e-02  -9.194082e-02   7.498900e-04;
  -3.711926e-02   7.498900e-04  -2.280816e-02]
E=[ ...        
   1.274415e-01   4.636106e-02  -1.276511e-01;
   4.636106e-02  -1.628832e-01  -1.423778e-01;
  -1.276511e-01  -1.423778e-01  -1.006055e-01]
e=[ ...        
   6.547203e-02  -2.281837e-02  -1.302566e-01;
  -2.281837e-02  -5.256332e-01  -2.483917e-01;
  -1.302566e-01  -2.483917e-01  -1.191560e-01]
intgraF=[ ...  
   9.302925e-01   6.803767e-02  -2.676387e-02;
   7.623770e-02   8.969043e-01   9.470554e-02;
  -5.819238e-02  -8.397611e-02   9.719559e-01]
F=[ ...        
   1.105593e+00  -3.565533e-03  -9.276583e-02;
   4.292858e-02   7.318239e-01   6.165287e-02;
  -1.752265e-01  -3.723637e-01   8.867820e-01]
R=[ ...        
   9.985691e-01  -4.491416e-02   2.902419e-02;
   3.575990e-02   9.643894e-01   2.620577e-01;
  -3.976072e-02  -2.606448e-01   9.646157e-01]
U=[ ...        
   1.112513e+00   3.741497e-02  -1.256875e-01;
   3.741497e-02   8.029781e-01  -1.675113e-01;
  -1.256875e-01  -1.675113e-01   8.688680e-01]
l=[ ...        
  -5.897706e-02   2.385533e-02   6.543789e-03;
  -7.437254e-02   3.138920e-02   2.594963e-02;
  -2.612345e-02   4.074192e-02   4.916371e-02]
d=[ ...        
  -5.897706e-02  -2.525861e-02  -9.789832e-03;
  -2.525861e-02   3.138920e-02   3.334578e-02;
  -9.789832e-03   3.334578e-02   4.916371e-02]
     iteration=        3499999       process=              7       (i,j,k)=              1              1              1       (x,y,z)=   1.491252e-02   1.491253e-02   1.422367e-02     particles=             51
fabric=[ ...   
   3.788129e-01   1.560323e-02  -2.202467e-02;
   1.560323e-02   2.668538e-01  -5.619051e-02;
  -2.202467e-02  -5.619051e-02   2.774102e-01]
sigma=[ ...    
  -5.559132e+00   1.691263e-01  -5.658803e-01;
   1.812563e-01  -1.263758e+00  -6.296231e-02;
  -2.115747e+00  -1.413287e-01  -2.009184e+00]
sigmaDot=[ ... 
   3.564895e+04   1.510841e+04  -1.122624e+05;
  -1.783527e+04   1.975067e+04   4.160009e+03;
  -3.545060e+03  -9.782317e+04   1.250409e+04]
intgraE=[ ...  
   4.047418e-02  -6.041407e-02  -7.367911e-03;
  -6.041407e-02   1.415515e-01  -1.155026e-01;
  -7.367911e-03  -1.155026e-01  -5.968617e-02]
E=[ ...        
   7.894845e-03   8.213474e-02   2.895912e-01;
   8.213474e-02  -2.252454e-01  -5.715332e-01;
   2.895912e-01  -5.715332e-01   3.345072e+00]
e=[ ...        
  -1.011220e+00   3.316812e-01   4.567674e-01;
   3.316812e-01  -5.062373e-02  -2.477811e-01;
   4.567674e-01  -2.477811e-01   2.429151e-01]
intgraF=[ ...  
   1.020750e+00   9.836727e-02  -7.410053e-02;
  -1.934745e-01   1.124799e+00  -1.240007e-01;
   3.980806e-02  -9.085121e-02   9.272328e-01]
F=[ ...        
   2.570700e-01   4.846259e-01   6.741489e-01;
   8.500127e-01   3.091470e-01  -9.364888e-01;
   4.766372e-01  -4.680544e-01   2.521638e+00]
R=[ ...        
   7.105842e-02   9.311096e-01   3.577509e-01;
   9.186148e-01   7.868115e-02  -3.872418e-01;
   3.887128e-01  -3.561520e-01   8.497400e-01]
U=[ ...        
   9.843762e-01   1.364850e-01   1.678243e-01;
   1.364850e-01   6.422624e-01  -3.440639e-01;
   1.678243e-01  -3.440639e-01   2.746561e+00]
l=[ ...        
   3.609673e-03  -4.387810e-03   4.287677e-02;
  -4.416205e-02   4.379881e-02   9.420500e-02;
  -4.159633e-02   2.011131e-03   1.291782e-01]
d=[ ...        
   3.609673e-03  -2.427493e-02   6.402191e-04;
  -2.427493e-02   4.379881e-02   4.810806e-02;
   6.402191e-04   4.810806e-02   1.291782e-01]
