     iteration=        4299999       process=              0       (i,j,k)=              0              0              0       (x,y,z)=   5.106811e-03   5.105921e-03   4.875227e-03     particles=             71
fabric=[ ...   
   3.295930e-01  -3.592209e-02  -2.759136e-02;
  -3.592209e-02   3.535503e-01   9.282308e-03;
  -2.759136e-02   9.282308e-03   3.027721e-01]
sigma=[ ...    
  -5.046264e+00   1.016861e+00   4.453242e-01;
   1.351595e+00  -6.406605e+00   1.111290e+00;
   4.955775e-01   1.175313e+00  -4.350722e+00]
sigmaDot=[ ... 
  -3.910469e+03   4.400285e+04   3.510511e+04;
   2.800400e+04  -1.720164e+04   6.762802e+04;
   3.485346e+04   5.137798e+04   1.037733e+03]
intgraE=[ ...  
   1.185750e-02  -9.951480e-03   2.330601e-02;
  -9.951480e-03  -1.047749e-02  -3.723975e-03;
   2.330601e-02  -3.723975e-03   2.640678e-02]
E=[ ...        
   3.173165e-02   1.241490e-02  -9.209355e-04;
   1.241490e-02  -1.156352e-02  -2.573739e-03;
  -9.209355e-04  -2.573739e-03   3.035548e-02]
e=[ ...        
   2.922360e-02   1.248937e-02  -7.766991e-04;
   1.248937e-02  -1.184655e-02  -2.387420e-03;
  -7.766991e-04  -2.387420e-03   2.863125e-02]
intgraF=[ ...  
   1.011649e+00  -1.965747e-02   2.905898e-02;
   9.529281e-05   9.892497e-01  -1.087851e-04;
   1.678394e-02  -6.599787e-03   1.025655e+00]
F=[ ...        
   1.030895e+00  -9.024736e-04   4.641132e-03;
   2.602264e-02   9.883484e-01   1.356008e-03;
  -6.468295e-03  -6.295287e-03   1.029897e+00]
R=[ ...        
   9.998969e-01  -1.333802e-02   5.326277e-03;
   1.331788e-02   9.999041e-01   3.799039e-03;
  -5.376438e-03  -3.727712e-03   9.999786e-01]
U=[ ...        
   1.031170e+00   1.229417e-02  -8.784641e-04;
   1.229417e-02   9.882891e-01  -2.545185e-03;
  -8.784641e-04  -2.545185e-03   1.029905e+00]
l=[ ...        
  -6.187139e-03  -2.298599e-02   4.559143e-02;
   5.315085e-03  -2.476543e-02   1.085794e-02;
  -8.161698e-04   8.647784e-03  -1.956630e-02]
d=[ ...        
  -6.187139e-03  -8.835453e-03   2.238763e-02;
  -8.835453e-03  -2.476543e-02   9.752861e-03;
   2.238763e-02   9.752861e-03  -1.956630e-02]
     iteration=        4299999       process=              1       (i,j,k)=              0              0              1       (x,y,z)=   5.106811e-03   5.105921e-03   1.420281e-02     particles=             56
fabric=[ ...   
   2.845501e-01  -1.125090e-02   2.312997e-02;
  -1.125090e-02   2.611241e-01  -4.273529e-02;
   2.312997e-02  -4.273529e-02   4.543258e-01]
sigma=[ ...    
  -2.743703e+00  -2.081336e-01  -7.138538e-01;
   2.788460e-01  -6.425510e-01   8.184069e-02;
  -7.203574e-01   8.269998e-02  -1.511321e+00]
sigmaDot=[ ... 
   6.664593e+02   1.654661e+04  -1.920032e+04;
   8.246153e+04   8.189449e+04   1.948882e+05;
  -3.432261e+04  -3.747015e+04  -8.514224e+03]
intgraE=[ ...  
  -1.083468e-01   1.213551e-02  -2.573672e-01;
   1.213551e-02   6.427677e-02  -2.054981e-02;
  -2.573672e-01  -2.054981e-02   5.979333e-01]
E=[ ...        
   1.741979e-01  -1.702695e-01  -3.964899e-01;
  -1.702695e-01  -2.807896e-03   2.200451e-01;
  -3.964899e-01   2.200451e-01  -1.077245e-02]
e=[ ...        
  -3.208101e-01   3.165148e-01  -5.555478e-01;
   3.165148e-01  -3.858918e-01   2.795753e-01;
  -5.555478e-01   2.795753e-01  -2.442884e-01]
intgraF=[ ...  
   8.838361e-01   2.892397e-02  -6.520322e-01;
  -2.998940e-03   1.061151e+00  -7.220450e-02;
   4.616363e-02   4.092621e-02   1.328724e+00]
F=[ ...        
   1.056059e+00  -2.270030e-01  -3.334172e-01;
   2.342821e-01   7.278775e-01  -2.828150e-01;
  -4.221939e-01   6.426883e-01   8.873014e-01]
R=[ ...        
   9.882754e-01  -1.252879e-01   8.726227e-02;
   1.515691e-01   8.739257e-01  -4.618233e-01;
  -1.839989e-02   4.696348e-01   8.826690e-01]
U=[ ...        
   1.086955e+00  -1.258432e-01  -3.887003e-01;
  -1.258432e-01   9.663803e-01   2.113214e-01;
  -3.887003e-01   2.113214e-01   8.847092e-01]
l=[ ...        
  -1.094608e-01  -5.234491e-02  -5.059384e-02;
   5.905297e-02  -5.595039e-02   1.313796e-02;
  -9.947478e-02   1.927890e-02  -4.445649e-02]
d=[ ...        
  -1.094608e-01   3.354031e-03  -7.503431e-02;
   3.354031e-03  -5.595039e-02   1.620843e-02;
  -7.503431e-02   1.620843e-02  -4.445649e-02]
     iteration=        4299999       process=              2       (i,j,k)=              0              1              0       (x,y,z)=   5.106811e-03   1.489203e-02   4.875227e-03     particles=             74
fabric=[ ...   
   3.089284e-01   1.611802e-02   9.845318e-03;
   1.611802e-02   3.266786e-01   1.623473e-02;
   9.845318e-03   1.623473e-02   3.264183e-01]
sigma=[ ...    
  -3.621892e+00  -9.976826e-01   9.708898e-02;
  -9.997379e-01  -4.917171e+00  -1.384022e+00;
   4.667426e-01  -1.027249e+00  -4.681231e+00]
sigmaDot=[ ... 
   1.512796e+04  -2.864026e+04   1.093653e+05;
  -6.295226e+04   1.130604e+04  -2.464948e+04;
   2.330035e+04   9.962268e+04  -4.667186e+03]
intgraE=[ ...  
   2.131410e-02   1.609374e-02   1.240096e-02;
   1.609374e-02  -4.232648e-02  -2.604286e-03;
   1.240096e-02  -2.604286e-03   7.590607e-04]
E=[ ...        
   9.554457e-03   2.821661e-02   1.982335e-02;
   2.821661e-02   1.858025e-02   4.217735e-02;
   1.982335e-02   4.217735e-02   1.820751e-02]
e=[ ...        
   5.746011e-03   2.412094e-02   1.639086e-02;
   2.412094e-02   1.282997e-02   3.945609e-02;
   1.639086e-02   3.945609e-02   1.590752e-02]
intgraF=[ ...  
   1.020681e+00   2.028577e-02  -1.480637e-03;
   1.207530e-02   9.565191e-01  -2.708777e-03;
   2.632603e-02  -2.585589e-03   1.000754e+00]
F=[ ...        
   1.007657e+00   1.044242e-02  -5.920299e-03;
   4.261755e-02   1.016648e+00   2.399663e-02;
   4.381223e-02   5.897392e-02   1.017745e+00]
R=[ ...        
   9.995910e-01  -1.575726e-02  -2.386702e-02;
   1.534879e-02   9.997342e-01  -1.720200e-02;
   2.413173e-02   1.682863e-02   9.995671e-01]
U=[ ...        
   1.008956e+00   2.746561e-02   1.901038e-02;
   2.746561e-02   1.017206e+00   4.121079e-02;
   1.901038e-02   4.121079e-02   1.017033e+00]
l=[ ...        
  -2.285282e-03  -2.812408e-02   9.363788e-03;
  -1.126862e-02  -3.853906e-02   1.885997e-02;
   1.839492e-02  -1.235487e-03  -5.148775e-03]
d=[ ...        
  -2.285282e-03  -1.969635e-02   1.387935e-02;
  -1.969635e-02  -3.853906e-02   8.812240e-03;
   1.387935e-02   8.812240e-03  -5.148775e-03]
     iteration=        4299999       process=              3       (i,j,k)=              0              1              1       (x,y,z)=   5.106811e-03   1.489203e-02   1.420281e-02     particles=             47
fabric=[ ...   
   3.641355e-01   8.460092e-02   5.035837e-02;
   8.460092e-02   3.019319e-01  -3.474584e-02;
   5.035837e-02  -3.474584e-02   3.339327e-01]
sigma=[ ...    
  -5.120089e+00  -3.041451e+00  -1.966753e-03;
  -2.062793e+00  -5.902698e+00  -1.714600e-01;
  -7.540841e-01   5.588351e-01  -2.903478e+00]
sigmaDot=[ ... 
   1.575261e+04  -1.619693e+04   1.932564e+05;
  -4.894743e+05   4.715131e+04  -6.741340e+04;
  -2.361283e+04   3.540703e+04   2.164667e+04]
intgraE=[ ...  
  -7.422601e-03   8.352180e-02  -8.868521e-02;
   8.352180e-02  -2.487391e-02  -4.150385e-02;
  -8.868521e-02  -4.150385e-02   1.727097e-01]
E=[ ...        
  -3.268596e-02   5.533139e-02   6.300873e-02;
   5.533139e-02  -6.746675e-02   6.764518e-02;
   6.300873e-02   6.764518e-02   2.851116e-01]
e=[ ...        
  -5.164274e-02   5.772099e-02   5.781978e-03;
   5.772099e-02  -8.448047e-02   7.606844e-02;
   5.781978e-03   7.606844e-02   1.695342e-01]
intgraF=[ ...  
   9.886421e-01   8.413908e-02  -1.534992e-01;
   8.594971e-02   9.709274e-01  -4.646465e-02;
  -1.882084e-02  -2.174359e-02   1.148781e+00]
F=[ ...        
   9.499190e-01   6.614851e-02  -1.002578e-01;
   5.370236e-02   9.276616e-01   1.684784e-01;
   1.714587e-01  -1.160961e-02   1.237654e+00]
R=[ ...        
   9.919765e-01   1.880066e-02  -1.250165e-01;
  -7.950858e-03   9.962005e-01   8.672588e-02;
   1.261720e-01  -8.503605e-02   9.883570e-01]
U=[ ...        
   9.635036e-01   5.677725e-02   5.536430e-02;
   5.677725e-02   9.263678e-01   6.070818e-02;
   5.536430e-02   6.070818e-02   1.250389e+00]
l=[ ...        
   1.951312e-01   3.903505e-02  -3.527520e-01;
   3.597397e-01  -5.425050e-02  -6.606170e-01;
  -2.614249e-01   5.850274e-03   3.545365e-01]
d=[ ...        
   1.951312e-01   1.993874e-01  -3.070884e-01;
   1.993874e-01  -5.425050e-02  -3.273834e-01;
  -3.070884e-01  -3.273834e-01   3.545365e-01]
     iteration=        4299999       process=              4       (i,j,k)=              1              0              0       (x,y,z)=   1.489233e-02   5.105921e-03   4.875227e-03     particles=             66
fabric=[ ...   
   3.289368e-01   1.517246e-02   9.667978e-02;
   1.517246e-02   3.328682e-01  -2.493205e-02;
   9.667978e-02  -2.493205e-02   2.654677e-01]
sigma=[ ...    
  -9.467393e+00  -3.938549e+00  -4.513651e+00;
  -3.519772e+00  -6.478032e+00  -2.243838e+00;
  -4.346880e+00  -1.290748e+00  -5.709297e+00]
sigmaDot=[ ... 
  -3.725979e+05   9.150163e+05  -3.303042e+05;
  -1.240967e+05  -2.940903e+04   7.143990e+04;
   3.548334e+05  -8.657972e+05   1.704808e+05]
intgraE=[ ...  
  -1.091563e-02   4.003419e-02  -1.928405e-02;
   4.003419e-02   2.287405e-02  -4.694611e-03;
  -1.928405e-02  -4.694611e-03   5.209961e-02]
E=[ ...        
  -2.211957e-04  -1.881957e-02  -1.706244e-03;
  -1.881957e-02   6.419881e-02   1.650695e-02;
  -1.706244e-03   1.650695e-02  -1.058691e-01]
e=[ ...        
  -3.988194e-04  -1.722380e-02  -5.196015e-03;
  -1.722380e-02   5.517723e-02   1.887584e-02;
  -5.196015e-03   1.887584e-02  -1.349259e-01]
intgraF=[ ...  
   9.870354e-01   2.680943e-02  -2.021381e-03;
   5.256489e-02   1.022260e+00  -1.299711e-02;
  -3.415707e-02   3.760627e-03   1.050727e+00]
F=[ ...        
   9.994193e-01  -3.732060e-02   2.038828e-02;
   1.214097e-04   1.061461e+00   1.719042e-02;
  -2.680857e-02   1.749735e-02   8.874405e-01]
R=[ ...        
   9.995143e-01  -1.837281e-02   2.517005e-02;
   1.836997e-02   9.998312e-01   3.442750e-04;
  -2.517213e-02   1.182652e-04   9.996831e-01]
U=[ ...        
   9.996110e-01  -1.824392e-02  -1.644602e-03;
  -1.824392e-02   1.061969e+00   1.691788e-02;
  -1.644602e-03   1.691788e-02   8.876784e-01]
l=[ ...        
  -1.310903e-02   2.269672e-01  -1.323539e-02;
   5.498188e-02  -1.234742e-01  -3.497843e-02;
  -1.836765e-02  -4.093797e-01  -1.898184e-02]
d=[ ...        
  -1.310903e-02   1.409745e-01  -1.580152e-02;
   1.409745e-01  -1.234742e-01  -2.221791e-01;
  -1.580152e-02  -2.221791e-01  -1.898184e-02]
     iteration=        4299999       process=              5       (i,j,k)=              1              0              1       (x,y,z)=   1.489233e-02   5.105921e-03   1.420281e-02     particles=             39
fabric=[ ...   
   2.325028e-01   4.214337e-02   9.417220e-02;
   4.214337e-02   4.005745e-01  -9.523266e-02;
   9.417220e-02  -9.523266e-02   3.169226e-01]
sigma=[ ...    
  -2.690894e+00  -1.261217e+00   1.080595e-01;
  -1.774165e+00  -2.277859e+00  -1.113218e-01;
  -1.464101e-01   8.317412e-02  -3.495152e-02]
sigmaDot=[ ... 
  -2.339488e+04  -4.593120e+04  -6.981719e+03;
  -3.024301e+04  -1.145819e+04   1.053868e+03;
  -1.717599e+03  -4.603473e+03   5.889911e+02]
intgraE=[ ...  
   4.847805e-02   1.758054e-02  -9.847376e-02;
   1.758054e-02   2.252752e-02  -6.106601e-02;
  -9.847376e-02  -6.106601e-02   7.217822e-03]
E=[ ...        
   2.524749e-01  -2.753916e-02  -6.282448e-01;
  -2.753916e-02  -1.704518e-01   1.024343e-01;
  -6.282448e-01   1.024343e-01   9.635470e-01]
e=[ ...        
   5.181759e-02  -5.272054e-02  -2.354452e-01;
  -5.272054e-02  -2.491329e-01   1.446464e-01;
  -2.354452e-01   1.446464e-01   1.299684e-01]
intgraF=[ ...  
   1.045130e+00   6.549284e-02  -1.350051e-01;
  -4.503154e-02   9.951362e-01   1.101052e-01;
  -5.130134e-02  -2.246546e-01   9.920112e-01]
F=[ ...        
   1.183987e+00   8.534935e-02  -6.750909e-01;
  -1.953364e-01   8.073253e-01   3.368414e-01;
  -2.548898e-01  -6.156389e-03   1.535540e+00]
R=[ ...        
   9.800585e-01   1.320878e-01  -1.484523e-01;
  -1.140071e-01   9.856663e-01   1.243556e-01;
   1.627502e-01  -1.049512e-01   9.810696e-01]
U=[ ...        
   1.141163e+00  -9.395369e-03  -4.501213e-01;
  -9.395369e-03   8.076730e-01   8.168527e-02;
  -4.501213e-01   8.168527e-02   1.648579e+00]
l=[ ...        
   1.900807e-02  -1.441519e-01   1.313174e-01;
  -2.564081e-01  -1.792587e-01  -3.987358e-01;
   3.405983e-01   1.551145e-01   3.605471e-01]
d=[ ...        
   1.900807e-02  -2.002800e-01   2.359578e-01;
  -2.002800e-01  -1.792587e-01  -1.218107e-01;
   2.359578e-01  -1.218107e-01   3.605471e-01]
     iteration=        4299999       process=              6       (i,j,k)=              1              1              0       (x,y,z)=   1.489233e-02   1.489203e-02   4.875227e-03     particles=             60
fabric=[ ...   
   3.500479e-01   1.271814e-02  -2.503400e-02;
   1.271814e-02   3.333231e-01  -1.095720e-02;
  -2.503400e-02  -1.095720e-02   3.166289e-01]
sigma=[ ...    
  -1.107003e+00   2.329642e-02  -6.950636e-02;
   5.018853e-02  -8.648199e-01   5.556997e-02;
  -1.115270e-01   1.374423e-02  -1.149767e+00]
sigmaDot=[ ... 
   9.909923e+03  -2.712383e+04  -1.915377e+04;
   2.603787e+05   1.140870e+03  -1.268808e+04;
  -1.169912e+04  -7.160820e+04  -3.503514e+04]
intgraE=[ ...  
  -7.232097e-02   6.391016e-02  -4.363146e-02;
   6.391016e-02  -9.482778e-02  -1.455765e-03;
  -4.363146e-02  -1.455765e-03  -2.166689e-02]
E=[ ...        
   1.272771e-01  -3.323016e-02  -7.161122e-02;
  -3.323016e-02  -1.219665e-01   2.909014e-03;
  -7.161122e-02   2.909014e-03   7.806088e-02]
e=[ ...        
   9.466746e-02  -5.958492e-02  -4.033265e-02;
  -5.958492e-02  -1.547754e-01   2.515197e-02;
  -4.033265e-02   2.515197e-02   5.086596e-02]
intgraF=[ ...  
   9.199100e-01   6.716546e-02  -3.002722e-02;
   6.730983e-02   8.934570e-01   9.374884e-02;
  -6.777206e-02  -8.699309e-02   9.731268e-01]
F=[ ...        
   1.113891e+00   3.067847e-02  -1.462497e-01;
  -1.125446e-01   8.625380e-01   1.412270e-01;
   3.369662e-02  -1.056121e-01   1.055835e+00]
R=[ ...        
   9.943922e-01   7.368926e-02  -7.585543e-02;
  -6.375223e-02   9.899821e-01   1.259808e-01;
   8.437894e-02  -1.204384e-01   9.891283e-01]
U=[ ...        
   1.117663e+00  -3.339373e-02  -6.534283e-02;
  -3.339373e-02   8.688776e-01   1.872174e-03;
  -6.534283e-02   1.872174e-03   1.073242e+00]
l=[ ...        
  -4.999103e-02   9.240499e-04  -5.898320e-02;
  -3.864432e-02   6.466652e-02  -2.857390e-03;
  -7.128835e-02   6.689545e-02  -3.998050e-02]
d=[ ...        
  -4.999103e-02  -1.886013e-02  -6.513578e-02;
  -1.886013e-02   6.466652e-02   3.201903e-02;
  -6.513578e-02   3.201903e-02  -3.998050e-02]
     iteration=        4299999       process=              7       (i,j,k)=              1              1              1       (x,y,z)=   1.489233e-02   1.489203e-02   1.420281e-02     particles=             52
fabric=[ ...   
   4.198635e-01   9.552600e-02  -2.799853e-02;
   9.552600e-02   3.133136e-01   1.023912e-02;
  -2.799853e-02   1.023912e-02   2.668229e-01]
sigma=[ ...    
  -5.652322e-01  -1.247400e-01   1.952774e-01;
  -2.905424e-01  -1.057245e+00   5.655141e-02;
   1.002798e-01  -8.936255e-02  -1.226632e-01]
sigmaDot=[ ... 
   1.352221e+03   5.337224e+03   1.135665e+05;
  -5.554363e+04   1.233073e+04   8.848481e+03;
   2.059703e+03  -8.187526e+04   4.446509e+02]
intgraE=[ ...  
   3.957940e-02  -6.602002e-02  -5.083868e-03;
  -6.602002e-02   1.268043e-01  -9.283385e-02;
  -5.083868e-03  -9.283385e-02  -6.906042e-02]
E=[ ...        
   5.431260e-01  -1.115640e-01   8.029522e-01;
  -1.115640e-01  -2.361405e-01  -8.628789e-01;
   8.029522e-01  -8.628789e-01   2.669983e+00]
e=[ ...        
  -1.120050e+01   4.761689e+00   7.134363e+00;
   4.761689e+00  -1.799523e+00  -2.988149e+00;
   7.134363e+00  -2.988149e+00  -3.960388e+00]
intgraF=[ ...  
   1.018017e+00   9.607024e-02  -5.934837e-02;
  -2.043814e-01   1.113134e+00  -1.013731e-01;
   3.206724e-02  -7.288887e-02   9.209128e-01]
F=[ ...        
   8.156285e-01  -6.924231e-02   1.032316e+00;
   9.477453e-01   3.191893e-01  -8.281492e-01;
   7.230359e-01  -6.488781e-01   2.142069e+00]
R=[ ...        
   4.063186e-01   7.305353e-01   5.488382e-01;
   8.506740e-01  -8.316870e-02  -5.190729e-01;
   3.335549e-01  -6.777914e-01   6.552404e-01]
U=[ ...        
   1.378800e+00   2.695515e-02   4.294616e-01;
   2.695515e-02   3.626735e-01  -6.288564e-01;
   4.294616e-01  -6.288564e-01   2.400014e+00]
l=[ ...        
  -8.804528e-03  -8.321839e-02  -3.013354e-03;
  -1.762186e-01  -8.827375e-02  -1.430649e-01;
  -5.173237e-02   1.875465e-01   7.956460e-02]
d=[ ...        
  -8.804528e-03  -1.297185e-01  -2.737286e-02;
  -1.297185e-01  -8.827375e-02   2.224078e-02;
  -2.737286e-02   2.224078e-02   7.956460e-02]
