     iteration=        4499999       process=              0       (i,j,k)=              0              0              0       (x,y,z)=   5.111811e-03   5.110921e-03   4.880227e-03     particles=             71
fabric=[ ...   
   3.314098e-01  -2.503901e-02  -3.253934e-02;
  -2.503901e-02   3.280559e-01  -9.111232e-03;
  -3.253934e-02  -9.111232e-03   3.405343e-01]
sigma=[ ...    
  -1.566249e+01   2.308453e+00   4.427718e+00;
   2.820770e+00  -1.853061e+01   3.496083e+00;
   4.376975e+00   1.987441e+00  -1.493040e+01]
sigmaDot=[ ... 
  -5.589938e+03   4.593865e+04   9.735091e+04;
   4.706973e+04  -1.672256e+04   7.027911e+04;
   3.317224e+04   6.050816e+04   1.359694e+04]
intgraE=[ ...  
   1.217556e-02  -1.055634e-02   2.561187e-02;
  -1.055634e-02  -1.198297e-02  -2.145696e-03;
   2.561187e-02  -2.145696e-03   2.820058e-02]
E=[ ...        
   2.809078e-02   9.024540e-03   3.781054e-03;
   9.024540e-03  -1.057520e-02  -1.312078e-03;
   3.781054e-03  -1.312078e-03   2.960235e-02]
e=[ ...        
   2.626819e-02   9.111328e-03   3.387143e-03;
   9.111328e-03  -1.080430e-02  -1.180536e-03;
   3.387143e-03  -1.180536e-03   2.791059e-02]
intgraF=[ ...  
   1.011917e+00  -1.931615e-02   3.100551e-02;
  -1.503934e-03   9.877467e-01   6.132939e-04;
   1.932131e-02  -4.183853e-03   1.027346e+00]
F=[ ...        
   1.027532e+00  -6.532119e-04   6.488016e-03;
   1.892575e-02   9.893560e-01   2.426002e-03;
   8.254834e-04  -4.877890e-03   1.029153e+00]
R=[ ...        
   9.999492e-01  -9.703687e-03   2.713953e-03;
   9.693885e-03   9.999465e-01   3.601565e-03;
  -2.748756e-03  -3.575073e-03   9.999898e-01]
U=[ ...        
   1.027661e+00   8.950933e-03   3.682312e-03;
   8.950933e-03   9.893269e-01  -1.316384e-03;
   3.682312e-03  -1.316384e-03   1.029169e+00]
l=[ ...        
   7.341366e-03   5.340005e-03   7.620928e-03;
  -1.825911e-02  -1.290273e-02   3.540053e-03;
   3.039120e-02   2.651224e-02   2.326060e-02]
d=[ ...        
   7.341366e-03  -6.459551e-03   1.900606e-02;
  -6.459551e-03  -1.290273e-02   1.502615e-02;
   1.900606e-02   1.502615e-02   2.326060e-02]
     iteration=        4499999       process=              1       (i,j,k)=              0              0              1       (x,y,z)=   5.111811e-03   5.110921e-03   1.419781e-02     particles=             55
fabric=[ ...   
   3.003303e-01  -4.713803e-02   5.820771e-03;
  -4.713803e-02   3.161026e-01  -1.486589e-02;
   5.820771e-03  -1.486589e-02   3.835671e-01]
sigma=[ ...    
  -5.687789e+00   4.115125e-01  -8.662366e-02;
   6.179034e-01  -3.862787e+00   3.089075e-01;
  -7.627080e-01   6.300416e-02  -5.408628e+00]
sigmaDot=[ ... 
  -1.362942e+04   3.253149e+04  -1.191477e+05;
  -4.306979e+04   5.061622e+03  -6.120724e+03;
  -7.167160e+03   1.116000e+05  -2.064691e+04]
intgraE=[ ...  
  -1.060124e-01   1.317349e-02  -2.631325e-01;
   1.317349e-02   6.161298e-02  -1.678568e-02;
  -2.631325e-01  -1.678568e-02   5.957873e-01]
E=[ ...        
   1.364197e-01  -1.331631e-01  -3.037985e-01;
  -1.331631e-01   2.105243e-02   2.011193e-01;
  -3.037985e-01   2.011193e-01  -1.259361e-01]
e=[ ...        
  -3.025684e-01   3.864417e-01  -5.179498e-01;
   3.864417e-01  -5.019056e-01   3.997626e-01;
  -5.179498e-01   3.997626e-01  -2.607077e-01]
intgraF=[ ...  
   8.865036e-01   3.111860e-02  -6.618651e-01;
  -3.105517e-03   1.058414e+00  -6.838360e-02;
   4.557389e-02   4.491951e-02   1.322434e+00]
F=[ ...        
   1.036305e+00  -1.544626e-01  -2.362674e-01;
   2.162690e-01   7.420255e-01  -2.410315e-01;
  -3.900487e-01   6.838453e-01   7.963727e-01]
R=[ ...        
   9.889073e-01  -8.511610e-02   1.217277e-01;
   1.343217e-01   8.622884e-01  -4.882790e-01;
  -6.340400e-02   4.992133e-01   8.641562e-01]
U=[ ...        
   1.078590e+00  -9.643755e-02  -3.165155e-01;
  -9.643755e-02   9.943719e-01   2.098313e-01;
  -3.165155e-01   2.098313e-01   7.771207e-01]
l=[ ...        
   3.237525e-02   1.542104e-02  -6.472281e-02;
  -1.492883e-03  -1.679268e-02   2.233495e-02;
   2.609830e-02   3.002394e-02  -4.437174e-02]
d=[ ...        
   3.237525e-02   6.964078e-03  -1.931225e-02;
   6.964078e-03  -1.679268e-02   2.617944e-02;
  -1.931225e-02   2.617944e-02  -4.437174e-02]
     iteration=        4499999       process=              2       (i,j,k)=              0              1              0       (x,y,z)=   5.111811e-03   1.488703e-02   4.880227e-03     particles=             73
fabric=[ ...   
   3.432224e-01   1.496548e-02  -1.693212e-02;
   1.496548e-02   3.599499e-01   1.624333e-02;
  -1.693212e-02   1.624333e-02   2.968277e-01]
sigma=[ ...    
  -1.456826e+01  -1.448471e+00   2.073985e+00;
  -2.127822e+00  -1.526629e+01  -1.442319e+00;
   2.954175e+00  -2.141804e+00  -1.303293e+01]
sigmaDot=[ ... 
  -1.550251e+04   9.534629e+04   5.115929e+03;
  -7.558419e+04   8.876557e+04  -6.049451e+04;
   1.182426e+04   3.364488e+05  -6.834272e+03]
intgraE=[ ...  
   2.072267e-02   1.480869e-02   1.211763e-02;
   1.480869e-02  -4.291461e-02  -3.682782e-03;
   1.211763e-02  -3.682782e-03   2.800470e-03]
E=[ ...        
   7.397601e-03   1.862917e-02   1.303367e-02;
   1.862917e-02   1.418033e-02   3.759783e-02;
   1.303367e-02   3.759783e-02   1.874703e-02]
e=[ ...        
   5.873082e-03   1.618131e-02   1.124422e-02;
   1.618131e-02   9.154836e-03   3.523210e-02;
   1.124422e-02   3.523210e-02   1.720622e-02]
intgraF=[ ...  
   1.020109e+00   1.834506e-02  -2.016284e-03;
   1.150121e-02   9.559405e-01  -4.029501e-03;
   2.626526e-02  -3.466953e-03   1.002786e+00]
F=[ ...        
   1.006679e+00   1.419955e-02  -5.692318e-03;
   2.086442e-02   1.012226e+00   1.436264e-02;
   3.092718e-02   5.963750e-02   1.018457e+00]
R=[ ...        
   9.998362e-01  -3.309129e-03  -1.779200e-02;
   2.914162e-03   9.997498e-01  -2.217941e-02;
   1.786094e-02   2.212393e-02   9.995957e-01]
U=[ ...        
   1.007128e+00   1.821220e-02   1.254108e-02;
   1.821220e-02   1.013246e+00   3.691016e-02;
   1.254108e-02   3.691016e-02   1.017828e+00]
l=[ ...        
  -3.146025e-03  -2.593286e-02   2.990171e-03;
   1.311403e-03  -8.113277e-03   9.821424e-04;
  -7.102619e-04  -1.825035e-02   1.521634e-02]
d=[ ...        
  -3.146025e-03  -1.231073e-02   1.139955e-03;
  -1.231073e-02  -8.113277e-03  -8.634105e-03;
   1.139955e-03  -8.634105e-03   1.521634e-02]
     iteration=        4499999       process=              3       (i,j,k)=              0              1              1       (x,y,z)=   5.111811e-03   1.488703e-02   1.419781e-02     particles=             48
fabric=[ ...   
   2.571928e-01   4.574426e-02  -1.922424e-02;
   4.574426e-02   3.558647e-01  -2.102794e-02;
  -1.922424e-02  -2.102794e-02   3.119425e-01]
sigma=[ ...    
  -4.588648e+00  -2.992088e+00  -2.421302e-01;
  -2.854808e+00  -5.174684e+00  -1.387766e+00;
  -4.877687e-01  -8.412265e-01  -1.875289e+00]
sigmaDot=[ ... 
   1.358120e+03  -4.334089e+04  -8.139399e+04;
  -2.576249e+05  -3.083497e+04   1.224635e+04;
  -2.939186e+04  -1.622692e+05   7.857994e+03]
intgraE=[ ...  
   1.087465e-03   8.373004e-02  -9.243904e-02;
   8.373004e-02  -2.496217e-02  -3.560443e-02;
  -9.243904e-02  -3.560443e-02   1.663639e-01]
E=[ ...        
   1.251370e-02   8.606173e-02   1.230293e-01;
   8.606173e-02  -6.545328e-02   6.086275e-02;
   1.230293e-01   6.086275e-02   2.926809e-01]
e=[ ...        
  -4.102835e-02   8.915880e-02   2.910725e-02;
   8.915880e-02  -8.713986e-02   7.132884e-02;
   2.910725e-02   7.132884e-02   1.797091e-01]
intgraF=[ ...  
   9.971147e-01   8.277022e-02  -1.606828e-01;
   8.708853e-02   9.710026e-01  -3.673871e-02;
  -1.878097e-02  -1.946045e-02   1.142611e+00]
F=[ ...        
   9.694166e-01   7.274725e-02  -1.100634e-01;
   1.137350e-01   9.292846e-01   1.599700e-01;
   2.689297e-01  -1.521268e-02   1.244049e+00]
R=[ ...        
   9.851250e-01  -3.703799e-03  -1.717991e-01;
   1.857444e-02   9.962051e-01   8.503191e-02;
   1.708322e-01  -8.695814e-02   9.814554e-01]
U=[ ...        
   1.003051e+00   8.632726e-02   1.070687e-01;
   8.632726e-02   9.268115e-01   5.159037e-02;
   1.070687e-01   5.159037e-02   1.253490e+00]
l=[ ...        
   1.018116e-01  -2.415332e-02  -4.578493e-02;
   2.951566e-02  -2.117470e-02   7.020602e-02;
   2.196745e-03  -5.162955e-03  -4.826989e-02]
d=[ ...        
   1.018116e-01   2.681166e-03  -2.179409e-02;
   2.681166e-03  -2.117470e-02   3.252153e-02;
  -2.179409e-02   3.252153e-02  -4.826989e-02]
     iteration=        4499999       process=              4       (i,j,k)=              1              0              0       (x,y,z)=   1.488733e-02   5.110921e-03   4.880227e-03     particles=             66
fabric=[ ...   
   4.572414e-01   9.041312e-04   2.153850e-02;
   9.041312e-04   3.097155e-01  -1.513226e-02;
   2.153850e-02  -1.513226e-02   2.022739e-01]
sigma=[ ...    
  -2.278893e+01  -7.944170e+00  -4.363897e+00;
  -7.412707e+00  -1.498739e+01   9.520093e-02;
  -3.540265e+00   8.871385e-01  -1.078809e+01]
sigmaDot=[ ... 
   8.487039e+03  -4.245816e+04   1.157125e+05;
   1.998302e+06   3.329810e+05   5.931173e+05;
   2.629168e+06   3.633107e+05   5.676062e+05]
intgraE=[ ...  
  -1.428894e-02   4.488885e-02  -2.065492e-02;
   4.488885e-02   1.502705e-02  -6.914092e-03;
  -2.065492e-02  -6.914092e-03   6.236612e-02]
E=[ ...        
  -1.150642e-02  -2.759831e-02   4.329871e-02;
  -2.759831e-02   2.767768e-02   2.152884e-02;
   4.329871e-02   2.152884e-02  -2.093628e-01]
e=[ ...        
  -1.333403e-02  -3.200971e-02   6.228562e-02;
  -3.200971e-02   1.775509e-02   5.887650e-02;
   6.228562e-02   5.887650e-02  -3.770131e-01]
intgraF=[ ...  
   9.835222e-01   3.713835e-02  -1.668748e-03;
   5.227958e-02   1.014217e+00  -7.126207e-03;
  -3.705394e-02  -6.165614e-03   1.060509e+00]
F=[ ...        
   9.883445e-01  -4.538672e-02   8.211038e-02;
  -1.057319e-02   1.024004e+00  -5.117316e-03;
   7.111134e-03   6.863744e-02   7.579619e-01]
R=[ ...        
   9.989161e-01  -1.797458e-02   4.293593e-02;
   1.972558e-02   9.989762e-01  -4.071231e-02;
  -4.216019e-02   4.151512e-02   9.982480e-01]
U=[ ...        
   9.867649e-01  -2.803222e-02   4.996462e-02;
  -2.803222e-02   1.026621e+00   2.487890e-02;
   4.996462e-02   2.487890e-02   7.603677e-01]
l=[ ...        
  -5.513180e-02   2.989498e-02   7.433126e-02;
   3.112293e-03  -1.462396e-02   6.807979e-02;
  -1.883782e-02   4.768237e-02   5.887281e-02]
d=[ ...        
  -5.513180e-02   1.650364e-02   2.774672e-02;
   1.650364e-02  -1.462396e-02   5.788108e-02;
   2.774672e-02   5.788108e-02   5.887281e-02]
     iteration=        4499999       process=              5       (i,j,k)=              1              0              1       (x,y,z)=   1.488733e-02   5.110921e-03   1.419781e-02     particles=             40
fabric=[ ...   
   3.163439e-01  -4.167187e-03  -2.283709e-02;
  -4.167187e-03   3.821339e-01  -5.754670e-03;
  -2.283709e-02  -5.754670e-03   3.015221e-01]
sigma=[ ...    
  -2.575781e+00  -7.666103e-01  -8.035705e-02;
  -1.177108e+00  -1.908349e+00  -2.473412e-01;
  -1.192252e-01  -4.572206e-02  -2.273776e-01]
sigmaDot=[ ... 
  -2.017493e+04  -4.308533e+04   9.107838e+01;
  -5.177444e+04  -1.171696e+03   8.898064e+03;
  -6.457129e+03   1.490528e+04  -3.729985e+03]
intgraE=[ ...  
   4.794342e-02   1.402860e-02  -1.019747e-01;
   1.402860e-02   1.707757e-02  -5.972554e-02;
  -1.019747e-01  -5.972554e-02   4.165147e-03]
E=[ ...        
   2.178083e-01  -1.212136e-01  -8.062258e-01;
  -1.212136e-01  -1.023283e-02   9.351800e-02;
  -8.062258e-01   9.351800e-02   1.575402e+00]
e=[ ...        
  -1.114324e-01  -1.531550e-01  -2.518848e-01;
  -1.531550e-01  -2.197775e-02   3.168782e-02;
  -2.518848e-01   3.168782e-02   2.431286e-01]
intgraF=[ ...  
   1.044124e+00   5.124363e-02  -1.305653e-01;
  -3.977617e-02   9.918644e-01   1.044170e-01;
  -6.410162e-02  -2.184818e-01   9.901415e-01]
F=[ ...        
   1.100964e+00  -6.588961e-02  -6.754233e-01;
  -2.313127e-01   9.780175e-01   4.081849e-01;
  -4.122975e-01  -1.366555e-01   1.878295e+00]
R=[ ...        
   9.960941e-01   4.452549e-02  -7.624914e-02;
  -3.040620e-02   9.837026e-01   1.772138e-01;
   8.289701e-02  -1.742032e-01   9.812142e-01]
U=[ ...        
   1.069519e+00  -1.066984e-01  -5.294915e-01;
  -1.066984e-01   9.829503e-01   4.425393e-02;
  -5.294915e-01   4.425393e-02   1.966846e+00]
l=[ ...        
  -9.488170e-03  -1.306367e-01   3.325154e-02;
   4.748465e-02  -1.065830e-02   1.062011e-02;
  -8.747218e-02   1.100304e-01  -2.669373e-02]
d=[ ...        
  -9.488170e-03  -4.157603e-02  -2.711032e-02;
  -4.157603e-02  -1.065830e-02   6.032526e-02;
  -2.711032e-02   6.032526e-02  -2.669373e-02]
     iteration=        4499999       process=              6       (i,j,k)=              1              1              0       (x,y,z)=   1.488733e-02   1.488703e-02   4.880227e-03     particles=             60
fabric=[ ...   
   2.878043e-01  -3.765954e-02  -3.253027e-02;
  -3.765954e-02   3.358027e-01   6.559009e-02;
  -3.253027e-02   6.559009e-02   3.531372e-01]
sigma=[ ...    
  -2.071159e+00   7.349934e-01  -2.238772e-01;
   5.795920e-01  -3.065061e+00  -5.162016e-01;
  -3.441153e-01  -7.993735e-01  -1.776561e+00]
sigmaDot=[ ... 
  -3.626934e+03  -1.150339e+03  -3.453511e+04;
   5.744282e+03  -9.239650e+03  -3.983970e+04;
  -2.108885e+04  -3.154595e+04  -1.389208e+04]
intgraE=[ ...  
  -7.343719e-02   6.317230e-02  -4.689167e-02;
   6.317230e-02  -9.400296e-02  -1.724579e-03;
  -4.689167e-02  -1.724579e-03  -2.328114e-02]
E=[ ...        
   1.284425e-01  -3.157283e-02  -5.402498e-02;
  -3.157283e-02  -1.071823e-01  -3.595105e-02;
  -5.402498e-02  -3.595105e-02   1.147510e-01]
e=[ ...        
   9.533539e-02  -5.695396e-02  -3.346196e-02;
  -5.695396e-02  -1.422392e-01  -1.356716e-02;
  -3.346196e-02  -1.356716e-02   8.869007e-02]
intgraF=[ ...  
   9.181761e-01   6.448912e-02  -3.070868e-02;
   6.797586e-02   8.947256e-01   9.115717e-02;
  -7.387512e-02  -8.544831e-02   9.716919e-01]
F=[ ...        
   1.113675e+00   4.377815e-02  -1.303702e-01;
  -1.207058e-01   8.737660e-01   1.028000e-01;
   4.519504e-02  -1.423093e-01   1.096329e+00]
R=[ ...        
   9.940291e-01   8.290548e-02  -7.094295e-02;
  -7.379846e-02   9.897134e-01   1.225612e-01;
   8.037418e-02  -1.165939e-01   9.899221e-01]
U=[ ...        
   1.119566e+00  -3.240382e-02  -4.906168e-02;
  -3.240382e-02   8.849997e-01  -3.689114e-02;
  -4.906168e-02  -3.689114e-02   1.107129e+00]
l=[ ...        
  -2.459124e-02  -2.822123e-02   8.062613e-03;
   2.163462e-04   5.022060e-03  -9.241906e-03;
  -5.807643e-02   4.902999e-02   5.255922e-03]
d=[ ...        
  -2.459124e-02  -1.400244e-02  -2.500691e-02;
  -1.400244e-02   5.022060e-03   1.989404e-02;
  -2.500691e-02   1.989404e-02   5.255922e-03]
     iteration=        4499999       process=              7       (i,j,k)=              1              1              1       (x,y,z)=   1.488733e-02   1.488703e-02   1.419781e-02     particles=             52
fabric=[ ...   
   3.195781e-01  -2.309598e-02  -3.111831e-02;
  -2.309598e-02   3.423574e-01  -6.730765e-02;
  -3.111831e-02  -6.730765e-02   2.980644e-01]
sigma=[ ...    
  -1.927217e+00   1.261880e-01   1.187448e+00;
   3.156965e-01  -8.146962e-01  -2.683698e-01;
   3.709393e-01   2.724644e-01  -2.883130e+00]
sigmaDot=[ ... 
  -7.522375e+02   1.988643e+04  -2.574735e+04;
   6.369555e+05  -4.903717e+04   9.614347e+04;
   9.894284e+03   4.830066e+05  -1.005144e+04]
intgraE=[ ...  
   3.865400e-02  -6.833540e-02  -5.807795e-04;
  -6.833540e-02   1.157224e-01  -9.280882e-02;
  -5.807795e-04  -9.280882e-02  -6.786580e-02]
E=[ ...        
  -2.032577e-01   2.293276e-01  -2.204825e-03;
   2.293276e-01  -3.202497e-01  -8.090870e-03;
  -2.204825e-03  -8.090870e-03   6.706529e-02]
e=[ ...        
  -9.805090e+01   7.933712e+01   7.223405e+00;
   7.933712e+01  -6.423643e+01  -5.862672e+00;
   7.223405e+00  -5.862672e+00  -4.755702e-01]
intgraF=[ ...  
   1.017154e+00   9.002072e-02  -4.447787e-02;
  -2.053306e-01   1.104109e+00  -1.098215e-01;
   2.334895e-02  -6.545957e-02   9.220788e-01]
F=[ ...        
   5.117255e-01   3.432042e-01  -9.048288e-03;
   5.729352e-01   4.902376e-01  -1.069200e-01;
   5.802428e-02   3.712934e-02   1.059536e+00]
R=[ ...        
   9.740766e-01  -2.259432e-01  -1.115565e-02;
   2.240519e-01   9.703824e-01  -9.032588e-02;
   3.123377e-02   8.548488e-02   9.958498e-01]
U=[ ...        
   6.286394e-01   4.453055e-01   3.239579e-04;
   4.453055e-01   4.013473e-01  -1.113457e-02;
   3.239579e-04  -1.113457e-02   1.064897e+00]
l=[ ...        
  -4.480597e-02  -3.387552e-02   3.833708e-02;
  -4.943085e-03  -8.864620e-02  -2.323187e-02;
  -2.081236e-02   4.474389e-02  -1.427993e-03]
d=[ ...        
  -4.480597e-02  -1.940930e-02   8.762360e-03;
  -1.940930e-02  -8.864620e-02   1.075601e-02;
   8.762360e-03   1.075601e-02  -1.427993e-03]
