     iteration=        2099999       process=              0       (i,j,k)=              0              0              0       (x,y,z)=   5.052436e-03   5.052438e-03   4.822829e-03     particles=             72
fabric=[ ...   
   2.668737e-01  -1.280040e-03  -5.674218e-02;
  -1.280040e-03   3.140464e-01   2.476751e-02;
  -5.674218e-02   2.476751e-02   3.749622e-01]
sigma=[ ...    
  -3.516545e+00  -2.955983e-01   8.971767e-01;
   7.883799e-02  -4.644437e+00   7.390165e-01;
   5.155411e-01   1.623650e+00  -4.795087e+00]
sigmaDot=[ ... 
   9.952326e+04  -3.307823e+04   2.724354e+05;
   9.906614e+04   2.068003e+05  -7.772356e+05;
   1.536585e+05   1.071236e+06   2.664353e+04]
intgraE=[ ...  
   1.563572e-02  -1.272939e-02   9.614420e-03;
  -1.272939e-02   3.848646e-03  -1.593507e-02;
   9.614420e-03  -1.593507e-02   1.318324e-02]
E=[ ...        
   8.370860e-03   1.057174e-02  -9.640298e-02;
   1.057174e-02  -2.485669e-03  -1.631427e-02;
  -9.640298e-02  -1.631427e-02  -1.487516e-01]
e=[ ...        
  -2.497182e-04   7.172509e-03  -1.240329e-01;
   7.172509e-03  -3.395891e-03  -2.457419e-02;
  -1.240329e-01  -2.457419e-02  -2.702980e-01]
intgraF=[ ...  
   1.015499e+00  -2.890264e-02   2.322091e-02;
   3.749867e-03   1.002963e+00  -3.444287e-04;
  -4.295573e-03  -3.046268e-02   1.012831e+00]
F=[ ...        
   1.007461e+00  -3.878044e-03  -1.631087e-01;
   2.434510e-02   9.972482e-01  -1.474427e-02;
  -3.421107e-02  -2.257604e-02   8.219946e-01]
R=[ ...        
   9.974025e-01  -1.477468e-02  -7.049736e-02;
   1.516271e-02   9.998727e-01   4.972206e-03;
   7.041493e-02  -6.028222e-03   9.974996e-01]
U=[ ...        
   1.002805e+00   9.663320e-03  -1.050279e-01;
   9.663320e-03   9.973146e-01  -1.728768e-02;
  -1.050279e-01  -1.728768e-02   8.313647e-01]
l=[ ...        
   2.515708e-04   1.640112e-02   8.207387e-03;
  -2.023578e-03  -2.960897e-02   2.061468e-02;
   3.429292e-02  -1.671656e-02   3.380650e-02]
d=[ ...        
   2.515708e-04   7.188772e-03   2.125015e-02;
   7.188772e-03  -2.960897e-02   1.949063e-03;
   2.125015e-02   1.949063e-03   3.380650e-02]
     iteration=        2099999       process=              1       (i,j,k)=              0              0              1       (x,y,z)=   5.052436e-03   5.052438e-03   1.425867e-02     particles=             56
fabric=[ ...   
   2.631241e-01  -2.867813e-02   6.729480e-02;
  -2.867813e-02   3.195629e-01  -7.650203e-05;
   6.729480e-02  -7.650203e-05   3.632589e-01]
sigma=[ ...    
  -2.706373e+00  -7.764097e-02  -8.148275e-01;
   4.587370e-01  -8.810098e-01   1.230230e-01;
  -9.606891e-01  -1.533627e-02  -1.597921e+00]
sigmaDot=[ ... 
  -1.158786e+04   3.070851e+04  -3.291706e+04;
   1.030921e+04  -5.597126e+03  -6.227957e+03;
  -2.605357e+04  -9.900176e+03  -8.427815e+03]
intgraE=[ ...  
  -1.276151e-01  -2.060141e-03  -2.199873e-01;
  -2.060141e-03   6.810567e-02  -2.622483e-02;
  -2.199873e-01  -2.622483e-02   6.554719e-01]
E=[ ...        
  -1.611709e-01  -1.366052e-01   4.628547e-03;
  -1.366052e-01  -3.135148e-01  -1.607125e-02;
   4.628547e-03  -1.607125e-02   3.664644e-01]
e=[ ...        
  -2.941447e-01  -5.467388e-01   1.085325e-01;
  -5.467388e-01  -1.612984e+00   2.873142e-01;
   1.085325e-01   2.873142e-01   1.649239e-01]
intgraF=[ ...  
   8.623015e-01   2.111205e-02  -5.565828e-01;
  -2.176072e-02   1.065254e+00  -8.011368e-02;
   2.706429e-02   3.160851e-02   1.412353e+00]
F=[ ...        
   8.212545e-01  -3.035257e-01   6.445649e-02;
  -5.018400e-02   5.226323e-01   1.942407e-01;
  -2.609217e-02  -8.773807e-02   1.300402e+00]
R=[ ...        
   9.813376e-01  -1.870725e-01   4.450160e-02;
   1.778773e-01   9.710420e-01   1.594904e-01;
  -7.304919e-02  -1.485981e-01   9.861959e-01]
U=[ ...        
   7.989073e-01  -1.984876e-01   2.811275e-03;
  -1.984876e-01   5.773169e-01  -1.667946e-02;
   2.811275e-03  -1.667946e-02   1.316299e+00]
l=[ ...        
   7.063731e-02   1.302025e-01  -1.441870e-01;
  -1.744725e-02   1.122070e-02   2.980557e-02;
   7.237592e-02   1.467431e-02  -8.640835e-02]
d=[ ...        
   7.063731e-02   5.637760e-02  -3.590555e-02;
   5.637760e-02   1.122070e-02   2.223994e-02;
  -3.590555e-02   2.223994e-02  -8.640835e-02]
     iteration=        2099999       process=              2       (i,j,k)=              0              1              0       (x,y,z)=   5.052436e-03   1.494753e-02   4.822829e-03     particles=             73
fabric=[ ...   
   3.288710e-01   8.739904e-03  -3.109075e-03;
   8.739904e-03   2.973407e-01   1.363039e-02;
  -3.109075e-03   1.363039e-02   3.463911e-01]
sigma=[ ...    
  -4.200701e+00  -7.691866e-01   2.078761e-01;
  -7.747965e-01  -2.984685e+00  -2.072806e+00;
   4.268569e-01  -2.040289e+00  -5.814884e+00]
sigmaDot=[ ... 
  -2.884176e+04  -5.042972e+04  -1.520967e+05;
   3.707855e+05   4.041659e+04   3.080617e+04;
  -1.417441e+05  -1.128182e+06   1.251469e+05]
intgraE=[ ...  
   1.189987e-02   1.550492e-02   1.498389e-03;
   1.550492e-02  -2.484656e-02   3.659570e-04;
   1.498389e-03   3.659570e-04  -8.799859e-03]
E=[ ...        
   1.106105e-02   1.707155e-02   2.972652e-03;
   1.707155e-02  -3.756403e-03   8.360629e-03;
   2.972652e-03   8.360629e-03  -1.120840e-02]
e=[ ...        
   1.002665e-02   1.680848e-02   2.836312e-03;
   1.680848e-02  -4.352976e-03   8.681308e-03;
   2.836312e-03   8.681308e-03  -1.156315e-02]
intgraF=[ ...  
   1.011658e+00   2.177610e-02  -1.295202e-02;
   9.065025e-03   9.745528e-01  -8.028395e-03;
   1.631871e-02   8.917923e-03   9.910439e-01]
F=[ ...        
   1.010698e+00   1.174213e-02  -4.829363e-03;
   2.225646e-02   9.961195e-01   7.160771e-03;
   1.078898e-02   9.755311e-03   9.886904e-01]
R=[ ...        
   9.999562e-01  -5.212999e-03  -7.775314e-03;
   5.203289e-03   9.999857e-01  -1.268595e-03;
   7.781816e-03   1.228082e-03   9.999690e-01]
U=[ ...        
   1.010853e+00   1.700063e-02   2.901914e-03;
   1.700063e-02   9.960560e-01   8.400037e-03;
   2.901914e-03   8.400037e-03   9.886881e-01]
l=[ ...        
   1.050890e-02  -1.796529e-02  -7.679931e-04;
   1.214191e-02   1.530274e-04  -1.997174e-03;
  -1.475278e-02  -4.185322e-03   2.369694e-03]
d=[ ...        
   1.050890e-02  -2.911690e-03  -7.760387e-03;
  -2.911690e-03   1.530274e-04  -3.091248e-03;
  -7.760387e-03  -3.091248e-03   2.369694e-03]
     iteration=        2099999       process=              3       (i,j,k)=              0              1              1       (x,y,z)=   5.052436e-03   1.494753e-02   1.425867e-02     particles=             46
fabric=[ ...   
   2.752738e-01   6.539791e-02   4.808375e-02;
   6.539791e-02   2.559138e-01   2.694613e-03;
   4.808375e-02   2.694613e-03   3.854791e-01]
sigma=[ ...    
  -5.790322e+00  -3.159221e+00  -1.165715e+00;
  -2.249776e+00  -5.233615e+00  -7.251632e-01;
  -1.296482e+00  -2.308790e-01  -2.003230e+00]
sigmaDot=[ ... 
  -9.681315e+03  -5.435716e+04  -3.060127e+04;
  -4.022549e+04  -1.876986e+04   7.336098e+03;
  -4.371499e+03   5.149623e+04   4.976527e+03]
intgraE=[ ...  
  -3.628818e-02   6.638976e-02  -7.853810e-02;
   6.638976e-02   7.954773e-04  -2.551087e-02;
  -7.853810e-02  -2.551087e-02   1.776670e-01]
E=[ ...        
   4.104696e-02   7.320731e-02   3.575234e-02;
   7.320731e-02  -2.572489e-03  -6.517984e-02;
   3.575234e-02  -6.517984e-02   9.654097e-02]
e=[ ...        
   2.163430e-02   8.252208e-02   2.315023e-02;
   8.252208e-02  -3.061269e-02  -4.686698e-02;
   2.315023e-02  -4.686698e-02   8.477585e-02]
intgraF=[ ...  
   9.607952e-01   7.501523e-02  -1.314991e-01;
   6.090493e-02   9.979748e-01  -4.489068e-02;
  -2.422293e-02   3.151277e-03   1.155866e+00]
F=[ ...        
   1.018869e+00   1.241570e-01  -1.481398e-01;
   3.527143e-02   9.870400e-01  -3.447463e-02;
   2.067743e-01  -7.205647e-02   1.081641e+00]
R=[ ...        
   9.852661e-01   4.168708e-02  -1.658700e-01;
  -3.752818e-02   9.988996e-01   2.813020e-02;
   1.668601e-01  -2.149094e-02   9.857463e-01]
U=[ ...        
   1.037036e+00   7.326252e-02   3.581946e-02;
   7.326252e-02   9.926781e-01  -6.385769e-02;
   3.581946e-02  -6.385769e-02   1.089826e+00]
l=[ ...        
   4.527620e-02   8.466729e-03  -1.555308e-03;
  -1.354646e-02  -3.312464e-02   6.394936e-02;
   3.411815e-04  -7.414386e-02  -1.469255e-02]
d=[ ...        
   4.527620e-02  -2.539865e-03  -6.070633e-04;
  -2.539865e-03  -3.312464e-02  -5.097247e-03;
  -6.070633e-04  -5.097247e-03  -1.469255e-02]
     iteration=        2099999       process=              4       (i,j,k)=              1              0              0       (x,y,z)=   1.494752e-02   5.052438e-03   4.822829e-03     particles=             64
fabric=[ ...   
   3.960973e-01   6.062382e-03   1.070139e-02;
   6.062382e-03   3.091652e-01   1.076512e-02;
   1.070139e-02   1.076512e-02   2.734610e-01]
sigma=[ ...    
  -1.472730e+01  -6.135120e+00  -5.149390e+00;
  -5.877480e+00  -8.074161e+00  -1.908649e+00;
  -4.889044e+00  -1.790051e+00  -1.026275e+01]
sigmaDot=[ ... 
  -1.613241e+03  -6.132253e+04  -1.446081e+05;
  -6.103073e+03  -4.195270e+04   4.572954e+04;
  -8.732191e+04  -6.936563e+04   3.464583e+03]
intgraE=[ ...  
  -6.684174e-03   3.177020e-02  -7.252501e-03;
   3.177020e-02   3.508901e-02   1.021314e-02;
  -7.252501e-03   1.021314e-02   6.295109e-02]
E=[ ...        
  -2.915917e-03   1.666475e-02   2.278344e-02;
   1.666475e-02   6.237064e-02   7.874771e-03;
   2.278344e-02   7.874771e-03  -4.153697e-02]
e=[ ...        
  -6.802189e-03   1.333939e-02   2.563394e-02;
   1.333939e-02   5.586450e-02   6.108264e-03;
   2.563394e-02   6.108264e-03  -4.535172e-02]
intgraF=[ ...  
   9.921741e-01   1.665923e-02  -2.145037e-03;
   4.575825e-02   1.034014e+00  -7.654965e-03;
  -1.133444e-02   2.674447e-02   1.061056e+00]
F=[ ...        
   9.947858e-01  -1.040191e-02  -6.394528e-03;
   4.178234e-02   1.060421e+00   2.548623e-02;
   5.313736e-02  -1.185028e-02   9.572020e-01]
R=[ ...        
   9.992197e-01  -2.477510e-02  -3.076041e-02;
   2.533817e-02   9.995159e-01   1.805219e-02;
   3.029827e-02  -1.881752e-02   9.993638e-01]
U=[ ...        
   9.966782e-01   1.611629e-02   2.325780e-02;
   1.611629e-02   1.060388e+00   7.620154e-03;
   2.325780e-02   7.620154e-03   9.572497e-01]
l=[ ...        
  -1.782242e-02   1.892384e-02   7.480367e-03;
  -1.093154e-02   3.725502e-02  -3.637628e-03;
  -3.072227e-02   1.807389e-02   2.227517e-02]
d=[ ...        
  -1.782242e-02   3.996151e-03  -1.162095e-02;
   3.996151e-03   3.725502e-02   7.218132e-03;
  -1.162095e-02   7.218132e-03   2.227517e-02]
     iteration=        2099999       process=              5       (i,j,k)=              1              0              1       (x,y,z)=   1.494752e-02   5.052438e-03   1.425867e-02     particles=             45
fabric=[ ...   
   2.560730e-01   6.027050e-02  -7.215781e-02;
   6.027050e-02   3.595528e-01  -4.505157e-02;
  -7.215781e-02  -4.505157e-02   1.065964e-01]
sigma=[ ...    
  -2.034194e+00  -1.169931e+00   6.176542e-02;
  -1.308657e+00  -1.511620e+00   6.661677e-02;
   3.241816e-02   4.883883e-03  -1.991918e-03]
sigmaDot=[ ... 
  -1.835708e+04  -3.205758e+04   2.122412e+03;
  -2.684284e+04  -1.106684e+04  -3.545969e+02;
   2.117925e+03   7.921008e+02  -5.011295e+02]
intgraE=[ ...  
   7.779284e-02   6.279196e-02  -1.087300e-01;
   6.279196e-02   1.588467e-02  -6.261969e-02;
  -1.087300e-01  -6.261969e-02   3.270665e-03]
E=[ ...        
   8.317293e-02  -1.135975e-01  -4.514494e-02;
  -1.135975e-01  -5.391576e-02   5.274292e-02;
  -4.514494e-02   5.274292e-02  -1.208582e-01]
e=[ ...        
   5.628067e-02  -7.920611e-02  -7.735930e-02;
  -7.920611e-02  -1.375401e-01   7.782713e-02;
  -7.735930e-02   7.782713e-02  -1.426227e-01]
intgraF=[ ...  
   1.073128e+00   1.170597e-01  -1.446094e-01;
  -1.446079e-02   9.822718e-01   1.211314e-01;
  -6.142244e-02  -2.306698e-01   9.853713e-01]
F=[ ...        
   1.070778e+00  -1.939227e-01   2.997994e-02;
   9.323081e-03   9.026956e-01  -6.821279e-02;
  -1.403361e-01   1.992563e-01   8.676012e-01]
R=[ ...        
   9.914880e-01  -9.403714e-02   9.004754e-02;
   1.058253e-01   9.849550e-01  -1.366187e-01;
  -7.584554e-02   1.449851e-01   9.865226e-01]
U=[ ...        
   1.073294e+00  -1.118567e-01  -4.329757e-02;
  -1.118567e-01   9.362397e-01   5.578350e-02;
  -4.329757e-02   5.578350e-02   8.679269e-01]
l=[ ...        
  -1.144120e-02  -8.202326e-02   1.137689e-02;
  -3.110448e-02   3.785162e-02  -8.181184e-02;
   2.818811e-02  -5.201657e-02  -4.599557e-02]
d=[ ...        
  -1.144120e-02  -5.656387e-02   1.978250e-02;
  -5.656387e-02   3.785162e-02  -6.691420e-02;
   1.978250e-02  -6.691420e-02  -4.599557e-02]
     iteration=        2099999       process=              6       (i,j,k)=              1              1              0       (x,y,z)=   1.494752e-02   1.494753e-02   4.822829e-03     particles=             61
fabric=[ ...   
   2.432328e-01  -2.165763e-02   2.723762e-02;
  -2.165763e-02   3.353794e-01   4.865811e-02;
   2.723762e-02   4.865811e-02   2.862526e-01]
sigma=[ ...    
  -6.770545e-01   7.256853e-02  -3.043196e-01;
  -4.578080e-02  -1.256185e+00  -5.758352e-01;
  -3.325664e-01  -4.435987e-01  -1.643005e+00]
sigmaDot=[ ... 
  -5.925652e+02  -4.094065e+04  -1.340420e+04;
  -1.955493e+05   1.182957e+04   7.391317e+03;
  -9.733814e+04   6.212213e+05   1.448154e+04]
intgraE=[ ...  
  -5.017745e-02   6.874375e-02  -3.545902e-02;
   6.874375e-02  -7.932690e-02  -1.039884e-02;
  -3.545902e-02  -1.039884e-02  -7.300884e-03]
E=[ ...        
   2.876397e-01   3.621230e-02  -6.740053e-02;
   3.621230e-02  -2.627818e-01  -2.120129e-01;
  -6.740053e-02  -2.120129e-01  -1.652310e-01]
e=[ ...        
  -1.230315e-01  -7.178105e-01  -6.287699e-01;
  -7.178105e-01  -1.788538e+00  -1.389565e+00;
  -6.287699e-01  -1.389565e+00  -1.080826e+00]
intgraF=[ ...  
   9.451279e-01   7.205939e-02  -4.736535e-02;
   7.281880e-02   9.092987e-01   8.581186e-02;
  -3.279991e-02  -9.658950e-02   9.878214e-01]
F=[ ...        
   1.195957e+00   9.126415e-02   2.563112e-02;
  -2.256791e-01   6.015179e-01  -3.004458e-01;
  -3.066510e-01  -3.229294e-01   7.606664e-01]
R=[ ...        
   9.595488e-01   2.020914e-01   1.960233e-01;
  -2.030507e-01   9.790470e-01  -1.540608e-02;
  -1.950295e-01  -2.501977e-02   9.804782e-01]
U=[ ...        
   1.253210e+00   2.841453e-02  -6.275233e-02;
   2.841453e-02   6.154376e-01  -3.080024e-01;
  -6.275233e-02  -3.080024e-01   7.554699e-01]
l=[ ...        
  -2.977071e-02  -4.133910e-02   3.388262e-02;
   3.264551e-02  -3.319520e-02   1.713536e-02;
  -5.635002e-02  -8.778594e-03  -2.257281e-03]
d=[ ...        
  -2.977071e-02  -4.346796e-03  -1.123370e-02;
  -4.346796e-03  -3.319520e-02   4.178382e-03;
  -1.123370e-02   4.178382e-03  -2.257281e-03]
     iteration=        2099999       process=              7       (i,j,k)=              1              1              1       (x,y,z)=   1.494752e-02   1.494753e-02   1.425867e-02     particles=             48
fabric=[ ...   
   2.916413e-01   4.879140e-02   6.077058e-03;
   4.879140e-02   2.715597e-01   1.299262e-02;
   6.077058e-03   1.299262e-02   1.736411e-01]
sigma=[ ...    
  -8.314806e-01   1.062679e-01   3.931200e-02;
   2.313148e-02  -1.302733e+00  -9.541844e-02;
  -3.366728e-02  -6.871951e-02  -1.551264e-01]
sigmaDot=[ ... 
   1.024265e+04   2.822553e+04   7.608249e+03;
   3.068090e+04   8.905907e+03  -5.895400e+03;
   9.506893e+03  -6.900425e+03   6.424883e+03]
intgraE=[ ...  
   3.616045e-02  -3.880596e-02  -1.571356e-02;
  -3.880596e-02   1.841567e-01  -1.373820e-01;
  -1.571356e-02  -1.373820e-01  -5.487440e-02]
E=[ ...        
   2.350950e+00  -2.015675e+00   4.292780e+00;
  -2.015675e+00   1.870378e+00  -3.886897e+00;
   4.292780e+00  -3.886897e+00   6.793343e+00]
e=[ ...        
  -5.949533e+00   2.600615e+00   4.195719e+00;
   2.600615e+00  -1.028876e+00  -1.919120e+00;
   4.195719e+00  -1.919120e+00  -2.367319e+00]
intgraF=[ ...  
   1.020929e+00   1.186174e-01  -9.492719e-02;
  -1.677719e-01   1.159812e+00  -1.510813e-01;
   4.332363e-02  -9.528043e-02   9.265066e-01]
F=[ ...        
   1.326202e+00  -4.866634e-01   1.321572e+00;
  -3.141211e-01   1.517317e+00  -1.531533e+00;
   1.960719e+00  -1.483800e+00   3.239528e+00]
R=[ ...        
   9.467867e-01  -2.462555e-01  -2.072516e-01;
   2.217587e-01   9.657836e-01  -1.344807e-01;
   2.332768e-01   8.136467e-02   9.690004e-01]
U=[ ...        
   1.643361e+00  -4.704242e-01   1.667323e+00;
  -4.704242e-01   1.464515e+00  -1.540991e+00;
   1.667323e+00  -1.540991e+00   3.071167e+00]
l=[ ...        
  -1.471391e-02  -1.180957e-02   2.709086e-02;
  -1.105720e-01   9.431610e-03   6.532360e-02;
  -1.284744e-02  -9.561898e-02   6.311209e-03]
d=[ ...        
  -1.471391e-02  -6.119081e-02   7.121711e-03;
  -6.119081e-02   9.431610e-03  -1.514769e-02;
   7.121711e-03  -1.514769e-02   6.311209e-03]
