     iteration=        1599999       process=              0       (i,j,k)=              0              0              0       (x,y,z)=   5.039936e-03   5.039938e-03   4.810329e-03     particles=             72
fabric=[ ...   
   3.109428e-01  -2.448023e-02  -7.520412e-03;
  -2.448023e-02   2.902300e-01   1.296736e-02;
  -7.520412e-03   1.296736e-02   3.588272e-01]
sigma=[ ...    
  -2.626537e+00  -7.210358e-02  -4.467134e-01;
  -1.717007e-01  -3.332762e+00   2.460562e-01;
  -3.941982e-02   7.498171e-01  -2.507697e+00]
sigmaDot=[ ... 
  -6.867219e+04  -4.681258e+04  -5.823398e+05;
   1.897916e+05   5.061983e+04  -4.040267e+05;
   7.908044e+04  -6.933033e+05   2.627332e+04]
intgraE=[ ...  
   1.314118e-02  -1.248668e-02   5.404299e-03;
  -1.248668e-02   8.799111e-03  -1.379573e-02;
   5.404299e-03  -1.379573e-02   6.786558e-03]
E=[ ...        
   3.311038e-03   5.145889e-03  -5.781691e-02;
   5.145889e-03  -3.367274e-03  -2.239881e-02;
  -5.781691e-02  -2.239881e-02  -5.868449e-02]
e=[ ...        
   3.860335e-04   3.219929e-03  -6.276352e-02;
   3.219929e-03  -4.496093e-03  -2.609918e-02;
  -6.276352e-02  -2.609918e-02  -8.116912e-02]
intgraF=[ ...  
   1.012992e+00  -2.960804e-02   2.095820e-02;
   4.731205e-03   1.008036e+00  -2.605581e-03;
  -1.034190e-02  -2.418617e-02   1.006542e+00]
F=[ ...        
   1.002894e+00  -8.075537e-03  -9.394063e-02;
   1.793152e-02   9.963202e-01  -2.380098e-02;
  -2.246673e-02  -2.337451e-02   9.344730e-01]
R=[ ...        
   9.992238e-01  -1.343838e-02  -3.702991e-02;
   1.344871e-02   9.999096e-01   2.986806e-05;
   3.702616e-02  -5.278496e-04   9.993142e-01]
U=[ ...        
   1.001525e+00   4.464487e-03  -5.958786e-02;
   4.464487e-03   9.963509e-01  -2.302968e-02;
  -5.958786e-02  -2.302968e-02   9.373100e-01]
l=[ ...        
   3.177472e-02   1.974793e-03   2.294307e-02;
   2.060237e-03   6.419412e-03  -1.605312e-02;
   1.142084e-02  -2.558167e-02   1.489109e-02]
d=[ ...        
   3.177472e-02   2.017515e-03   1.718196e-02;
   2.017515e-03   6.419412e-03  -2.081740e-02;
   1.718196e-02  -2.081740e-02   1.489109e-02]
     iteration=        1599999       process=              1       (i,j,k)=              0              0              1       (x,y,z)=   5.039936e-03   5.039938e-03   1.427117e-02     particles=             56
fabric=[ ...   
   2.655166e-01  -1.087081e-01   6.260342e-02;
  -1.087081e-01   3.902808e-01   2.304179e-02;
   6.260342e-02   2.304179e-02   2.853791e-01]
sigma=[ ...    
  -2.669649e+00  -1.001952e-01  -5.715391e-01;
   7.636515e-02  -5.823469e-01   5.274212e-02;
  -1.035998e+00   3.812201e-02  -1.172487e+00]
sigmaDot=[ ... 
  -1.567960e+04   9.145299e+03   5.226623e+04;
  -3.284077e+05   4.080013e+04  -1.859804e+04;
   2.596733e+03   1.471992e+05  -6.978385e+03]
intgraE=[ ...  
  -1.342677e-01  -8.060068e-03  -2.104789e-01;
  -8.060068e-03   6.542621e-02  -2.516895e-02;
  -2.104789e-01  -2.516895e-02   6.665000e-01]
E=[ ...        
  -9.777070e-02   5.193647e-02   8.805565e-02;
   5.193647e-02   2.945153e-02  -1.191742e-02;
   8.805565e-02  -1.191742e-02   1.754227e-01]
e=[ ...        
  -1.296946e-01   6.601555e-02   1.061977e-01;
   6.601555e-02   1.806135e-02  -2.824466e-02;
   1.061977e-01  -2.824466e-02   1.022430e-01]
intgraF=[ ...  
   8.549094e-01   2.637755e-03  -5.221946e-01;
  -1.779401e-02   1.062921e+00  -8.960411e-02;
   1.666709e-02   3.230651e-02   1.432579e+00]
F=[ ...        
   8.964102e-01   8.922124e-02   1.730106e-01;
   2.302244e-02   1.025042e+00  -5.532904e-02;
   1.942251e-02   1.519503e-02   1.147977e+00]
R=[ ...        
   9.965410e-01   3.471438e-02   7.550456e-02;
  -3.221397e-02   9.988996e-01  -3.408584e-02;
  -7.660474e-02   3.153563e-02   9.965627e-01]
U=[ ...        
   8.910801e-01   5.472793e-02   8.625407e-02;
   5.472793e-02   1.027491e+00  -1.306001e-02;
   8.625407e-02  -1.306001e-02   1.158980e+00]
l=[ ...        
  -1.527527e-03  -3.022231e-02   6.604900e-02;
  -3.433342e-02   5.186060e-02   2.622660e-03;
   2.248203e-02  -2.141702e-01   1.752020e-01]
d=[ ...        
  -1.527527e-03  -3.227787e-02   4.426551e-02;
  -3.227787e-02   5.186060e-02  -1.057738e-01;
   4.426551e-02  -1.057738e-01   1.752020e-01]
     iteration=        1599999       process=              2       (i,j,k)=              0              1              0       (x,y,z)=   5.039936e-03   1.496003e-02   4.810329e-03     particles=             75
fabric=[ ...   
   2.985703e-01   3.284170e-02   1.439669e-02;
   3.284170e-02   2.719614e-01  -2.464757e-02;
   1.439669e-02  -2.464757e-02   3.311076e-01]
sigma=[ ...    
  -4.168873e+00  -1.079079e+00  -2.223728e-02;
  -1.083109e+00  -3.423743e+00  -1.613823e+00;
   7.082950e-02  -1.006300e+00  -6.451528e+00]
sigmaDot=[ ... 
  -6.410156e+03  -4.450051e+04   3.598238e+04;
  -6.536756e+04  -1.178490e+04  -8.790528e+03;
   2.660805e+04  -5.525370e+04  -7.619207e+01]
intgraE=[ ...  
   1.058005e-02   1.559645e-02   1.003561e-03;
   1.559645e-02  -2.200794e-02   1.497483e-03;
   1.003561e-03   1.497483e-03  -1.030572e-02]
E=[ ...        
   9.873042e-03   1.785864e-02   3.458293e-04;
   1.785864e-02  -2.327134e-03   5.399691e-03;
   3.458293e-04   5.399691e-03  -1.084504e-02]
e=[ ...        
   9.255337e-03   1.749393e-02   3.771138e-04;
   1.749393e-02  -3.227372e-03   5.704915e-03;
   3.771138e-04   5.704915e-03  -1.114018e-02]
intgraF=[ ...  
   1.010365e+00   2.248299e-02  -1.346077e-02;
   8.486281e-03   9.774182e-01  -8.270036e-03;
   1.584372e-02   1.150149e-02   9.895145e-01]
F=[ ...        
   1.009704e+00   2.329647e-02  -8.959940e-03;
   1.217019e-02   9.973814e-01   5.316728e-03;
   9.781035e-03   5.768530e-03   9.890406e-01]
R=[ ...        
   9.999404e-01   5.568405e-03  -9.390389e-03;
  -5.569743e-03   9.999845e-01  -1.163084e-04;
   9.389596e-03   1.686035e-04   9.999559e-01]
U=[ ...        
   1.009668e+00   1.779409e-02   2.976734e-04;
   1.779409e-02   9.974967e-01   5.433509e-03;
   2.976734e-04   5.433509e-03   9.890805e-01]
l=[ ...        
   7.682899e-03   2.159366e-02  -6.610453e-04;
   4.742714e-03  -2.962865e-02   1.255186e-02;
  -4.379626e-03  -1.703685e-02  -7.916622e-03]
d=[ ...        
   7.682899e-03   1.316819e-02  -2.520336e-03;
   1.316819e-02  -2.962865e-02  -2.242494e-03;
  -2.520336e-03  -2.242494e-03  -7.916622e-03]
     iteration=        1599999       process=              3       (i,j,k)=              0              1              1       (x,y,z)=   5.039936e-03   1.496003e-02   1.427117e-02     particles=             46
fabric=[ ...   
   2.696583e-01   4.208405e-02   4.528687e-02;
   4.208405e-02   2.659244e-01  -2.704682e-02;
   4.528687e-02  -2.704682e-02   2.144173e-01]
sigma=[ ...    
  -3.272078e+00  -1.515687e+00   1.223319e-01;
  -1.697658e+00  -3.900347e+00  -8.678806e-01;
  -1.592175e-01  -7.982307e-02  -6.488468e-02]
sigmaDot=[ ... 
  -1.177024e+04  -5.940763e+04  -3.579008e+03;
  -5.760294e+04  -1.159217e+04   6.587727e+03;
  -8.978711e+03  -2.063743e+04  -1.020127e+04]
intgraE=[ ...  
  -4.279065e-02   6.170763e-02  -7.775052e-02;
   6.170763e-02   1.010609e-02  -2.273092e-02;
  -7.775052e-02  -2.273092e-02   1.842630e-01]
E=[ ...        
  -1.972298e-02   5.669181e-02   4.308202e-02;
   5.669181e-02  -3.520855e-04  -6.759674e-02;
   4.308202e-02  -6.759674e-02   1.102948e-01]
e=[ ...        
  -3.578089e-02   7.803578e-02   1.786640e-02;
   7.803578e-02  -2.652160e-02  -4.837336e-02;
   1.786640e-02  -4.837336e-02   9.395678e-02]
intgraF=[ ...  
   9.545285e-01   7.274278e-02  -1.359004e-01;
   5.394665e-02   1.007267e+00  -5.639988e-02;
  -1.959210e-02   1.829620e-02   1.160550e+00]
F=[ ...        
   9.548512e-01   1.277432e-01  -1.620686e-01;
   6.131772e-03   9.892283e-01  -4.247060e-02;
   2.208519e-01  -6.636952e-02   1.092025e+00]
R=[ ...        
   9.815435e-01   5.821069e-02  -1.821646e-01;
  -5.491330e-02   9.982239e-01   2.309731e-02;
   1.831856e-01  -1.266775e-02   9.829967e-01]
U=[ ...        
   9.773482e-01   5.890574e-02   4.329817e-02;
   5.890574e-02   9.957481e-01  -6.566280e-02;
   4.329817e-02  -6.566280e-02   1.102000e+00]
l=[ ...        
  -4.683451e-04   3.673956e-02   4.502047e-02;
   6.945502e-02  -2.857603e-02  -1.465400e-02;
  -2.844447e-02  -3.270494e-02  -3.239761e-02]
d=[ ...        
  -4.683451e-04   5.309729e-02   8.287999e-03;
   5.309729e-02  -2.857603e-02  -2.367947e-02;
   8.287999e-03  -2.367947e-02  -3.239761e-02]
     iteration=        1599999       process=              4       (i,j,k)=              1              0              0       (x,y,z)=   1.496002e-02   5.039938e-03   4.810329e-03     particles=             66
fabric=[ ...   
   3.155011e-01  -6.957864e-03   2.786695e-02;
  -6.957864e-03   2.901286e-01   2.144639e-02;
   2.786695e-02   2.144639e-02   2.443703e-01]
sigma=[ ...    
  -1.261289e+01  -5.888033e+00  -5.017401e+00;
  -5.533200e+00  -7.158048e+00  -1.189241e+00;
  -4.447093e+00  -1.109219e+00  -8.241056e+00]
sigmaDot=[ ... 
  -6.795481e+03  -4.160638e+04  -1.014833e+05;
  -1.604315e+04  -3.651840e+04   3.649359e+04;
  -7.241263e+04   2.735823e+04  -1.710391e+04]
intgraE=[ ...  
  -2.876577e-03   2.612247e-02  -5.559285e-03;
   2.612247e-02   3.289380e-02   8.997885e-03;
  -5.559285e-03   8.997885e-03   5.897089e-02]
E=[ ...        
   4.583960e-03   3.391348e-02   1.052175e-02;
   3.391348e-02   6.477886e-02   6.312377e-02;
   1.052175e-02   6.312377e-02  -1.919386e-02]
e=[ ...        
   8.618798e-04   2.586343e-02   7.054570e-03;
   2.586343e-02   5.051536e-02   5.950362e-02;
   7.054570e-03   5.950362e-02  -2.768472e-02]
intgraF=[ ...  
   9.960818e-01   6.298815e-03  -2.164754e-03;
   4.473965e-02   1.032050e+00  -8.082427e-03;
  -8.134623e-03   2.492292e-02   1.057295e+00]
F=[ ...        
   1.002044e+00   1.061899e-02  -3.073679e-02;
   5.115211e-02   1.061136e+00   6.526572e-02;
   4.959771e-02   5.860981e-02   9.779611e-01]
R=[ ...        
   9.990294e-01  -1.833316e-02  -4.005085e-02;
   1.848456e-02   9.998233e-01   3.413167e-03;
   3.998120e-02  -4.150177e-03   9.991918e-01]
U=[ ...        
   1.004000e+00   3.256661e-02   9.599513e-03;
   3.256661e-02   1.060511e+00   6.175898e-02;
   9.599513e-03   6.175898e-02   9.786245e-01]
l=[ ...        
  -3.158181e-02   4.596955e-02  -3.569732e-02;
   3.533988e-03  -4.708693e-04   1.480698e-02;
  -3.678355e-03   2.788766e-03   2.944863e-02]
d=[ ...        
  -3.158181e-02   2.475177e-02  -1.968784e-02;
   2.475177e-02  -4.708693e-04   8.797873e-03;
  -1.968784e-02   8.797873e-03   2.944863e-02]
     iteration=        1599999       process=              5       (i,j,k)=              1              0              1       (x,y,z)=   1.496002e-02   5.039938e-03   1.427117e-02     particles=             43
fabric=[ ...   
   1.512126e-01   8.632549e-02  -5.565034e-02;
   8.632549e-02   3.302388e-01   2.806424e-02;
  -5.565034e-02   2.806424e-02   2.963263e-01]
sigma=[ ...    
  -2.001122e+00  -9.964107e-01   1.650224e-02;
  -1.493780e+00  -1.610195e+00   1.838062e-02;
   1.019998e-02   2.616048e-02   2.472308e-03]
sigmaDot=[ ... 
  -2.072960e+04  -3.753426e+04   2.908250e+02;
  -2.409354e+04  -8.292354e+03   3.645498e+02;
   4.809996e+02   1.589841e+03  -1.989254e+00]
intgraE=[ ...  
   8.180309e-02   7.576905e-02  -1.079843e-01;
   7.576905e-02   5.889608e-03  -6.174443e-02;
  -1.079843e-01  -6.174443e-02   1.762681e-02]
E=[ ...        
   1.762583e-01  -1.315428e-01   4.475254e-02;
  -1.315428e-01   7.684297e-02  -5.947869e-02;
   4.475254e-02  -5.947869e-02  -2.238518e-01]
e=[ ...        
   1.257977e-01  -8.271370e-02   2.095923e-02;
  -8.271370e-02   2.761624e-02  -7.818239e-02;
   2.095923e-02  -7.818239e-02  -4.348951e-01]
intgraF=[ ...  
   1.076522e+00   1.317525e-01  -1.364115e-01;
  -5.611956e-03   9.722411e-01   1.198011e-01;
  -6.836779e-02  -2.217378e-01   1.001146e+00]
F=[ ...        
   1.162181e+00  -1.919315e-01   8.671786e-02;
  -3.884839e-02   1.055489e+00  -6.011476e-02;
  -1.850387e-02  -5.282901e-02   7.356375e-01]
R=[ ...        
   9.963078e-01  -6.740611e-02   5.317037e-02;
   6.750822e-02   9.977187e-01  -1.247264e-04;
  -5.304066e-02   3.713702e-03   9.985854e-01]
U=[ ...        
   1.156249e+00  -1.171666e-01   4.332075e-02;
  -1.171666e-01   1.065822e+00  -6.309100e-02;
   4.332075e-02  -6.309100e-02   7.392152e-01]
l=[ ...        
   3.934862e-02  -8.070787e-02  -8.225676e-02;
  -1.435763e-02   1.243680e-01   9.852224e-02;
  -2.354945e-02  -2.082294e-01   3.292356e-03]
d=[ ...        
   3.934862e-02  -4.753275e-02  -5.290310e-02;
  -4.753275e-02   1.243680e-01  -5.485358e-02;
  -5.290310e-02  -5.485358e-02   3.292356e-03]
     iteration=        1599999       process=              6       (i,j,k)=              1              1              0       (x,y,z)=   1.496002e-02   1.496003e-02   4.810329e-03     particles=             59
fabric=[ ...   
   2.725464e-01  -5.924836e-02  -4.498735e-02;
  -5.924836e-02   3.187962e-01   1.363439e-01;
  -4.498735e-02   1.363439e-01   3.531019e-01]
sigma=[ ...    
  -3.867932e-01  -3.855578e-02  -1.175856e-01;
   3.182847e-02  -6.883596e-01  -3.933615e-01;
  -1.676296e-01  -5.472013e-01  -1.247222e+00]
sigmaDot=[ ... 
  -2.663364e+03  -4.288582e+03   2.177536e+04;
  -2.056576e+04  -6.889395e+03  -2.323439e+04;
  -1.021460e+04  -8.625880e+04  -3.238607e+03]
intgraE=[ ...  
  -4.243106e-02   6.889339e-02  -3.325217e-02;
   6.889339e-02  -7.606460e-02  -9.898071e-03;
  -3.325217e-02  -9.898071e-03  -6.011548e-03]
E=[ ...        
   1.660517e-01   1.381810e-01  -1.916622e-01;
   1.381810e-01  -1.814123e-01  -1.385321e-01;
  -1.916622e-01  -1.385321e-01  -1.445647e-01]
e=[ ...        
  -2.371136e-02   1.294438e-02  -2.789387e-01;
   1.294438e-02  -5.520440e-01  -3.009317e-01;
  -2.789387e-01  -3.009317e-01  -2.896291e-01]
intgraF=[ ...  
   9.535967e-01   7.319559e-02  -5.020404e-02;
   7.191852e-02   9.131568e-01   8.314342e-02;
  -2.487784e-02  -9.304806e-02   9.892136e-01]
F=[ ...        
   1.094644e+00   1.277835e-01  -7.017315e-02;
   5.181607e-02   7.398719e-01  -5.528235e-02;
  -3.621785e-01  -2.709914e-01   8.383855e-01]
R=[ ...        
   9.884536e-01   3.057353e-02   1.484073e-01;
  -4.830600e-02   9.919099e-01   1.173935e-01;
  -1.436176e-01  -1.232070e-01   9.819338e-01]
U=[ ...        
   1.131517e+00   1.294869e-01  -1.870993e-01;
   1.294869e-01   7.711812e-01  -1.602755e-01;
  -1.870993e-01  -1.602755e-01   8.063351e-01]
l=[ ...        
  -7.016524e-03   2.980734e-02   2.903090e-03;
  -1.527338e-02  -1.370817e-02  -1.744462e-03;
  -1.922438e-02  -3.126126e-02  -7.662845e-03]
d=[ ...        
  -7.016524e-03   7.266982e-03  -8.160647e-03;
   7.266982e-03  -1.370817e-02  -1.650286e-02;
  -8.160647e-03  -1.650286e-02  -7.662845e-03]
     iteration=        1599999       process=              7       (i,j,k)=              1              1              1       (x,y,z)=   1.496002e-02   1.496003e-02   1.427117e-02     particles=             48
fabric=[ ...   
   3.871963e-01   3.278518e-02  -5.201505e-02;
   3.278518e-02   3.686278e-01  -6.437446e-02;
  -5.201505e-02  -6.437446e-02   4.417594e-02]
sigma=[ ...    
  -4.485156e-01  -8.569895e-02   6.545594e-02;
  -5.755228e-02  -6.345063e-01   1.199230e-01;
  -9.416259e-03   9.101130e-03   4.632949e-03]
sigmaDot=[ ... 
   7.520256e+03   1.765902e+04  -4.606163e+03;
   1.748743e+04   7.354443e+03  -2.932680e+03;
  -1.005306e+03   1.605509e+02  -1.517777e+02]
intgraE=[ ...  
   2.455315e-02  -1.862646e-02  -2.280853e-02;
  -1.862646e-02   1.898733e-01  -1.238278e-01;
  -2.280853e-02  -1.238278e-01  -4.934036e-02]
E=[ ...        
   4.666584e-02   1.070248e-01   2.227872e-01;
   1.070248e-01   4.169841e-02  -3.083908e-02;
   2.227872e-01  -3.083908e-02   1.447146e-01]
e=[ ...        
  -1.499237e-01   1.366477e-01   1.541138e-01;
   1.366477e-01   1.308129e-02  -3.024032e-02;
   1.541138e-01  -3.024032e-02   1.241743e-01]
intgraF=[ ...  
   1.014496e+00   1.190181e-01  -1.083425e-01;
  -1.325051e-01   1.166421e+00  -1.445254e-01;
   4.843760e-02  -7.100929e-02   9.320373e-01]
F=[ ...        
   9.434335e-01   9.593864e-02  -4.303225e-02;
   1.395818e-01   1.035278e+00  -1.979959e-03;
   4.286978e-01  -4.891096e-02   1.134713e+00]
R=[ ...        
   9.745448e-01  -1.778478e-02  -2.234862e-01;
   2.483207e-02   9.992778e-01   2.876252e-02;
   2.228133e-01  -3.357999e-02   9.742826e-01]
U=[ ...        
   1.018404e+00   1.083066e-01   2.108431e-01;
   1.083066e-01   1.034466e+00  -3.931686e-02;
   2.108431e-01  -3.931686e-02   1.115091e+00]
l=[ ...        
  -4.653772e-02   4.438166e-02   7.348087e-02;
  -2.296102e-01   4.349731e-02  -2.209165e-01;
  -1.756886e-03  -1.000196e-01  -5.746325e-02]
d=[ ...        
  -4.653772e-02  -9.261425e-02   3.586199e-02;
  -9.261425e-02   4.349731e-02  -1.604681e-01;
   3.586199e-02  -1.604681e-01  -5.746325e-02]
