     iteration=        4099999       process=              0       (i,j,k)=              0              0              0       (x,y,z)=   5.101944e-03   5.100926e-03   4.870441e-03     particles=             71
fabric=[ ...   
   3.663632e-01  -1.971260e-02  -4.744274e-02;
  -1.971260e-02   3.529660e-01   6.440620e-03;
  -4.744274e-02   6.440620e-03   2.806708e-01]
sigma=[ ...    
  -1.752167e+03   2.648691e+02   3.829230e+02;
   2.739670e+02  -1.251231e+03  -5.324866e+01;
   3.781427e+02  -7.156261e+01  -1.124087e+03]
sigmaDot=[ ... 
  -2.535023e+06   2.750324e+07  -4.285634e+06;
   1.108912e+07   1.061523e+06  -1.407660e+06;
   2.051740e+06  -1.336283e+07   1.118948e+06]
intgraE=[ ...  
   1.203660e-02  -8.747545e-03   2.102372e-02;
  -8.747545e-03  -8.236750e-03  -4.379162e-03;
   2.102372e-02  -4.379162e-03   2.756385e-02]
E=[ ...        
   3.316517e-02   1.455825e-02  -4.102300e-03;
   1.455825e-02  -1.298292e-02  -1.210478e-03;
  -4.102300e-03  -1.210478e-03   2.497964e-02]
e=[ ...        
   3.028130e-02   1.462532e-02  -3.704672e-03;
   1.462532e-02  -1.335451e-02  -9.191390e-04;
  -3.704672e-03  -9.191390e-04   2.377396e-02]
intgraF=[ ...  
   1.011837e+00  -1.763845e-02   2.522658e-02;
   4.825796e-04   9.915411e-01  -2.514222e-04;
   1.608982e-02  -7.852950e-03   1.026884e+00]
F=[ ...        
   1.032214e+00   3.719147e-04  -3.665868e-03;
   2.908311e-02   9.869081e-01   4.614242e-03;
  -4.445228e-03  -6.805611e-03   1.024658e+00]
R=[ ...        
   9.998987e-01  -1.423019e-02   2.898771e-04;
   1.422831e-02   9.998825e-01   5.705045e-03;
  -3.710269e-04  -5.700342e-03   9.999837e-01]
U=[ ...        
   1.032524e+00   1.441644e-02  -3.980019e-03;
   1.441644e-02   9.868257e-01  -1.175037e-03;
  -3.980019e-03  -1.175037e-03   1.024667e+00]
l=[ ...        
   8.796702e-03  -1.115109e-03  -6.233770e-04;
  -2.601122e-02   4.725665e-03  -3.143102e-02;
   1.890509e-02  -1.196180e-02  -1.465537e-02]
d=[ ...        
   8.796702e-03  -1.356316e-02   9.140858e-03;
  -1.356316e-02   4.725665e-03  -2.169641e-02;
   9.140858e-03  -2.169641e-02  -1.465537e-02]
     iteration=        4099999       process=              1       (i,j,k)=              0              0              1       (x,y,z)=   5.101944e-03   5.100926e-03   1.420787e-02     particles=             53
fabric=[ ...   
   3.172385e-01  -2.905429e-02  -2.402735e-02;
  -2.905429e-02   4.033272e-01   2.185218e-02;
  -2.402735e-02   2.185218e-02   2.794343e-01]
sigma=[ ...    
  -8.540777e+02   3.098699e+02   2.094858e+02;
   3.124397e+02  -6.948759e+02  -2.065757e+02;
   2.065704e+02  -1.999570e+02  -1.122636e+03]
sigmaDot=[ ... 
   2.683936e+05   5.683051e+04   3.376573e+05;
   3.118589e+05   2.302651e+05   1.862912e+05;
   7.892020e+04   3.560764e+05  -2.479573e+05]
intgraE=[ ...  
  -1.044267e-01   1.292420e-02  -2.549763e-01;
   1.292420e-02   6.994477e-02  -2.289621e-02;
  -2.549763e-01  -2.289621e-02   5.964968e-01]
E=[ ...        
  -2.436252e-01  -9.037250e-02   1.038237e-01;
  -9.037250e-02   2.546952e-01   1.267230e+00;
   1.038237e-01   1.267230e+00   2.660482e+00]
e=[ ...        
  -3.526622e-01  -5.390311e-01  -5.027383e-01;
  -5.390311e-01  -1.328779e+00  -5.610135e-01;
  -5.027383e-01  -5.610135e-01   7.715225e-02]
intgraF=[ ...  
   8.880278e-01   3.387259e-02  -6.498257e-01;
  -5.764648e-03   1.066436e+00  -6.986449e-02;
   5.019985e-02   3.817202e-02   1.328849e+00]
F=[ ...        
   6.084214e-01  -7.549745e-01  -1.069855e+00;
  -1.068723e-01   3.939575e-01  -5.687447e-01;
   3.621481e-01   8.855514e-01   2.202931e+00]
R=[ ...        
   8.589986e-01  -3.497331e-01  -3.739092e-01;
   1.219568e-01   8.490763e-01  -5.140000e-01;
   4.972402e-01   3.959245e-01   7.720077e-01]
U=[ ...        
   6.896740e-01  -1.601445e-01   1.070192e-01;
  -1.601445e-01   9.491511e-01   7.634503e-01;
   1.070192e-01   7.634503e-01   2.393043e+00]
l=[ ...        
   2.249922e-02  -4.768122e-02  -2.094926e-02;
   6.478331e-03  -1.402785e-02   9.729357e-03;
   1.051494e-02   9.141431e-03  -2.073981e-02]
d=[ ...        
   2.249922e-02  -2.060144e-02  -5.217161e-03;
  -2.060144e-02  -1.402785e-02   9.435394e-03;
  -5.217161e-03   9.435394e-03  -2.073981e-02]
     iteration=        4099999       process=              2       (i,j,k)=              0              1              0       (x,y,z)=   5.101944e-03   1.489702e-02   4.870441e-03     particles=             74
fabric=[ ...   
   3.270443e-01   7.752506e-03  -1.865370e-02;
   7.752506e-03   3.597503e-01   1.243678e-02;
  -1.865370e-02   1.243678e-02   3.042767e-01]
sigma=[ ...    
  -1.716453e+03   1.825709e+02   4.610858e+02;
   1.800831e+02  -2.636737e+03  -2.117076e+02;
   4.543377e+02  -2.069958e+02  -1.741559e+03]
sigmaDot=[ ... 
   8.821934e+05   7.862217e+04  -1.094092e+05;
  -5.792962e+05   3.670837e+04   2.507634e+04;
   1.628637e+05  -6.537501e+05  -2.943263e+05]
intgraE=[ ...  
   2.244960e-02   1.657499e-02   1.225732e-02;
   1.657499e-02  -3.964194e-02  -3.123142e-03;
   1.225732e-02  -3.123142e-03   1.699022e-03]
E=[ ...        
   1.779778e-02   3.255834e-02   2.200115e-02;
   3.255834e-02   7.370417e-03   1.456159e-02;
   2.200115e-02   1.456159e-02   4.092710e-02]
e=[ ...        
   1.274422e-02   3.093645e-02   1.726488e-02;
   3.093645e-02   6.549978e-03   1.400288e-02;
   1.726488e-02   1.400288e-02   3.685037e-02]
intgraF=[ ...  
   1.021788e+00   2.135574e-02  -2.031422e-03;
   1.189327e-02   9.592971e-01  -3.313977e-03;
   2.658480e-02  -3.018711e-03   1.001690e+00]
F=[ ...        
   1.015579e+00   1.859352e-02  -4.769988e-03;
   4.659732e-02   1.007054e+00   4.488956e-02;
   4.499372e-02  -1.539188e-02   1.039142e+00]
R=[ ...        
   9.996087e-01  -1.299436e-02  -2.477263e-02;
   1.372442e-02   9.994696e-01   2.953162e-02;
   2.437574e-02  -2.986005e-02   9.992568e-01]
U=[ ...        
   1.016917e+00   3.203229e-02   2.117782e-02;
   3.203229e-02   1.006738e+00   1.389889e-02;
   2.117782e-02   1.389889e-02   1.039814e+00]
l=[ ...        
  -1.278480e-02   1.594597e-02   2.692052e-02;
   9.536272e-03   2.499826e-02  -2.419404e-03;
  -1.033417e-02   5.702575e-03   1.666563e-02]
d=[ ...        
  -1.278480e-02   1.274112e-02   8.293178e-03;
   1.274112e-02   2.499826e-02   1.641585e-03;
   8.293178e-03   1.641585e-03   1.666563e-02]
     iteration=        4099999       process=              3       (i,j,k)=              0              1              1       (x,y,z)=   5.101944e-03   1.489702e-02   1.420787e-02     particles=             47
fabric=[ ...   
   2.920662e-01   2.848405e-02  -5.709235e-03;
   2.848405e-02   3.500475e-01   3.816093e-02;
  -5.709235e-03   3.816093e-02   3.578863e-01]
sigma=[ ...    
  -1.016129e+03  -1.771623e+02  -7.594516e+01;
  -2.044109e+02  -1.243571e+03  -5.094937e+02;
  -6.834456e+01  -4.970161e+02  -2.524301e+03]
sigmaDot=[ ... 
   7.180757e+05  -4.830637e+05  -7.102888e+05;
  -8.704993e+06   4.829332e+05   2.641036e+05;
  -1.302610e+06   1.786731e+07   4.930161e+04]
intgraE=[ ...  
  -1.777576e-02   7.303593e-02  -6.956341e-02;
   7.303593e-02  -2.446277e-02  -2.159098e-02;
  -6.956341e-02  -2.159098e-02   1.462515e-01]
E=[ ...        
  -3.038834e-02   2.922241e-02   9.868953e-02;
   2.922241e-02  -8.548604e-02   7.927331e-02;
   9.868953e-02   7.927331e-02   2.490476e-01]
e=[ ...        
  -6.421324e-02   1.511136e-02   3.643871e-02;
   1.511136e-02  -1.081732e-01   8.219430e-02;
   3.643871e-02   8.219430e-02   1.576011e-01]
intgraF=[ ...  
   9.796405e-01   8.096874e-02  -1.328232e-01;
   6.853482e-02   9.716231e-01  -8.259608e-03;
  -7.476795e-03  -2.161271e-02   1.129067e+00]
F=[ ...        
   9.379036e-01   5.783869e-02  -1.041987e-01;
   4.348500e-04   9.085372e-01   1.604080e-01;
   2.440490e-01   1.558137e-02   1.208928e+00]
R=[ ...        
   9.858960e-01   4.664801e-02  -1.607268e-01;
  -3.506474e-02   9.966292e-01   7.416671e-02;
   1.636448e-01  -6.748482e-02   9.842084e-01]
U=[ ...        
   9.645975e-01   2.771512e-02   8.948103e-02;
   2.771512e-02   9.071213e-01   7.342230e-02;
   8.948103e-02   7.342230e-02   1.218482e+00]
l=[ ...        
   7.774404e-02  -9.263173e-03  -1.073578e-01;
  -5.430703e-03  -8.357779e-03   6.293241e-02;
   5.185192e-02  -2.589301e-02  -7.438632e-02]
d=[ ...        
   7.774404e-02  -7.346938e-03  -2.775292e-02;
  -7.346938e-03  -8.357779e-03   1.851970e-02;
  -2.775292e-02   1.851970e-02  -7.438632e-02]
     iteration=        4099999       process=              4       (i,j,k)=              1              0              0       (x,y,z)=   1.489736e-02   5.100926e-03   4.870441e-03     particles=             64
fabric=[ ...   
   4.010494e-01  -2.993430e-02  -8.886213e-03;
  -2.993430e-02   3.345184e-01  -3.548578e-02;
  -8.886213e-03  -3.548578e-02   2.644322e-01]
sigma=[ ...    
  -4.203419e+03   5.851524e+02  -4.029976e+00;
   5.809052e+02  -2.722990e+03   7.142777e+02;
  -6.563248e+00   7.054467e+02  -1.881395e+03]
sigmaDot=[ ... 
   8.038699e+05   1.745901e+06  -2.645122e+06;
   4.641820e+05  -8.177876e+05   5.150857e+04;
  -4.453971e+05   1.626919e+06  -4.229729e+05]
intgraE=[ ...  
  -1.041084e-02   3.257906e-02  -1.717103e-02;
   3.257906e-02   2.771374e-02   7.244767e-03;
  -1.717103e-02   7.244767e-03   5.511773e-02]
E=[ ...        
   1.193776e-01   2.642255e-03   8.719777e-02;
   2.642255e-03   5.955176e-02   2.184114e-02;
   8.719777e-02   2.184114e-02  -5.984545e-03]
e=[ ...        
   7.761121e-02  -9.951680e-04   7.837414e-02;
  -9.951680e-04   5.279903e-02   2.002797e-02;
   7.837414e-02   2.002797e-02  -1.173065e-02]
intgraF=[ ...  
   9.878237e-01   1.551777e-02  -1.237597e-03;
   4.932157e-02   1.026880e+00  -1.310265e-02;
  -3.082141e-02   2.654112e-02   1.053595e+00]
F=[ ...        
   1.103427e+00  -1.022450e-02   2.720648e-02;
   1.415657e-02   1.057770e+00   3.124544e-02;
   1.449280e-01   1.098538e-02   9.931336e-01]
R=[ ...        
   9.983794e-01  -1.007357e-02  -5.600992e-02;
   1.060464e-02   9.999015e-01   9.192465e-03;
   5.591181e-02  -9.771533e-03   9.983879e-01]
U=[ ...        
   1.109892e+00   1.623558e-03   8.302163e-02;
   1.623558e-03   1.057662e+00   2.126386e-02;
   8.302163e-02   2.126386e-02   9.902960e-01]
l=[ ...        
  -4.337573e-03   1.606871e-02  -3.934732e-02;
  -1.465541e-02   1.051246e-02   2.201969e-02;
  -2.202701e-02   1.567545e-03  -4.075021e-02]
d=[ ...        
  -4.337573e-03   7.066467e-04  -3.068717e-02;
   7.066467e-04   1.051246e-02   1.179362e-02;
  -3.068717e-02   1.179362e-02  -4.075021e-02]
     iteration=        4099999       process=              5       (i,j,k)=              1              0              1       (x,y,z)=   1.489736e-02   5.100926e-03   1.420787e-02     particles=             43
fabric=[ ...   
   2.924657e-01   4.930357e-02   1.520691e-02;
   4.930357e-02   3.681158e-01  -1.633188e-02;
   1.520691e-02  -1.633188e-02   3.394185e-01]
sigma=[ ...    
  -5.252631e+02  -6.765404e+01  -1.969561e+02;
  -6.043728e+01  -6.383932e+02   8.512026e+01;
  -2.191378e+02   5.787453e+01  -5.552254e+02]
sigmaDot=[ ... 
  -4.840401e+05   1.363677e+05  -7.902953e+05;
   1.998476e+05  -2.483415e+05  -7.628713e+05;
  -1.884295e+05   4.291234e+05  -2.340556e+05]
intgraE=[ ...  
   4.977741e-02   2.958609e-02  -1.079915e-01;
   2.958609e-02   2.617671e-02  -5.319311e-02;
  -1.079915e-01  -5.319311e-02  -5.642938e-03]
E=[ ...        
   2.523111e-01   2.112640e-02  -5.763092e-01;
   2.112640e-02  -1.987717e-01   7.724499e-02;
  -5.763092e-01   7.724499e-02   9.177874e-01]
e=[ ...        
   7.561575e-02  -5.000214e-03  -2.121421e-01;
  -5.000214e-03  -3.398588e-01   1.748347e-01;
  -2.121421e-01   1.748347e-01   1.518752e-01]
intgraF=[ ...  
   1.045932e+00   7.258667e-02  -1.396761e-01;
  -3.236505e-02   9.969762e-01   1.290914e-01;
  -6.733048e-02  -2.304845e-01   9.759816e-01]
F=[ ...        
   1.190402e+00   1.332714e-01  -6.000824e-01;
  -1.528207e-01   7.646515e-01   3.102972e-01;
  -2.533995e-01  -1.818809e-03   1.542463e+00]
R=[ ...        
   9.828494e-01   1.366336e-01  -1.238481e-01;
  -1.223507e-01   9.856350e-01   1.164219e-01;
   1.379761e-01  -9.927232e-02   9.854479e-01]
U=[ ...        
   1.153720e+00   3.717910e-02  -4.149327e-01;
   3.717910e-02   7.720572e-01   7.072446e-02;
  -4.149327e-01   7.072446e-02   1.630461e+00]
l=[ ...        
   7.027887e-03   3.660153e-02   3.549498e-02;
  -4.300990e-02   1.076092e-01  -2.874258e-02;
  -6.618537e-02   8.246854e-02  -8.076147e-02]
d=[ ...        
   7.027887e-03  -3.204186e-03  -1.534520e-02;
  -3.204186e-03   1.076092e-01   2.686298e-02;
  -1.534520e-02   2.686298e-02  -8.076147e-02]
     iteration=        4099999       process=              6       (i,j,k)=              1              1              0       (x,y,z)=   1.489736e-02   1.489702e-02   4.870441e-03     particles=             60
fabric=[ ...   
   4.018288e-01   2.028438e-02  -3.477270e-02;
   2.028438e-02   3.281012e-01   1.284980e-02;
  -3.477270e-02   1.284980e-02   2.525261e-01]
sigma=[ ...    
  -7.121837e+02   4.414057e+02   3.559539e+01;
   4.445352e+02  -6.866263e+02  -8.695721e+01;
   3.414899e+01  -8.293457e+01  -2.571068e+02]
sigmaDot=[ ... 
  -6.068891e+04   1.074186e+05  -1.134555e+05;
   3.455129e+05  -6.203877e+04  -4.431924e+03;
  -3.471629e+01  -2.356689e+05  -3.941565e+05]
intgraE=[ ...  
  -7.011981e-02   6.403178e-02  -4.112748e-02;
   6.403178e-02  -9.771411e-02  -3.654561e-03;
  -4.112748e-02  -3.654561e-03  -1.871918e-02]
E=[ ...        
   1.364427e-01  -1.154499e-01   1.056421e-01;
  -1.154499e-01  -7.040247e-02  -4.094417e-01;
   1.056421e-01  -4.094417e-01   8.209891e-01]
e=[ ...        
   6.575087e-02  -1.395107e-01  -4.733053e-02;
  -1.395107e-01  -2.435402e-01  -3.308959e-01;
  -4.733053e-02  -3.308959e-01   1.394731e-01]
intgraF=[ ...  
   9.224376e-01   6.608331e-02  -2.814431e-02;
   6.880694e-02   8.898601e-01   9.414051e-02;
  -6.430350e-02  -9.139921e-02   9.761696e-01]
F=[ ...        
   1.107767e+00  -2.958200e-02   1.796711e-02;
  -2.086704e-01   9.056408e-01  -5.758903e-01;
   4.685247e-02  -1.952813e-01   1.519870e+00]
R=[ ...        
   9.964329e-01   8.352854e-02  -1.201756e-02;
  -8.438287e-02   9.845477e-01  -1.534450e-01;
  -9.851771e-04   1.539117e-01   9.880841e-01]
U=[ ...        
   1.121377e+00  -1.057047e-01   6.500096e-02;
  -1.057047e-01   8.591195e-01  -3.315649e-01;
   6.500096e-02  -3.315649e-01   1.589911e+00]
l=[ ...        
  -1.444360e-02   6.956743e-03   4.267272e-03;
  -5.078159e-02  -4.151918e-03   1.241484e-02;
   1.175931e-02   3.685401e-03   8.013773e-03]
d=[ ...        
  -1.444360e-02  -2.191242e-02   8.013293e-03;
  -2.191242e-02  -4.151918e-03   8.050120e-03;
   8.013293e-03   8.050120e-03   8.013773e-03]
     iteration=        4099999       process=              7       (i,j,k)=              1              1              1       (x,y,z)=   1.489736e-02   1.489702e-02   1.420787e-02     particles=             53
fabric=[ ...   
   3.986452e-01   5.426462e-02   6.519615e-03;
   5.426462e-02   3.008926e-01  -2.452697e-02;
   6.519615e-03  -2.452697e-02   2.766527e-01]
sigma=[ ...    
  -5.160894e+01   3.886975e-01  -8.537559e+00;
  -6.582671e+00  -1.680029e+01   5.413434e+00;
  -9.851846e+00   6.353565e+00  -2.067743e+01]
sigmaDot=[ ... 
   2.669164e+05  -2.073574e+05   1.352808e+05;
  -5.891606e+05  -4.561613e+04   1.052487e+05;
   9.662659e+04   5.892809e+05   1.123484e+05]
intgraE=[ ...  
   3.828326e-02  -6.129373e-02  -3.006862e-03;
  -6.129373e-02   1.364863e-01  -9.601736e-02;
  -3.006862e-03  -9.601736e-02  -7.290617e-02]
E=[ ...        
   4.276023e-02   2.648403e-01  -2.018908e-02;
   2.648403e-01  -3.465486e-01  -2.616882e-01;
  -2.018908e-02  -2.616882e-01   2.195634e+00]
e=[ ...        
  -1.937949e+02   1.868011e+02   1.226524e+02;
   1.868011e+02  -1.798039e+02  -1.182117e+02;
   1.226524e+02  -1.182117e+02  -7.715841e+01]
intgraF=[ ...  
   1.017875e+00   1.003472e-01  -5.852035e-02;
  -1.978080e-01   1.120816e+00  -9.925202e-02;
   3.698952e-02  -8.169913e-02   9.170126e-01]
F=[ ...        
   7.426543e-01   3.388164e-01   4.885941e-01;
   7.226508e-01   4.085812e-01  -8.724720e-01;
   1.084478e-01  -1.586429e-01   2.095552e+00]
R=[ ...        
   3.698589e-01   8.835384e-01   2.873399e-01;
   8.830709e-01  -2.381798e-01  -4.042971e-01;
   2.887735e-01  -4.032744e-01   8.683200e-01]
U=[ ...        
   9.441460e-01   4.403086e-01   1.539597e-02;
   4.403086e-01   2.660182e-01  -2.055855e-01;
   1.539597e-02  -2.055855e-01   2.312740e+00]
l=[ ...        
  -4.984272e-02   2.101009e-02   2.863750e-02;
  -1.117549e-02  -1.712067e-02   8.988204e-02;
  -3.057064e-03   2.455844e-02  -9.387245e-03]
d=[ ...        
  -4.984272e-02   4.917300e-03   1.279022e-02;
   4.917300e-03  -1.712067e-02   5.722024e-02;
   1.279022e-02   5.722024e-02  -9.387245e-03]
