     iteration=        1399999       process=              0       (i,j,k)=              0              0              0       (x,y,z)=   5.034936e-03   5.034938e-03   4.805329e-03     particles=             72
fabric=[ ...   
   3.546385e-01  -5.707060e-03  -3.949266e-02;
  -5.707060e-03   2.621980e-01   1.839963e-02;
  -3.949266e-02   1.839963e-02   3.642956e-01]
sigma=[ ...    
  -1.867120e+00   8.170180e-02   6.460208e-01;
   3.886814e-01  -3.641676e+00   4.366784e-01;
   2.910584e-02   5.117597e-01  -2.526966e+00]
sigmaDot=[ ... 
  -8.875635e+04   1.614383e+05  -6.375461e+05;
  -2.133054e+05   1.124740e+05   8.427843e+04;
  -6.571629e+05  -1.527874e+05  -1.411968e+05]
intgraE=[ ...  
   1.155710e-02  -1.184419e-02   3.823643e-03;
  -1.184419e-02   8.264580e-03  -1.125851e-02;
   3.823643e-03  -1.125851e-02   4.728924e-03]
E=[ ...        
   2.569908e-03   3.109658e-03  -4.096366e-02;
   3.109658e-03  -5.324071e-03  -2.392145e-02;
  -4.096366e-02  -2.392145e-02  -2.668356e-02]
e=[ ...        
   1.163421e-03   1.975654e-03  -4.219130e-02;
   1.975654e-03  -6.341240e-03  -2.571924e-02;
  -4.219130e-02  -2.571924e-02  -3.564854e-02]
intgraF=[ ...  
   1.011409e+00  -2.898388e-02   1.920695e-02;
   5.341631e-03   1.007599e+00  -1.042757e-03;
  -1.172009e-02  -2.081528e-02   1.004534e+00]
F=[ ...        
   1.002370e+00  -5.732365e-03  -6.588222e-02;
   1.171949e-02   9.944560e-01  -2.956198e-02;
  -1.601878e-02  -1.939927e-02   9.702672e-01]
R=[ ...        
   9.996381e-01  -9.008890e-03  -2.534948e-02;
   8.883389e-03   9.999477e-01  -5.059084e-03;
   2.539373e-02   4.832064e-03   9.996658e-01]
U=[ ...        
   1.001705e+00   2.611230e-03  -4.148228e-02;
   2.611230e-03   9.943619e-01  -2.427851e-02;
  -4.148228e-02  -2.427851e-02   9.717627e-01]
l=[ ...        
  -1.389200e-02  -1.007792e-02   1.903856e-02;
  -4.499331e-02   7.438523e-03  -1.042912e-02;
  -3.706395e-02  -1.757574e-02  -9.349191e-03]
d=[ ...        
  -1.389200e-02  -2.753562e-02  -9.012692e-03;
  -2.753562e-02   7.438523e-03  -1.400243e-02;
  -9.012692e-03  -1.400243e-02  -9.349191e-03]
     iteration=        1399999       process=              1       (i,j,k)=              0              0              1       (x,y,z)=   5.034936e-03   5.034938e-03   1.427617e-02     particles=             56
fabric=[ ...   
   3.529119e-01  -2.599862e-02   6.955801e-02;
  -2.599862e-02   2.677730e-01  -4.014898e-02;
   6.955801e-02  -4.014898e-02   3.052410e-01]
sigma=[ ...    
  -2.674413e+00  -5.637563e-02  -7.666712e-01;
   3.655342e-01  -5.908102e-01   1.259530e-01;
  -8.946171e-01   1.237074e-01  -1.186780e+00]
sigmaDot=[ ... 
  -1.074415e+04   2.612524e+04  -3.310960e+04;
   1.282573e+04  -2.614473e+03   2.346335e+02;
  -3.007690e+04   4.903086e+01  -4.028911e+03]
intgraE=[ ...  
  -1.344665e-01  -6.076915e-03  -2.170783e-01;
  -6.076915e-03   6.092695e-02  -1.119819e-02;
  -2.170783e-01  -1.119819e-02   6.370502e-01]
E=[ ...        
  -7.258608e-02   5.697313e-02   1.064947e-01;
   5.697313e-02   7.491136e-03  -1.242733e-02;
   1.064947e-01  -1.242733e-02   2.423853e-02]
e=[ ...        
  -1.075276e-01   6.942434e-02   1.372586e-01;
   6.942434e-02  -2.914905e-03  -3.417561e-02;
   1.372586e-01  -3.417561e-02  -2.171006e-02]
intgraF=[ ...  
   8.547924e-01   3.036755e-03  -5.317483e-01;
  -1.462190e-02   1.057842e+00  -9.027962e-02;
   1.353293e-02   5.305840e-02   1.408259e+00]
F=[ ...        
   9.221246e-01   8.763219e-02   1.683477e-01;
   3.176996e-02   1.003419e+00  -6.085484e-02;
   5.920076e-02   2.128143e-02   1.008183e+00]
R=[ ...        
   9.979522e-01   2.829453e-02   5.736583e-02;
  -2.592207e-02   9.987944e-01  -4.168736e-02;
  -5.847619e-02   4.011495e-02   9.974825e-01]
U=[ ...        
   9.159509e-01   6.019758e-02   1.106258e-01;
   6.019758e-02   1.005543e+00  -1.557495e-02;
   1.106258e-01  -1.557495e-02   1.017839e+00]
l=[ ...        
  -2.962250e-02   4.201031e-02   1.607165e-02;
  -1.020538e-01   2.764273e-01  -1.350379e-01;
   9.059899e-02  -1.783889e-01   5.170939e-02]
d=[ ...        
  -2.962250e-02  -3.002173e-02   5.333532e-02;
  -3.002173e-02   2.764273e-01  -1.567134e-01;
   5.333532e-02  -1.567134e-01   5.170939e-02]
     iteration=        1399999       process=              2       (i,j,k)=              0              1              0       (x,y,z)=   5.034936e-03   1.496503e-02   4.805329e-03     particles=             75
fabric=[ ...   
   2.537943e-01   2.231352e-02  -1.400758e-02;
   2.231352e-02   2.809147e-01   2.268146e-02;
  -1.400758e-02   2.268146e-02   3.541799e-01]
sigma=[ ...    
  -3.106100e+00  -6.281717e-01   2.602195e-02;
  -3.865699e-01  -2.063636e+00  -1.076440e+00;
   3.642682e-02  -9.945361e-01  -3.960252e+00]
sigmaDot=[ ... 
   1.150892e+04  -1.927066e+04   3.819681e+04;
  -5.593965e+04  -1.092789e+04  -1.823773e+03;
   3.747136e+04  -1.871326e+04   1.582894e+04]
intgraE=[ ...  
   8.960880e-03   1.369386e-02   6.617059e-04;
   1.369386e-02  -1.941950e-02   1.727228e-03;
   6.617059e-04   1.727228e-03  -9.159314e-03]
E=[ ...        
   8.088879e-03   1.520787e-02  -8.466801e-04;
   1.520787e-02   4.566223e-03   4.561227e-03;
  -8.466801e-04   4.561227e-03  -1.153206e-02]
e=[ ...        
   7.647530e-03   1.480245e-02  -8.239364e-04;
   1.480245e-02   3.914181e-03   4.775101e-03;
  -8.239364e-04   4.775101e-03  -1.186222e-02]
intgraF=[ ...  
   1.008767e+00   1.823741e-02  -1.352148e-02;
   8.977688e-03   9.801378e-01  -8.941006e-03;
   1.518544e-02   1.258191e-02   9.906657e-01]
F=[ ...        
   1.007973e+00   1.913985e-02  -8.370725e-03;
   1.104239e-02   1.004362e+00   4.487821e-03;
   6.773427e-03   4.831537e-03   9.883550e-01]
R=[ ...        
   9.999630e-01   4.040950e-03  -7.594510e-03;
  -4.041836e-03   9.999918e-01  -1.012420e-04;
   7.594038e-03   1.319340e-04   9.999712e-01]
U=[ ...        
   1.007943e+00   1.511636e-02  -8.829487e-04;
   1.511636e-02   1.004432e+00   4.584356e-03;
  -8.829487e-04   4.584356e-03   9.883896e-01]
l=[ ...        
   1.423666e-02   6.696414e-02  -8.085392e-03;
  -8.766651e-03  -2.600175e-02   7.217275e-03;
   1.183699e-02   4.464475e-04  -6.409810e-03]
d=[ ...        
   1.423666e-02   2.909874e-02   1.875796e-03;
   2.909874e-02  -2.600175e-02   3.831861e-03;
   1.875796e-03   3.831861e-03  -6.409810e-03]
     iteration=        1399999       process=              3       (i,j,k)=              0              1              1       (x,y,z)=   5.034936e-03   1.496503e-02   1.427617e-02     particles=             46
fabric=[ ...   
   4.778084e-01   9.847553e-03   5.390658e-02;
   9.847553e-03   2.793764e-01  -1.215769e-02;
   5.390658e-02  -1.215769e-02   2.428153e-01]
sigma=[ ...    
  -3.230083e+00  -1.406072e+00   1.129618e-01;
  -1.559561e+00  -3.844474e+00  -8.755927e-01;
  -1.040851e-01   5.064025e-02  -2.917323e-02]
sigmaDot=[ ... 
  -1.018046e+04  -5.029107e+04   2.772378e+04;
  -6.453719e+04  -1.156867e+04   7.093123e+03;
  -1.375483e+04  -5.161816e+04  -1.664458e+04]
intgraE=[ ...  
  -4.185406e-02   5.633846e-02  -7.994427e-02;
   5.633846e-02   1.271912e-02  -2.027843e-02;
  -7.994427e-02  -2.027843e-02   1.907328e-01]
E=[ ...        
  -5.634011e-02   6.232465e-02   1.203861e-02;
   6.232465e-02   4.925680e-03  -7.662413e-02;
   1.203861e-02  -7.662413e-02   1.006431e-01]
e=[ ...        
  -6.869454e-02   8.636615e-02  -5.951780e-03;
   8.636615e-02  -2.329898e-02  -5.432283e-02;
  -5.951780e-03  -5.432283e-02   7.786693e-02]
intgraF=[ ...  
   9.559237e-01   6.886189e-02  -1.429213e-01;
   4.674423e-02   1.010086e+00  -5.410581e-02;
  -1.779465e-02   2.053966e-02   1.165381e+00]
F=[ ...        
   9.280731e-01   1.259467e-01  -1.596794e-01;
   1.824242e-02   9.948794e-01  -6.327632e-02;
   1.602099e-01  -6.483650e-02   1.082490e+00]
R=[ ...        
   9.865522e-01   5.056777e-02  -1.554276e-01;
  -4.961058e-02   9.987182e-01   1.003385e-02;
   1.557358e-01  -2.188058e-03   9.877963e-01]
U=[ ...        
   9.396380e-01   6.479908e-02   1.418961e-02;
   6.479908e-02   1.000115e+00  -7.363839e-02;
   1.418961e-02  -7.363839e-02   1.093463e+00]
l=[ ...        
  -3.666109e-02   6.096777e-02   6.087497e-02;
   1.152443e-01   6.094015e-02   9.340397e-03;
   5.240579e-03   3.278672e-02  -3.323092e-02]
d=[ ...        
  -3.666109e-02   8.810601e-02   3.305777e-02;
   8.810601e-02   6.094015e-02   2.106356e-02;
   3.305777e-02   2.106356e-02  -3.323092e-02]
     iteration=        1399999       process=              4       (i,j,k)=              1              0              0       (x,y,z)=   1.496502e-02   5.034938e-03   4.805329e-03     particles=             67
fabric=[ ...   
   3.192712e-01   6.350147e-04   5.173430e-02;
   6.350147e-04   2.450433e-01  -3.602266e-03;
   5.173430e-02  -3.602266e-03   3.137343e-01]
sigma=[ ...    
  -1.017636e+01  -5.353607e+00  -4.713299e+00;
  -4.786273e+00  -6.300769e+00  -1.730729e+00;
  -4.233889e+00  -1.197690e+00  -7.007950e+00]
sigmaDot=[ ... 
   1.490059e+04  -2.999212e+04  -2.452681e+04;
   1.371282e+05  -5.240596e+04   5.054983e+04;
  -5.048195e+04  -1.110258e+05   1.111331e+03]
intgraE=[ ...  
  -9.643344e-04   2.295600e-02  -4.280220e-03;
   2.295600e-02   3.248340e-02   8.042939e-03;
  -4.280220e-03   8.042939e-03   5.583315e-02]
E=[ ...        
   7.431226e-03   1.422888e-02   1.520852e-02;
   1.422888e-02   7.395166e-02   3.142110e-02;
   1.520852e-02   3.142110e-02  -6.107930e-02]
e=[ ...        
   4.675996e-03   8.484203e-03   1.790214e-02;
   8.484203e-03   6.347871e-02   3.101405e-02;
   1.790214e-02   3.101405e-02  -7.154724e-02]
intgraF=[ ...  
   9.980455e-01   1.196004e-03   1.247664e-03;
   4.355581e-02   1.031683e+00  -9.338976e-03;
  -8.914707e-03   2.439430e-02   1.054314e+00]
F=[ ...        
   1.005066e+00  -2.271333e-02  -1.820750e-02;
   4.674224e-02   1.070881e+00   3.686888e-02;
   5.020510e-02   2.451469e-02   9.360292e-01]
R=[ ...        
   9.988567e-01  -3.275296e-02  -3.482105e-02;
   3.296469e-02   9.994413e-01   5.523794e-03;
   3.462067e-02  -6.665343e-03   9.993783e-01]
U=[ ...        
   1.007196e+00   1.346262e-02   1.543465e-02;
   1.346262e-02   1.070863e+00   3.120567e-02;
   1.543465e-02   3.120567e-02   9.362849e-01]
l=[ ...        
   1.999686e-02   6.188627e-02  -3.224341e-02;
   5.692741e-02   7.196813e-02   5.776246e-03;
   4.250636e-02   4.706433e-02   2.982891e-02]
d=[ ...        
   1.999686e-02   5.940684e-02   5.131476e-03;
   5.940684e-02   7.196813e-02   2.642029e-02;
   5.131476e-03   2.642029e-02   2.982891e-02]
     iteration=        1399999       process=              5       (i,j,k)=              1              0              1       (x,y,z)=   1.496502e-02   5.034938e-03   1.427617e-02     particles=             41
fabric=[ ...   
   2.625867e-01  -5.842050e-03   2.247351e-02;
  -5.842050e-03   3.474636e-01  -4.288466e-02;
   2.247351e-02  -4.288466e-02   2.649497e-01]
sigma=[ ...    
  -1.999352e+00  -8.177224e-01   3.228105e-02;
  -1.543594e+00  -1.734479e+00  -3.156205e-02;
  -5.542865e-03  -9.048774e-02   2.323518e-03]
sigmaDot=[ ... 
  -2.581606e+04  -4.137147e+04   8.956128e+02;
  -1.004590e+05  -7.098144e+03   1.261085e+04;
  -2.505894e+02   8.750952e+04  -1.577386e+03]
intgraE=[ ...  
   7.660969e-02   7.881308e-02  -1.010789e-01;
   7.881308e-02  -5.959349e-03  -5.632904e-02;
  -1.010789e-01  -5.632904e-02   1.879897e-02]
E=[ ...        
   1.347959e-01  -1.573925e-01   8.377885e-02;
  -1.573925e-01  -1.986839e-02  -1.098677e-01;
   8.377885e-02  -1.098677e-01  -1.968434e-01]
e=[ ...        
   8.407061e-02  -1.111604e-01   8.287406e-02;
  -1.111604e-01  -1.854484e-01  -2.160371e-01;
   8.287406e-02  -2.160371e-01  -3.494348e-01]
intgraF=[ ...  
   1.071766e+00   1.379563e-01  -1.251705e-01;
  -3.850843e-03   9.637778e-01   1.100313e-01;
  -6.725104e-02  -2.004536e-01   1.004900e+00]
F=[ ...        
   1.122782e+00  -2.013406e-01   1.193076e-01;
  -8.290227e-02   9.185247e-01   1.786429e-02;
   4.560522e-02  -2.757493e-01   7.692593e-01]
R=[ ...        
   9.977165e-01  -5.134338e-02   4.388145e-02;
   4.298573e-02   9.838436e-01   1.737928e-01;
  -5.209559e-02  -1.715097e-01   9.838041e-01]
U=[ ...        
   1.114279e+00  -1.470320e-01   7.972809e-02;
  -1.470320e-01   9.613158e-01  -1.204854e-01;
   7.972809e-02  -1.204854e-01   7.651405e-01]
l=[ ...        
   5.936237e-02  -7.174447e-02  -1.500719e-01;
   1.975707e-02   4.112468e-02  -3.464131e-02;
  -3.202736e-02  -1.654631e-01  -5.542865e-02]
d=[ ...        
   5.936237e-02  -2.599370e-02  -9.104962e-02;
  -2.599370e-02   4.112468e-02  -1.000522e-01;
  -9.104962e-02  -1.000522e-01  -5.542865e-02]
     iteration=        1399999       process=              6       (i,j,k)=              1              1              0       (x,y,z)=   1.496502e-02   1.496503e-02   4.805329e-03     particles=             59
fabric=[ ...   
   3.233258e-01  -8.948504e-03  -3.693795e-02;
  -8.948504e-03   3.323484e-01  -1.711226e-02;
  -3.693795e-02  -1.711226e-02   2.490877e-01]
sigma=[ ...    
  -5.481596e-01   1.528297e-02  -2.030576e-01;
   1.929330e-02  -1.307227e-01  -6.583813e-02;
  -1.869860e-01  -6.649858e-02  -5.839066e-01]
sigmaDot=[ ... 
  -3.108595e+03  -6.174704e+02  -1.501258e+04;
  -1.847206e+03  -1.581468e+03  -6.162920e+03;
  -1.618779e+04  -3.744402e+03  -4.324306e+03]
intgraE=[ ...  
  -4.445063e-02   6.828167e-02  -3.239781e-02;
   6.828167e-02  -7.599765e-02  -7.831781e-03;
  -3.239781e-02  -7.831781e-03  -3.483289e-03]
E=[ ...        
   1.909792e-02   4.271674e-02  -1.477039e-01;
   4.271674e-02  -1.796894e-01  -9.929044e-02;
  -1.477039e-01  -9.929044e-02  -8.661331e-02]
e=[ ...        
  -3.994036e-02   2.063633e-04  -1.980021e-01;
   2.063633e-04  -3.418321e-01  -1.911712e-01;
  -1.980021e-01  -1.911712e-01  -2.177857e-01]
intgraF=[ ...  
   9.513355e-01   7.037689e-02  -4.857881e-02;
   7.372930e-02   9.137938e-01   8.387436e-02;
  -2.496998e-02  -8.962483e-02   9.917856e-01]
F=[ ...        
   1.005592e+00   6.747886e-02  -1.485107e-01;
  -7.621572e-04   7.898220e-01  -1.140548e-01;
  -1.642580e-01  -1.106751e-01   8.897806e-01]
R=[ ...        
   9.991754e-01   3.919076e-02   1.061062e-02;
  -3.912780e-02   9.992157e-01  -6.078053e-03;
  -1.084051e-02   5.657870e-03   9.999252e-01]
U=[ ...        
   1.006573e+00   3.771900e-02  -1.535712e-01;
   3.771900e-02   7.912209e-01  -1.147514e-01;
  -1.535712e-01  -1.147514e-01   8.888315e-01]
l=[ ...        
   2.284995e-02  -5.612675e-02   2.954405e-03;
  -1.720096e-02  -2.129479e-03  -1.499024e-02;
  -1.065637e-02  -1.119521e-01  -2.162140e-02]
d=[ ...        
   2.284995e-02  -3.666385e-02  -3.850983e-03;
  -3.666385e-02  -2.129479e-03  -6.347118e-02;
  -3.850983e-03  -6.347118e-02  -2.162140e-02]
     iteration=        1399999       process=              7       (i,j,k)=              1              1              1       (x,y,z)=   1.496502e-02   1.496503e-02   1.427617e-02     particles=             49
fabric=[ ...   
   2.053520e-01   5.520734e-02   4.059009e-02;
   5.520734e-02   4.717124e-01  -1.319761e-01;
   4.059009e-02  -1.319761e-01   3.229356e-01]
sigma=[ ...    
  -4.363331e-01   2.114653e-01  -1.650512e-01;
  -3.286545e-01  -1.077779e+00   3.678510e-01;
  -1.862341e-01   3.041304e-01  -5.363621e-01]
sigmaDot=[ ... 
  -1.783568e+04  -9.405773e+03  -1.547127e+05;
  -6.996598e+05   1.026019e+05  -3.633250e+04;
  -1.008390e+04   4.206227e+04   7.629043e+02]
intgraE=[ ...  
   2.710742e-02  -7.005466e-03  -3.064125e-02;
  -7.005466e-03   1.792345e-01  -1.068596e-01;
  -3.064125e-02  -1.068596e-01  -4.723604e-02]
E=[ ...        
   8.271485e-02   4.692825e-02  -2.861653e-03;
   4.692825e-02   8.122907e-02   1.011109e-01;
  -2.861653e-03   1.011109e-01   9.395730e-02]
e=[ ...        
   7.361856e-02   1.535559e-02  -3.541072e-03;
   1.535559e-02   6.670182e-02   8.255033e-02;
  -3.541072e-03   8.255033e-02   4.747700e-02]
intgraF=[ ...  
   1.020159e+00   1.093759e-01  -1.168005e-01;
  -1.058795e-01   1.158802e+00  -1.243714e-01;
   4.775213e-02  -6.069637e-02   9.361716e-01]
F=[ ...        
   1.048270e+00   8.031987e-02  -2.623699e-01;
   7.635720e-03   1.075163e+00   2.022551e-01;
   2.578774e-01   5.622511e-03   1.038349e+00]
R=[ ...        
   9.685188e-01   5.648096e-02  -2.424483e-01;
  -3.289186e-02   9.944169e-01   1.002657e-01;
   2.467577e-01  -8.913462e-02   9.649692e-01]
U=[ ...        
   1.078652e+00   4.381460e-02  -4.541938e-03;
   4.381460e-02   1.073196e+00   9.375407e-02;
  -4.541938e-03   9.375407e-02   1.085866e+00]
l=[ ...        
  -7.501668e-02   1.421523e-01  -6.971980e-03;
  -3.020072e-01   2.516396e-01  -1.188208e-01;
   2.903235e-01  -1.241053e-01  -2.321365e-01]
d=[ ...        
  -7.501668e-02  -7.992744e-02   1.416758e-01;
  -7.992744e-02   2.516396e-01  -1.214630e-01;
   1.416758e-01  -1.214630e-01  -2.321365e-01]
