     iteration=        2799999       process=              0       (i,j,k)=              0              0              0       (x,y,z)=   5.069936e-03   5.069938e-03   4.840329e-03     particles=             72
fabric=[ ...   
   3.529803e-01  -3.309809e-02  -3.806514e-02;
  -3.309809e-02   3.202632e-01  -8.277702e-03;
  -3.806514e-02  -8.277702e-03   3.099498e-01]
sigma=[ ...    
  -5.220544e+01  -6.369259e-01   1.052593e+01;
  -3.087085e+00  -4.127304e+01   7.838506e-01;
   9.234985e+00   4.342456e-01  -3.678405e+01]
sigmaDot=[ ... 
   9.234058e+04  -5.677438e+04   1.427966e+06;
   3.779167e+04  -9.436132e+04  -1.507657e+06;
   8.611227e+04   1.743803e+05  -9.227770e+03]
intgraE=[ ...  
   1.463025e-02  -1.253824e-02   1.449555e-02;
  -1.253824e-02  -3.661026e-03  -1.268597e-02;
   1.449555e-02  -1.268597e-02   1.980442e-02]
E=[ ...        
   3.213474e-02   3.651722e-03   3.975320e-04;
   3.651722e-03  -7.079620e-03  -9.829009e-03;
   3.975320e-04  -9.829009e-03   1.120160e-02]
e=[ ...        
   3.005526e-02   4.070138e-03   5.317227e-04;
   4.070138e-03  -7.582246e-03  -9.466947e-03;
   5.317227e-04  -9.466947e-03   1.106333e-02]
intgraF=[ ...  
   1.014514e+00  -2.664967e-02   2.438554e-02;
   2.074710e-03   9.956530e-01   1.127333e-03;
   4.168760e-03  -2.535466e-02   1.019320e+00]
F=[ ...        
   1.031456e+00  -1.135592e-02  -2.016224e-04;
   1.918228e-02   9.925149e-01   5.680909e-03;
   8.842200e-04  -2.502038e-02   1.011124e+00]
R=[ ...        
   9.998860e-01  -1.508038e-02  -7.477809e-04;
   1.509006e-02   9.997689e-01   1.531311e-02;
   5.166805e-04  -1.532265e-02   9.998825e-01]
U=[ ...        
   1.031628e+00   3.609557e-03   4.065537e-04;
   3.609557e-03   9.928401e-01  -9.810455e-03;
   4.065537e-04  -9.810455e-03   1.011092e+00]
l=[ ...        
  -3.227799e-03  -2.584009e-04  -1.839467e-02;
  -5.206581e-03  -2.256267e-02   2.147333e-02;
   3.105791e-02   2.371263e-02   3.799714e-03]
d=[ ...        
  -3.227799e-03  -2.732491e-03   6.331621e-03;
  -2.732491e-03  -2.256267e-02   2.259298e-02;
   6.331621e-03   2.259298e-02   3.799714e-03]
     iteration=        2799999       process=              1       (i,j,k)=              0              0              1       (x,y,z)=   5.069936e-03   5.069938e-03   1.424117e-02     particles=             55
fabric=[ ...   
   3.525984e-01  -4.299292e-02  -1.184834e-03;
  -4.299292e-02   3.323170e-01   5.193931e-02;
  -1.184834e-03   5.193931e-02   2.981354e-01]
sigma=[ ...    
  -1.249712e+01   6.329741e-01  -7.533193e-02;
   8.259671e-01  -7.715228e+00   4.590117e-01;
  -5.460009e-01   1.057405e+00  -1.391590e+01]
sigmaDot=[ ... 
   8.772392e+03   2.797670e+04  -4.590707e+04;
  -7.907306e+02  -1.440216e+04  -3.109061e+03;
  -4.756560e+04  -3.931263e+04   2.203769e+03]
intgraE=[ ...  
  -1.029280e-01   9.071071e-03  -2.448128e-01;
   9.071071e-03   6.465584e-02  -2.052686e-02;
  -2.448128e-01  -2.052686e-02   6.210013e-01]
E=[ ...        
  -7.434169e-02   9.331734e-02  -1.791832e-01;
   9.331734e-02  -1.194616e-01  -1.208691e-01;
  -1.791832e-01  -1.208691e-01   3.216057e-01]
e=[ ...        
  -1.347126e-01   1.213823e-01  -1.577609e-01;
   1.213823e-01  -2.262335e-01  -5.120472e-02;
  -1.577609e-01  -5.120472e-02   1.374139e-01]
intgraF=[ ...  
   8.896920e-01   4.231100e-02  -6.232763e-01;
  -2.007164e-02   1.061153e+00  -6.307088e-02;
   4.678911e-02   3.841636e-02   1.359982e+00]
F=[ ...        
   9.167172e-01   1.419869e-01  -2.644487e-01;
   5.340425e-02   8.520888e-01  -6.039277e-02;
  -8.996811e-02  -1.219061e-01   1.252849e+00]
R=[ ...        
   9.959076e-01   4.398891e-02  -7.894967e-02;
  -4.166182e-02   9.986543e-01   3.088544e-02;
   8.020205e-02  -2.746986e-02   9.964000e-01]
U=[ ...        
   9.035250e-01   9.612918e-02  -1.603693e-01;
   9.612918e-02   8.605368e-01  -1.063599e-01;
  -1.603693e-01  -1.063599e-01   1.267352e+00]
l=[ ...        
  -1.834282e-02   3.169757e-02  -1.116882e-02;
  -6.234344e-03   2.702801e-02  -7.272721e-04;
   3.635356e-02   2.537076e-02  -1.307804e-02]
d=[ ...        
  -1.834282e-02   1.273161e-02   1.259237e-02;
   1.273161e-02   2.702801e-02   1.232174e-02;
   1.259237e-02   1.232174e-02  -1.307804e-02]
     iteration=        2799999       process=              2       (i,j,k)=              0              1              0       (x,y,z)=   5.069936e-03   1.493003e-02   4.840329e-03     particles=             72
fabric=[ ...   
   3.527513e-01  -1.954156e-03  -2.304613e-02;
  -1.954156e-03   3.345506e-01   1.894786e-02;
  -2.304613e-02   1.894786e-02   3.036072e-01]
sigma=[ ...    
  -4.986659e+01  -7.354262e+00   6.602523e+00;
  -7.648726e+00  -6.080062e+01  -1.219531e+01;
   4.379921e+00  -1.195939e+01  -3.037088e+01]
sigmaDot=[ ... 
  -7.104610e+04  -9.698446e+04   1.380335e+05;
  -6.347677e+04  -4.158835e+04  -3.176317e+04;
   1.276663e+05  -3.671636e+04   1.040833e+04]
intgraE=[ ...  
   1.433661e-02   1.544356e-02   5.649165e-03;
   1.544356e-02  -3.157272e-02  -7.774814e-04;
   5.649165e-03  -7.774814e-04  -5.132356e-03]
E=[ ...        
   2.062868e-02   2.078672e-02   1.491383e-02;
   2.078672e-02  -7.858552e-03   8.735225e-03;
   1.491383e-02   8.735225e-03  -3.443605e-03]
e=[ ...        
   1.777482e-02   2.028436e-02   1.430577e-02;
   2.028436e-02  -8.521087e-03   8.743121e-03;
   1.430577e-02   8.743121e-03  -3.666801e-03]
intgraF=[ ...  
   1.013979e+00   2.242316e-02  -9.641565e-03;
   8.273888e-03   9.676288e-01  -8.371036e-03;
   2.125505e-02   6.796818e-03   9.947725e-01]
F=[ ...        
   1.019534e+00   7.944296e-03   3.381260e-03;
   3.343225e-02   9.920089e-01   5.776513e-03;
   2.627846e-02   1.175405e-02   9.965280e-01]
R=[ ...        
   9.998566e-01  -1.265866e-02  -1.125129e-02;
   1.262504e-02   9.999156e-01  -3.053819e-03;
   1.128900e-02   2.911333e-03   9.999320e-01]
U=[ ...        
   1.020106e+00   2.060000e-02   1.470351e-02;
   2.060000e-02   9.918589e-01   8.634448e-03;
   1.470351e-02   8.634448e-03   9.964046e-01]
l=[ ...        
   2.123988e-02   1.685732e-02  -7.632386e-03;
  -1.233510e-02  -3.055613e-02   1.203348e-02;
   2.021867e-02  -4.336734e-03   9.219467e-04]
d=[ ...        
   2.123988e-02   2.261108e-03   6.293144e-03;
   2.261108e-03  -3.055613e-02   3.848373e-03;
   6.293144e-03   3.848373e-03   9.219467e-04]
     iteration=        2799999       process=              3       (i,j,k)=              0              1              1       (x,y,z)=   5.069936e-03   1.493003e-02   1.424117e-02     particles=             47
fabric=[ ...   
   3.466521e-01   4.885393e-02  -2.923615e-02;
   4.885393e-02   2.831809e-01  -7.512373e-03;
  -2.923615e-02  -7.512373e-03   3.701670e-01]
sigma=[ ...    
  -2.338109e+01  -7.855959e+00  -2.268656e+00;
  -1.065098e+01  -1.900195e+01  -4.569560e+00;
  -3.146314e+00  -2.807133e+00  -1.490273e+01]
sigmaDot=[ ... 
   5.763576e+03  -1.190906e+05  -5.381990e+05;
  -6.052122e+05   7.707331e+04  -1.747817e+05;
  -1.043470e+05   2.574147e+05   8.409437e+04]
intgraE=[ ...  
  -2.838069e-02   6.674998e-02  -7.314693e-02;
   6.674998e-02  -6.664122e-03  -2.423640e-02;
  -7.314693e-02  -2.423640e-02   1.700996e-01]
E=[ ...        
   1.622276e-01   1.239880e-01   7.609975e-04;
   1.239880e-01  -6.968296e-02  -4.598931e-02;
   7.609975e-04  -4.598931e-02   9.222729e-02]
e=[ ...        
   9.536222e-02   1.232419e-01   1.001921e-02;
   1.232419e-01  -1.174949e-01  -3.349461e-02;
   1.001921e-02  -3.349461e-02   7.741975e-02]
intgraF=[ ...  
   9.689756e-01   7.291508e-02  -1.278290e-01;
   6.327262e-02   9.905884e-01  -2.852141e-02;
  -1.793198e-02  -9.475565e-03   1.150237e+00]
F=[ ...        
   1.137544e+00   1.111407e-01  -9.686011e-02;
   1.382105e-01   9.195510e-01  -2.699469e-02;
   1.065226e-01  -5.203655e-02   1.083672e+00]
R=[ ...        
   9.956082e-01  -1.398622e-02  -9.256721e-02;
   1.566721e-02   9.997248e-01   1.745791e-02;
   9.229757e-02  -1.883150e-02   9.955534e-01]
U=[ ...        
   1.144545e+00   1.202565e-01   3.162595e-03;
   1.202565e-01   9.187235e-01  -4.603972e-02;
   3.162595e-03  -4.603972e-02   1.087348e+00]
l=[ ...        
   6.939618e-03  -2.916155e-02   2.183635e-02;
  -3.787248e-03  -2.226776e-02   2.656362e-02;
   1.101151e-02  -5.020588e-03  -2.686881e-03]
d=[ ...        
   6.939618e-03  -1.647440e-02   1.642393e-02;
  -1.647440e-02  -2.226776e-02   1.077151e-02;
   1.642393e-02   1.077151e-02  -2.686881e-03]
     iteration=        2799999       process=              4       (i,j,k)=              1              0              0       (x,y,z)=   1.493002e-02   5.069938e-03   4.840329e-03     particles=             64
fabric=[ ...   
   4.561482e-01   6.679576e-03  -6.556360e-03;
   6.679576e-03   2.927714e-01  -2.511815e-03;
  -6.556360e-03  -2.511815e-03   2.510804e-01]
sigma=[ ...    
  -1.105460e+02  -2.264003e+01  -1.405818e+01;
  -1.996614e+01  -5.384902e+01   5.334374e+00;
  -9.427018e+00   3.459899e+00  -3.827688e+01]
sigmaDot=[ ... 
  -2.727552e+04  -9.464148e+04  -1.618535e+05;
  -1.358969e+05  -6.630685e+04  -4.034471e+02;
  -1.910583e+05  -1.756822e+04  -2.018367e+04]
intgraE=[ ...  
  -9.518229e-03   3.171803e-02  -9.509280e-03;
   3.171803e-02   3.384946e-02   6.513025e-03;
  -9.509280e-03   6.513025e-03   6.435082e-02]
E=[ ...        
  -5.458758e-03   1.311731e-02   7.232701e-03;
   1.311731e-02   5.794459e-02   1.710983e-02;
   7.232701e-03   1.710983e-02  -3.041866e-02]
e=[ ...        
  -6.461410e-03   1.061776e-02   7.297925e-03;
   1.061776e-02   5.181595e-02   1.563310e-02;
   7.297925e-03   1.563310e-02  -3.322625e-02]
intgraF=[ ...  
   9.890498e-01   1.374520e-02   2.089148e-03;
   4.879563e-02   1.032794e+00  -1.734788e-02;
  -1.905214e-02   2.910222e-02   1.062260e+00]
F=[ ...        
   9.939379e-01  -4.702100e-03  -3.662041e-03;
   2.913942e-02   1.056322e+00   2.584491e-02;
   1.791184e-02   7.124508e-03   9.687525e-01]
R=[ ...        
   9.998063e-01  -1.633177e-02  -1.098513e-02;
   1.643269e-02   9.998230e-01   9.160926e-03;
   1.083357e-02  -9.339667e-03   9.998977e-01]
U=[ ...        
   9.944182e-01   1.273421e-02   7.258417e-03;
   1.273421e-02   1.056145e+00   1.685232e-02;
   7.258417e-03   1.685232e-02   9.689303e-01]
l=[ ...        
   2.378693e-03  -2.321275e-02   9.874619e-03;
   5.404599e-02  -1.402133e-02  -3.912307e-02;
  -7.341879e-03   6.951045e-03   3.379371e-03]
d=[ ...        
   2.378693e-03   1.541662e-02   1.266370e-03;
   1.541662e-02  -1.402133e-02  -1.608601e-02;
   1.266370e-03  -1.608601e-02   3.379371e-03]
     iteration=        2799999       process=              5       (i,j,k)=              1              0              1       (x,y,z)=   1.493002e-02   5.069938e-03   1.424117e-02     particles=             45
fabric=[ ...   
   2.959232e-01   1.890634e-02   1.340244e-03;
   1.890634e-02   3.331015e-01   7.635113e-04;
   1.340244e-03   7.635113e-04   3.709753e-01]
sigma=[ ...    
  -4.478730e+00  -1.711833e+00  -5.558895e-01;
  -1.336505e+00  -2.771160e+00   1.048651e-01;
  -1.229973e+00   2.231277e-02  -3.753214e+00]
sigmaDot=[ ... 
  -2.228358e+04  -2.387933e+04   4.965602e+04;
  -3.163570e+04  -1.672090e+04  -6.506986e+03;
   7.123251e+03  -2.558334e+04   7.300047e+03]
intgraE=[ ...  
   6.776810e-02   5.783975e-02  -1.102388e-01;
   5.783975e-02   1.514873e-02  -6.414668e-02;
  -1.102388e-01  -6.414668e-02  -2.610529e-03]
E=[ ...        
   1.393890e-01  -8.019183e-02  -8.079959e-02;
  -8.019183e-02  -1.283627e-01   9.217416e-02;
  -8.079959e-02   9.217416e-02  -6.233686e-02]
e=[ ...        
   8.002070e-02  -5.999943e-02  -7.912091e-02;
  -5.999943e-02  -2.583733e-01   1.225601e-01;
  -7.912091e-02   1.225601e-01  -6.376355e-02]
intgraF=[ ...  
   1.063785e+00   1.133651e-01  -1.504363e-01;
  -1.931085e-02   9.806508e-01   1.221746e-01;
  -5.937022e-02  -2.361562e-01   9.783768e-01]
F=[ ...        
   1.115853e+00  -5.007137e-02  -9.339693e-03;
  -8.099033e-02   8.303758e-01  -3.343426e-02;
  -1.645930e-01   2.263703e-01   9.349445e-01]
R=[ ...        
   9.974057e-01   2.365441e-02   6.798757e-02;
  -1.363531e-02   9.894521e-01  -1.442171e-01;
  -7.068181e-02   1.429159e-01   9.872077e-01]
U=[ ...        
   1.125696e+00  -7.726417e-02  -7.494315e-02;
  -7.726417e-02   8.527846e-01   1.003159e-01;
  -7.494315e-02   1.003159e-01   9.271712e-01]
l=[ ...        
  -1.371399e-02   1.546869e-02  -3.318501e-02;
  -2.538202e-02   5.678839e-03   3.135306e-02;
   1.901803e-02   2.443772e-03   1.663916e-02]
d=[ ...        
  -1.371399e-02  -4.956664e-03  -7.083491e-03;
  -4.956664e-03   5.678839e-03   1.689841e-02;
  -7.083491e-03   1.689841e-02   1.663916e-02]
     iteration=        2799999       process=              6       (i,j,k)=              1              1              0       (x,y,z)=   1.493002e-02   1.493003e-02   4.840329e-03     particles=             61
fabric=[ ...   
   3.386797e-01   1.968085e-02  -3.002453e-02;
   1.968085e-02   3.202301e-01   3.092897e-02;
  -3.002453e-02   3.092897e-02   3.273916e-01]
sigma=[ ...    
  -2.055183e+01   6.127110e+00   2.276407e+00;
   7.364909e+00  -2.049919e+01  -3.737461e+00;
   2.753234e+00  -4.574665e+00  -1.185818e+01]
sigmaDot=[ ... 
   2.934657e+05  -8.080629e+05  -1.625371e+05;
  -8.508587e+04   1.960587e+04  -1.559187e+05;
  -1.154608e+05  -5.544003e+04  -3.185687e+04]
intgraE=[ ...  
  -5.474095e-02   7.051812e-02  -3.563569e-02;
   7.051812e-02  -8.412566e-02  -5.399803e-03;
  -3.563569e-02  -5.399803e-03  -1.332818e-02]
E=[ ...        
   1.389511e-01  -3.793802e-03  -1.287915e-01;
  -3.793802e-03  -1.986260e-01   4.395298e-03;
  -1.287915e-01   4.395298e-03  -7.070938e-02]
e=[ ...        
   7.611899e-02  -3.463080e-03  -1.307709e-01;
  -3.463080e-03  -3.279207e-01   1.976841e-02;
  -1.307709e-01   1.976841e-02  -1.142546e-01]
intgraF=[ ...  
   9.393683e-01   7.085425e-02  -3.587055e-02;
   7.772062e-02   9.045984e-01   9.051885e-02;
  -4.543946e-02  -9.181546e-02   9.817654e-01]
F=[ ...        
   1.119085e+00  -2.049114e-02  -9.976000e-02;
   9.690142e-03   7.745416e-01   6.698522e-02;
  -1.595522e-01  -4.912692e-02   9.187721e-01]
R=[ ...        
   9.993461e-01  -2.185565e-02   2.880348e-02;
   1.978377e-02   9.973261e-01   7.035154e-02;
  -3.026404e-02  -6.973570e-02   9.971063e-01]
U=[ ...        
   1.123374e+00  -3.667611e-03  -1.261753e-01;
  -3.667611e-03   7.763442e-01   4.915216e-03;
  -1.261753e-01   4.915216e-03   9.179525e-01]
l=[ ...        
  -3.837640e-02   1.403639e-02   7.397017e-02;
   3.065629e-02  -2.029936e-02   7.632835e-03;
  -5.621454e-02   2.458355e-05  -1.597277e-02]
d=[ ...        
  -3.837640e-02   2.234634e-02   8.877815e-03;
   2.234634e-02  -2.029936e-02   3.828709e-03;
   8.877815e-03   3.828709e-03  -1.597277e-02]
     iteration=        2799999       process=              7       (i,j,k)=              1              1              1       (x,y,z)=   1.493002e-02   1.493003e-02   1.424117e-02     particles=             49
fabric=[ ...   
   3.286824e-01   7.416108e-03  -3.780927e-02;
   7.416108e-03   3.009830e-01  -7.410801e-02;
  -3.780927e-02  -7.410801e-02   3.465251e-01]
sigma=[ ...    
  -1.583370e+00   2.325596e-01   2.256908e-01;
  -1.105053e-01  -1.602230e+00   1.635469e-01;
   8.105275e-02   1.119726e-01  -5.708703e-01]
sigmaDot=[ ... 
   6.688299e+03   2.083143e+04   1.782211e+04;
  -1.863145e+04   1.574589e+04  -1.159126e+04;
   7.471493e+03  -5.241051e+04   8.082989e+02]
intgraE=[ ...  
   3.694276e-02  -4.996254e-02  -1.491908e-02;
  -4.996254e-02   1.606086e-01  -1.235362e-01;
  -1.491908e-02  -1.235362e-01  -5.345859e-02]
E=[ ...        
   6.902334e-01  -1.648878e-01   1.267016e+00;
  -1.648878e-01   3.366863e-01  -1.746961e+00;
   1.267016e+00  -1.746961e+00   3.895051e+00]
e=[ ...        
  -6.307571e+01   1.649100e+01   5.263604e+01;
   1.649100e+01  -4.011951e+00  -1.381535e+01;
   5.263604e+01  -1.381535e+01  -4.328072e+01]
intgraF=[ ...  
   1.019927e+00   1.063700e-01  -8.595541e-02;
  -1.797328e-01   1.140734e+00  -1.327110e-01;
   3.646802e-02  -9.288443e-02   9.317093e-01]
F=[ ...        
   9.924001e-01  -1.590194e-01   1.216809e+00;
   4.616553e-01   1.117190e+00  -1.825064e+00;
   1.087421e+00  -6.324336e-01   1.994648e+00]
R=[ ...        
   3.051708e-01   6.923112e-01   6.538929e-01;
   6.218078e-01   3.752023e-01  -6.874433e-01;
   7.212668e-01  -6.163833e-01   3.159838e-01]
U=[ ...        
   1.374233e+00   1.899959e-01   6.751688e-01;
   1.899959e-01   6.989028e-01  -1.071825e+00;
   6.751688e-01  -1.071825e+00   2.680567e+00]
l=[ ...        
  -3.450897e-02  -2.358959e-02   1.416270e-02;
  -5.301245e-02  -3.100412e-02   3.507156e-02;
   3.561696e-02  -2.016857e-03  -3.928963e-02]
d=[ ...        
  -3.450897e-02  -3.830102e-02   2.488983e-02;
  -3.830102e-02  -3.100412e-02   1.652735e-02;
   2.488983e-02   1.652735e-02  -3.928963e-02]
