     iteration=         199999       process=              0       (i,j,k)=              0              0              0       (x,y,z)=   5.005000e-03   5.005000e-03   4.775373e-03     particles=             75
fabric=[ ...   
   3.219674e-01  -2.496932e-02  -1.265369e-02;
  -2.496932e-02   3.544795e-01   1.146061e-02;
  -1.265369e-02   1.146061e-02   2.623286e-01]
sigma=[ ...    
  -1.457310e+00   1.968905e-01   3.276665e-01;
   3.818998e-01  -3.523242e+00   3.163954e-01;
   3.121402e-01   5.436073e-01  -1.493726e+00]
sigmaDot=[ ... 
  -6.418199e+03   2.825739e+04   3.268756e+04;
   1.482159e+04  -2.973798e+03   3.701659e+04;
   8.924691e+03   4.607191e+04  -5.471343e+03]
intgraE=[ ...  
  -1.512073e-03   1.286118e-04  -8.733078e-04;
   1.286118e-04   6.211908e-04  -9.003557e-04;
  -8.733078e-04  -9.003557e-04  -1.454537e-03]
E=[ ...        
  -1.201995e-03   3.211298e-04  -1.119002e-04;
   3.211298e-04  -3.394335e-04  -2.193252e-04;
  -1.119002e-04  -2.193252e-04  -1.401388e-03]
e=[ ...        
  -1.205122e-03   3.220478e-04  -1.124287e-04;
   3.220478e-04  -3.400845e-04  -2.202942e-04;
  -1.124287e-04  -2.202942e-04  -1.405334e-03]
intgraF=[ ...  
   9.984862e-01  -5.477239e-04  -1.074886e-03;
   8.022802e-04   1.000619e+00   1.849095e-04;
  -6.744871e-04  -1.989221e-03   9.985438e-01]
F=[ ...        
   9.987972e-01   3.268060e-04  -1.067873e-04;
   3.158980e-04   9.996603e-01   3.747519e-05;
  -1.173180e-04  -4.767466e-04   9.985976e-01]
R=[ ...        
   1.000000e+00   5.443686e-06   5.232089e-06;
  -5.445032e-06   1.000000e+00   2.573339e-04;
  -5.230688e-06  -2.573339e-04   1.000000e+00]
U=[ ...        
   9.987972e-01   3.213653e-04  -1.120109e-04;
   3.213653e-04   9.996604e-01  -2.194984e-04;
  -1.120109e-04  -2.194984e-04   9.985976e-01]
l=[ ...        
  -1.682783e-02  -1.189301e-02  -1.996295e-02;
   1.533639e-02   1.916740e-02   5.122695e-03;
  -1.430005e-02  -3.634114e-02  -1.725613e-02]
d=[ ...        
  -1.682783e-02   1.721689e-03  -1.713150e-02;
   1.721689e-03   1.916740e-02  -1.560922e-02;
  -1.713150e-02  -1.560922e-02  -1.725613e-02]
     iteration=         199999       process=              1       (i,j,k)=              0              0              1       (x,y,z)=   5.005000e-03   5.005000e-03   1.430612e-02     particles=             51
fabric=[ ...   
   2.778628e-01   2.208995e-02   7.019870e-02;
   2.208995e-02   2.956057e-01  -1.352863e-02;
   7.019870e-02  -1.352863e-02   4.265315e-01]
sigma=[ ...    
  -1.869378e+00  -2.874469e-01  -7.017248e-01;
  -2.517080e-01  -1.731704e-01   9.200414e-02;
  -6.829832e-01   8.608081e-02  -1.340276e+00]
sigmaDot=[ ... 
   1.934234e+05  -3.034661e+05   2.948990e+06;
   8.705213e+05  -7.210886e+04   9.575229e+04;
  -3.133563e+04   3.864061e+04  -1.186479e+04]
intgraE=[ ...  
  -1.060439e-02  -2.589960e-03  -7.507455e-03;
  -2.589960e-03   5.750576e-03  -5.919328e-03;
  -7.507455e-03  -5.919328e-03   6.781890e-03]
E=[ ...        
  -4.596953e-03  -7.978618e-04  -2.854207e-03;
  -7.978618e-04   8.497122e-04  -1.219813e-03;
  -2.854207e-03  -1.219813e-03   2.985153e-03]
e=[ ...        
  -4.659952e-03  -8.154432e-04  -2.860309e-03;
  -8.154432e-04   8.422966e-04  -1.215302e-03;
  -2.860309e-03  -1.215302e-03   2.952478e-03]
intgraF=[ ...  
   9.892721e-01  -6.086841e-03  -3.510545e-03;
   7.215466e-04   1.005665e+00  -1.664092e-03;
  -1.146343e-02  -1.011819e-02   1.006752e+00]
F=[ ...        
   9.953864e-01  -1.303641e-03  -2.271119e-03;
  -3.033124e-04   1.000847e+00  -8.453825e-04;
  -3.437792e-03  -1.591749e-03   1.002978e+00]
R=[ ...        
   9.999997e-01  -5.013942e-04   5.835646e-04;
   5.011763e-04   9.999998e-01   3.735651e-04;
  -5.837518e-04  -3.732725e-04   9.999998e-01]
U=[ ...        
   9.953880e-01  -8.011102e-04  -2.857032e-03;
  -8.011102e-04   1.000848e+00  -1.218628e-03;
  -2.857032e-03  -1.218628e-03   1.002976e+00]
l=[ ...        
  -9.938404e-02  -1.216596e-01  -5.587296e-02;
   1.824110e-02   1.023705e-01  -1.567884e-02;
  -1.040854e-01  -1.910338e-01   8.358761e-02]
d=[ ...        
  -9.938404e-02  -5.170925e-02  -7.997917e-02;
  -5.170925e-02   1.023705e-01  -1.033563e-01;
  -7.997917e-02  -1.033563e-01   8.358761e-02]
     iteration=         199999       process=              2       (i,j,k)=              0              1              0       (x,y,z)=   5.005000e-03   1.499500e-02   4.775373e-03     particles=             74
fabric=[ ...   
   3.072182e-01   2.379015e-02  -3.631931e-02;
   2.379015e-02   3.272635e-01  -2.250608e-03;
  -3.631931e-02  -2.250608e-03   3.427910e-01]
sigma=[ ...    
  -3.478963e+00  -8.824748e-01   1.241157e+00;
  -5.873451e-01  -1.318115e+00   2.709847e-02;
   1.304378e+00   7.048864e-02  -3.163809e+00]
sigmaDot=[ ... 
  -4.120698e+04   1.116102e+05   1.651890e+05;
  -4.833702e+05  -8.195458e+03  -7.386881e+04;
   3.065974e+04  -2.075340e+05  -4.059131e+04]
intgraE=[ ...  
  -5.188505e-04   3.296438e-03  -1.013461e-03;
   3.296438e-03  -2.127045e-03   1.149696e-03;
  -1.013461e-03   1.149696e-03  -1.996941e-03]
E=[ ...        
  -4.013752e-04   9.132983e-04  -3.343553e-04;
   9.132983e-04  -1.431809e-03   2.728639e-04;
  -3.343553e-04   2.728639e-04  -1.432426e-03]
e=[ ...        
  -4.037645e-04   9.168371e-04  -3.365386e-04;
   9.168371e-04  -1.437616e-03   2.748354e-04;
  -3.365386e-04   2.748354e-04  -1.436887e-03]
intgraF=[ ...  
   9.994643e-01   1.137619e-03  -1.767324e-04;
   5.467090e-03   9.978700e-01   2.530205e-03;
  -1.867857e-03  -2.256742e-04   9.979978e-01]
F=[ ...        
   9.995980e-01   9.087928e-04  -1.033190e-04;
   9.195128e-04   9.985667e-01   5.012959e-04;
  -5.667065e-04   4.530918e-05   9.985664e-01]
R=[ ...        
   1.000000e+00  -5.461358e-06   2.318023e-04;
   5.408457e-06   1.000000e+00   2.282160e-04;
  -2.318035e-04  -2.282148e-04   9.999999e-01]
U=[ ...        
   9.995981e-01   9.141830e-04  -3.347875e-04;
   9.141830e-04   9.985667e-01   2.734088e-04;
  -3.347875e-04   2.734088e-04   9.985665e-01]
l=[ ...        
  -7.213876e-03   1.769466e-02  -3.626302e-03;
   1.088134e-01  -2.997545e-02   4.950776e-02;
  -3.809590e-02  -2.231461e-04  -3.097975e-02]
d=[ ...        
  -7.213876e-03   6.325401e-02  -2.086110e-02;
   6.325401e-02  -2.997545e-02   2.464231e-02;
  -2.086110e-02   2.464231e-02  -3.097975e-02]
     iteration=         199999       process=              3       (i,j,k)=              0              1              1       (x,y,z)=   5.005000e-03   1.499500e-02   1.430612e-02     particles=             43
fabric=[ ...   
   3.438729e-01   7.699818e-02   5.185268e-02;
   7.699818e-02   3.720504e-01  -1.058859e-02;
   5.185268e-02  -1.058859e-02   2.314451e-01]
sigma=[ ...    
  -8.366654e-01  -4.735988e-01   1.646522e-01;
  -3.227009e-01  -9.400879e-01   1.564220e-01;
   4.757492e-02  -1.921421e-04  -1.559292e-01]
sigmaDot=[ ... 
  -3.304393e+03  -9.440738e+03  -2.574799e+04;
  -3.876716e+04   9.923913e+02   2.342805e+03;
   4.673840e+03   2.896397e+04  -4.617021e+03]
intgraE=[ ...  
  -2.355823e-03   1.146292e-03   2.745363e-03;
   1.146292e-03  -2.110833e-03  -5.510883e-03;
   2.745363e-03  -5.510883e-03  -1.325829e-02]
E=[ ...        
  -1.561672e-03   7.845795e-04   2.425092e-04;
   7.845795e-04  -9.163967e-04  -2.853159e-04;
   2.425092e-04  -2.853159e-04  -7.968973e-03]
e=[ ...        
  -1.567936e-03   7.888440e-04   2.497352e-04;
   7.888440e-04  -9.197649e-04  -2.920540e-04;
   2.497352e-04  -2.920540e-04  -8.098040e-03]
intgraF=[ ...  
   9.976400e-01   8.902950e-04   4.609500e-03;
   1.409589e-03   9.978836e-01  -8.659751e-03;
   9.165890e-04  -2.416823e-03   9.866039e-01]
F=[ ...        
   9.984367e-01   8.885624e-04  -9.903343e-05;
   6.828990e-04   9.990827e-01  -8.739879e-05;
   5.886667e-04  -4.871226e-04   9.919990e-01]
R=[ ...        
   9.999999e-01   1.029690e-04  -3.455564e-04;
  -1.028996e-04   1.000000e+00   2.009239e-04;
   3.455770e-04  -2.008883e-04   9.999999e-01]
U=[ ...        
   9.984368e-01   7.855888e-04   2.437877e-04;
   7.855888e-04   9.990828e-01  -2.866900e-04;
   2.437877e-04  -2.866900e-04   9.919989e-01]
l=[ ...        
  -2.753315e-02   1.112347e-02   9.198427e-02;
   9.968377e-03  -2.934823e-02  -1.572247e-01;
   2.629436e-02  -5.907043e-02  -2.743102e-01]
d=[ ...        
  -2.753315e-02   1.054593e-02   5.913932e-02;
   1.054593e-02  -2.934823e-02  -1.081476e-01;
   5.913932e-02  -1.081476e-01  -2.743102e-01]
     iteration=         199999       process=              4       (i,j,k)=              1              0              0       (x,y,z)=   1.499500e-02   5.005000e-03   4.775373e-03     particles=             71
fabric=[ ...   
   3.103426e-01   2.406359e-02   2.496028e-02;
   2.406359e-02   3.700490e-01  -9.645998e-03;
   2.496028e-02  -9.645998e-03   2.583839e-01]
sigma=[ ...    
  -1.224771e+01  -6.470809e+00  -4.234400e+00;
  -5.517162e+00  -9.230426e+00  -1.280121e+00;
  -3.702283e+00  -8.678281e-01  -7.912209e+00]
sigmaDot=[ ... 
  -2.367479e+04  -6.853189e+04  -7.313951e+03;
  -1.870281e+05  -2.201903e+04   1.636350e+04;
  -6.856586e+04   9.605241e+04   4.008450e+02]
intgraE=[ ...  
   1.058789e-04   6.776489e-04   2.265683e-03;
   6.776489e-04   1.684964e-03  -1.188325e-03;
   2.265683e-03  -1.188325e-03  -9.876793e-03]
E=[ ...        
   3.748974e-04   4.490712e-04   7.933047e-04;
   4.490712e-04   5.835810e-04   3.310014e-04;
   7.933047e-04   3.310014e-04  -4.393495e-03]
e=[ ...        
   3.728865e-04   4.486929e-04   8.025802e-04;
   4.486929e-04   5.820521e-04   3.259962e-04;
   8.025802e-04   3.259962e-04  -4.433657e-03]
intgraF=[ ...  
   1.000100e+00   2.124670e-03   1.296378e-03;
  -7.516669e-04   1.001668e+00   2.662711e-03;
   3.269326e-03  -5.097174e-03   9.900695e-01]
F=[ ...        
   1.000373e+00   1.612796e-03   1.102018e-04;
  -7.134952e-04   1.000582e+00   1.563724e-03;
   1.484018e-03  -9.068029e-04   9.955956e-01]
R=[ ...        
   9.999991e-01   1.163621e-03  -6.880446e-04;
  -1.162768e-03   9.999986e-01   1.238647e-03;
   6.894849e-04  -1.237846e-03   9.999990e-01]
U=[ ...        
   1.000374e+00   4.487246e-04   7.948316e-04;
   4.487246e-04   1.000583e+00   3.314562e-04;
   7.948316e-04   3.314562e-04   9.955964e-01]
l=[ ...        
   4.020017e-03   3.384231e-02   2.815187e-02;
  -9.300244e-03   3.199208e-02   5.128239e-02;
   7.016983e-02  -9.393422e-02  -1.815572e-01]
d=[ ...        
   4.020017e-03   1.227103e-02   4.916085e-02;
   1.227103e-02   3.199208e-02  -2.132592e-02;
   4.916085e-02  -2.132592e-02  -1.815572e-01]
     iteration=         199999       process=              5       (i,j,k)=              1              0              1       (x,y,z)=   1.499500e-02   5.005000e-03   1.430612e-02     particles=             44
fabric=[ ...   
   4.207473e-01   9.882556e-02   3.946380e-02;
   9.882556e-02   2.189278e-01  -1.216767e-02;
   3.946380e-02  -1.216767e-02   3.603249e-01]
sigma=[ ...    
  -2.312549e+00  -1.190501e+00  -2.537098e-02;
  -9.339179e-01  -1.574663e+00  -2.425346e-02;
  -5.332987e-02   4.060080e-02  -5.341357e-02]
sigmaDot=[ ... 
  -1.113690e+04  -3.065416e+04   4.161986e+03;
  -2.495674e+04  -1.404643e+04  -8.848695e+02;
  -9.537629e+01  -1.210629e+04  -1.855335e+02]
intgraE=[ ...  
   1.085279e-02   1.425986e-03   1.823615e-02;
   1.425986e-03   8.497930e-03  -5.804803e-03;
   1.823615e-02  -5.804803e-03  -2.618070e-03]
E=[ ...        
   3.647955e-03   1.837040e-04   1.090444e-02;
   1.837040e-04   1.387987e-03  -1.479550e-03;
   1.090444e-02  -1.479550e-03  -1.473422e-02]
e=[ ...        
   3.368224e-03   2.466187e-04   1.117199e-02;
   2.466187e-04   1.373283e-03  -1.540369e-03;
   1.117199e-02  -1.540369e-03  -1.541915e-02]
intgraF=[ ...  
   1.010354e+00  -1.148439e-03   6.964527e-03;
   4.587539e-03   1.008247e+00   9.068559e-03;
   2.947325e-02  -2.080085e-02   9.973129e-01]
F=[ ...        
   1.003573e+00  -2.017141e-03   1.050058e-02;
   2.432745e-03   1.001377e+00   8.792025e-04;
   1.143910e-02  -3.876089e-03   9.850992e-01]
R=[ ...        
   9.999975e-01  -2.206196e-03  -4.764699e-04;
   2.207325e-03   9.999947e-01   2.381159e-03;
   4.712141e-04  -2.382205e-03   9.999971e-01]
U=[ ...        
   1.003581e+00   1.914025e-04   1.096669e-02;
   1.914025e-04   1.001386e+00  -1.490677e-03;
   1.096669e-02  -1.490677e-03   9.850934e-01]
l=[ ...        
   1.909438e-01  -3.137344e-02   1.557941e-01;
   7.406468e-02   1.086451e-01   2.178305e-01;
   4.761977e-01  -4.112715e-01  -5.255725e-02]
d=[ ...        
   1.909438e-01   2.134562e-02   3.159959e-01;
   2.134562e-02   1.086451e-01  -9.672051e-02;
   3.159959e-01  -9.672051e-02  -5.255725e-02]
     iteration=         199999       process=              6       (i,j,k)=              1              1              0       (x,y,z)=   1.499500e-02   1.499500e-02   4.775373e-03     particles=             55
fabric=[ ...   
   3.654655e-01   1.160360e-02  -1.562725e-02;
   1.160360e-02   3.603398e-01  -2.321728e-02;
  -1.562725e-02  -2.321728e-02   2.741946e-01]
sigma=[ ...    
  -1.136841e+00  -2.143369e-01  -9.895146e-02;
  -4.874226e-01  -1.144896e+00   5.054498e-02;
   6.080711e-02   3.189862e-01  -7.968791e-01]
sigmaDot=[ ... 
  -8.262582e+03   8.805374e+02   4.124699e+03;
  -2.695551e+04  -8.066958e+03   1.479078e+03;
  -1.145661e+04   1.215919e+04  -4.079599e+03]
intgraE=[ ...  
  -4.118436e-03  -1.262270e-03   1.352349e-03;
  -1.262270e-03  -4.230863e-03   8.144806e-04;
   1.352349e-03   8.144806e-04  -3.248591e-03]
E=[ ...        
  -2.008520e-03  -2.596067e-04  -9.126298e-06;
  -2.596067e-04  -1.644574e-03   9.412069e-04;
  -9.126298e-06   9.412069e-04  -2.116249e-03]
e=[ ...        
  -2.016484e-03  -2.613101e-04  -9.453474e-06;
  -2.613101e-04  -1.653608e-03   9.487735e-04;
  -9.453474e-06   9.487735e-04  -2.125631e-03]
intgraF=[ ...  
   9.958686e-01  -1.113150e-03   1.147508e-04;
  -1.428903e-03   9.957560e-01  -1.003840e-03;
   2.597441e-03   2.637252e-03   9.967456e-01]
F=[ ...        
   9.979893e-01  -7.957842e-04   3.863665e-04;
   2.761054e-04   9.983523e-01   2.071882e-04;
  -4.047569e-04   1.679432e-03   9.978814e-01]
R=[ ...        
   9.999998e-01  -5.369644e-04   3.967358e-04;
   5.372568e-04   9.999996e-01  -7.373499e-04;
  -3.963397e-04   7.375629e-04   9.999996e-01]
U=[ ...        
   9.979894e-01  -2.600780e-04  -9.022302e-06;
  -2.600780e-04   9.983536e-01   9.429810e-04;
  -9.022302e-06   9.429810e-04   9.978811e-01]
l=[ ...        
  -6.775457e-02  -2.209066e-02  -8.343895e-04;
  -2.970799e-02  -7.737062e-02  -1.756608e-02;
   5.404230e-02   5.668907e-02  -5.440245e-02]
d=[ ...        
  -6.775457e-02  -2.589933e-02   2.660396e-02;
  -2.589933e-02  -7.737062e-02   1.956150e-02;
   2.660396e-02   1.956150e-02  -5.440245e-02]
     iteration=         199999       process=              7       (i,j,k)=              1              1              1       (x,y,z)=   1.499500e-02   1.499500e-02   1.430612e-02     particles=             52
fabric=[ ...   
   4.155568e-01   3.969244e-02   1.014342e-01;
   3.969244e-02   2.370043e-01   2.173927e-02;
   1.014342e-01   2.173927e-02   2.705159e-01]
sigma=[ ...    
  -2.189193e+00   3.395664e+00   6.365059e+00;
   3.721597e+00  -2.608372e+00  -2.504924e+00;
   1.790994e+00  -6.594411e+00  -1.624085e+01]
sigmaDot=[ ... 
  -9.414138e+04  -8.123393e+04  -3.060466e+05;
  -2.411791e+05   5.994437e+04  -2.921577e+03;
  -2.511235e+05   4.530662e+05   3.217586e+05]
intgraE=[ ...  
   2.574317e-03  -2.251044e-03  -4.425399e-03;
  -2.251044e-03  -8.385366e-03  -1.595092e-03;
  -4.425399e-03  -1.595092e-03  -2.158695e-02]
E=[ ...        
   1.881820e-03  -5.870576e-05  -2.922881e-03;
  -5.870576e-05  -1.421459e-03  -8.112123e-04;
  -2.922881e-03  -8.112123e-04  -2.249889e-02]
e=[ ...        
   1.861893e-03  -6.256357e-05  -3.028808e-03;
  -6.256357e-05  -1.426954e-03  -8.531191e-04;
  -3.028808e-03  -8.531191e-04  -2.358396e-02]
intgraF=[ ...  
   1.002560e+00   3.257782e-05  -7.692417e-03;
  -4.574286e-03   9.915788e-01  -2.363664e-03;
  -1.175188e-03  -8.650837e-04   9.781418e-01]
F=[ ...        
   1.001878e+00  -1.887594e-04  -3.738098e-03;
   6.999517e-05   9.985772e-01  -8.028875e-04;
  -2.149523e-03  -8.405199e-04   9.772347e-01]
R=[ ...        
   9.999997e-01  -1.296981e-04  -8.027248e-04;
   1.297135e-04   1.000000e+00   1.916362e-05;
   8.027223e-04  -1.926774e-05   9.999997e-01]
U=[ ...        
   1.001876e+00  -5.990505e-05  -2.953753e-03;
  -5.990505e-05   9.985772e-01  -8.212317e-04;
  -2.953753e-03  -8.212317e-04   9.772373e-01]
l=[ ...        
   4.998318e-02  -2.176605e-03  -9.176695e-02;
  -1.010109e-01  -1.625909e-01  -9.103897e-02;
  -1.659225e-03  -1.158815e-02  -1.328597e-01]
d=[ ...        
   4.998318e-02  -5.159376e-02  -4.671309e-02;
  -5.159376e-02  -1.625909e-01  -5.131356e-02;
  -4.671309e-02  -5.131356e-02  -1.328597e-01]
