     iteration=        5499999       process=              0       (i,j,k)=              0              0              0       (x,y,z)=   5.133072e-03   5.134912e-03   4.899993e-03     particles=             68
fabric=[ ...   
   3.855306e-01  -2.851842e-03  -2.961741e-02;
  -2.851842e-03   3.176879e-01   1.675511e-02;
  -2.961741e-02   1.675511e-02   2.883070e-01]
sigma=[ ...    
  -1.946234e+03   4.967666e+01   4.427767e+02;
   4.714550e+01  -1.879413e+03  -2.466215e+02;
   4.381928e+02  -2.407938e+02  -1.305783e+03]
sigmaDot=[ ... 
  -5.633340e+05   3.820698e+03   9.740809e+04;
  -1.173047e+05  -3.652328e+05   1.353960e+05;
   6.842319e+04  -1.799225e+05  -1.484329e+05]
intgraE=[ ...  
   7.526661e-03  -1.443385e-02   2.517868e-02;
  -1.443385e-02  -1.080150e-02  -5.446471e-03;
   2.517868e-02  -5.446471e-03   3.521078e-02]
E=[ ...        
   3.380021e-02   1.491800e-02   1.506072e-02;
   1.491800e-02  -1.073445e-02  -6.507155e-04;
   1.506072e-02  -6.507155e-04   2.244565e-02]
e=[ ...        
   3.130713e-02   1.390813e-02   1.352454e-02;
   1.390813e-02  -1.161925e-02  -1.425295e-03;
   1.352454e-02  -1.425295e-03   2.087141e-02]
intgraF=[ ...  
   1.007204e+00  -1.532524e-02   2.908159e-02;
  -1.344005e-02   9.889968e-01  -3.366235e-03;
   2.032594e-02  -6.882693e-03   1.034198e+00]
F=[ ...        
   1.033204e+00   2.260115e-02   2.241326e-02;
   6.529179e-03   9.889410e-01  -5.962609e-03;
   6.852587e-03   4.000907e-03   1.021936e+00]
R=[ ...        
   9.999397e-01   7.934106e-03   7.590312e-03;
  -7.896421e-03   9.999564e-01  -4.982090e-03;
  -7.629509e-03   4.921853e-03   9.999588e-01]
U=[ ...        
   1.033038e+00   1.476017e-02   1.466212e-02;
   1.476017e-02   9.890969e-01  -7.547004e-04;
   1.466212e-02  -7.547004e-04   1.022094e+00]
l=[ ...        
  -6.962855e-03   7.438115e-03  -1.102251e-02;
  -3.694766e-02   2.227217e-02  -4.352533e-02;
  -1.253255e-02  -1.609521e-02  -5.520034e-04]
d=[ ...        
  -6.962855e-03  -1.475477e-02  -1.177753e-02;
  -1.475477e-02   2.227217e-02  -2.981027e-02;
  -1.177753e-02  -2.981027e-02  -5.520034e-04]
     iteration=        5499999       process=              1       (i,j,k)=              0              0              1       (x,y,z)=   5.133072e-03   5.134912e-03   1.417106e-02     particles=             57
fabric=[ ...   
   2.680061e-01  -5.152407e-03  -1.878014e-02;
  -5.152407e-03   3.494332e-01  -2.880614e-02;
  -1.878014e-02  -2.880614e-02   3.825607e-01]
sigma=[ ...    
  -6.222701e+02   1.695704e+02   8.208581e+01;
   1.695387e+02  -8.953219e+02  -5.357627e-01;
   8.119635e+01  -2.472906e-01  -7.529667e+02]
sigmaDot=[ ... 
  -2.633308e+05  -1.938925e+05  -2.992295e+05;
   1.201451e+05  -1.963419e+05   1.565801e+05;
  -7.072505e+04   6.184467e+04   2.035457e+05]
intgraE=[ ...  
  -9.666753e-02   9.507905e-03  -2.776685e-01;
   9.507905e-03   5.189277e-02  -2.370669e-02;
  -2.776685e-01  -2.370669e-02   5.616568e-01]
E=[ ...        
   6.820637e-02   4.317683e-02  -1.616209e-01;
   4.317683e-02  -2.277048e-01  -1.828672e-01;
  -1.616209e-01  -1.828672e-01   2.740239e-01]
e=[ ...        
   2.074579e-02   1.467719e-01  -3.569485e-02;
   1.467719e-01  -4.786146e-01  -3.422392e-01;
  -3.569485e-02  -3.422392e-01  -4.779771e-03]
intgraF=[ ...  
   8.968630e-01   2.574986e-02  -6.877968e-01;
  -5.697925e-03   1.049537e+00  -7.708151e-02;
   4.763559e-02   3.992591e-02   1.282306e+00]
F=[ ...        
   1.043497e+00  -7.018762e-02  -2.210120e-01;
   2.178877e-01   7.296706e-01  -3.869826e-01;
  -7.142831e-03  -8.511716e-02   1.161657e+00]
R=[ ...        
   9.807870e-01  -1.702673e-01  -9.521488e-02;
   1.549584e-01   9.764708e-01  -1.499754e-01;
   1.185105e-01   1.323395e-01   9.840943e-01]
U=[ ...        
   1.056366e+00   3.414222e-02  -1.390635e-01;
   3.414222e-02   7.131884e-01  -1.865130e-01;
  -1.390635e-01  -1.865130e-01   1.222261e+00]
l=[ ...        
   1.031527e-02  -1.641260e-01   9.564054e-02;
  -2.376832e-02   4.497046e-02  -7.251305e-02;
  -1.932891e-02   8.907099e-03  -2.985835e-02]
d=[ ...        
   1.031527e-02  -9.394716e-02   3.815581e-02;
  -9.394716e-02   4.497046e-02  -3.180298e-02;
   3.815581e-02  -3.180298e-02  -2.985835e-02]
     iteration=        5499999       process=              2       (i,j,k)=              0              1              0       (x,y,z)=   5.133072e-03   1.486324e-02   4.899993e-03     particles=             74
fabric=[ ...   
   3.239355e-01  -2.036430e-02  -3.205342e-02;
  -2.036430e-02   3.066425e-01  -5.447650e-03;
  -3.205342e-02  -5.447650e-03   3.694220e-01]
sigma=[ ...    
  -1.537446e+03   2.121686e+02  -1.501379e+02;
   2.158994e+02  -1.680799e+03   1.465665e+02;
  -1.469411e+02   1.405927e+02  -1.939289e+03]
sigmaDot=[ ... 
  -5.205830e+06   3.018874e+06  -1.653301e+07;
   8.477881e+07   9.354817e+06  -1.458199e+06;
   4.695406e+06  -1.908933e+07   8.694609e+05]
intgraE=[ ...  
   2.222526e-02   1.322181e-02   1.636307e-02;
   1.322181e-02  -4.938660e-02  -7.969989e-03;
   1.636307e-02  -7.969989e-03   1.953399e-04]
E=[ ...        
   7.848522e-03   4.110186e-02   2.481762e-02;
   4.110186e-02   5.801899e-02   7.345913e-02;
   2.481762e-02   7.345913e-02   2.698669e-02]
e=[ ...        
   5.057356e-03   3.389949e-02   1.984760e-02;
   3.389949e-02   3.995587e-02   6.240522e-02;
   1.984760e-02   6.240522e-02   1.635512e-02]
intgraF=[ ...  
   1.021537e+00   8.819317e-03   8.850834e-03;
   1.862954e-02   9.492308e-01  -5.830397e-03;
   2.378999e-02  -1.048219e-02   1.000139e+00]
F=[ ...        
   1.006868e+00   6.420647e-02   6.118424e-03;
   1.400667e-02   1.052282e+00   7.311086e-02;
   4.145553e-02   6.796065e-02   1.024007e+00]
R=[ ...        
   9.995188e-01   2.505916e-02  -1.828170e-02;
  -2.500215e-02   9.996818e-01   3.340339e-03;
   1.835959e-02  -2.881650e-03   9.998273e-01]
U=[ ...        
   1.006794e+00   3.911400e-02   2.308791e-02;
   3.911400e-02   1.053360e+00   7.029009e-02;
   2.308791e-02   7.029009e-02   1.023963e+00]
l=[ ...        
   5.583988e-03  -1.318375e-02   3.886248e-03;
   3.677611e-03  -1.724056e-02  -1.557190e-03;
   2.391767e-02  -1.475030e-02  -1.791957e-02]
d=[ ...        
   5.583988e-03  -4.753069e-03   1.390196e-02;
  -4.753069e-03  -1.724056e-02  -8.153744e-03;
   1.390196e-02  -8.153744e-03  -1.791957e-02]
     iteration=        5499999       process=              3       (i,j,k)=              0              1              1       (x,y,z)=   5.133072e-03   1.486324e-02   1.417106e-02     particles=             46
fabric=[ ...   
   2.994199e-01   3.684175e-02   8.024274e-03;
   3.684175e-02   3.105830e-01   1.779963e-02;
   8.024274e-03   1.779963e-02   3.899971e-01]
sigma=[ ...    
  -2.433270e+03  -1.745360e+02  -4.271762e+02;
  -1.739173e+02  -1.676605e+03  -6.990801e+01;
  -4.274929e+02  -7.966371e+01  -3.592310e+03]
sigmaDot=[ ... 
  -9.906474e+05  -1.665297e+05   1.037173e+05;
   3.932519e+05   2.928346e+04  -1.282640e+05;
  -1.379511e+05  -4.264621e+04  -2.840906e+05]
intgraE=[ ...  
   5.603632e-03   8.351193e-02  -8.521102e-02;
   8.351193e-02  -2.825673e-02  -3.357880e-02;
  -8.521102e-02  -3.357880e-02   1.493110e-01]
E=[ ...        
   2.572701e-02   8.906333e-02   1.380665e-01;
   8.906333e-02  -3.068608e-02   4.154678e-02;
   1.380665e-01   4.154678e-02   1.875070e-01]
e=[ ...        
  -5.753893e-02   8.588912e-02   4.987272e-02;
   8.588912e-02  -4.341734e-02   4.921164e-02;
   4.987272e-02   4.921164e-02   1.491644e-01]
intgraF=[ ...  
   1.001780e+00   8.272669e-02  -1.548824e-01;
   8.671445e-02   9.675466e-01  -3.017665e-02;
  -1.120620e-02  -2.228206e-02   1.128593e+00]
F=[ ...        
   9.514323e-01   6.282467e-02  -1.628298e-01;
   1.235744e-01   9.667840e-01   1.002216e-01;
   3.618840e-01  -3.085197e-03   1.156917e+00]
R=[ ...        
   9.697660e-01  -1.470187e-02  -2.435936e-01;
   2.867765e-02   9.981330e-01   5.392665e-02;
   2.423459e-01  -5.928192e-02   9.683770e-01]
U=[ ...        
   1.013912e+00   8.790264e-02   1.253414e-01;
   8.790264e-02   9.642383e-01   3.384411e-02;
   1.253414e-01   3.384411e-02   1.165400e+00]
l=[ ...        
   2.163808e-02  -3.231326e-02   9.137116e-03;
   8.965394e-03   2.301313e-03   3.102860e-02;
   2.018913e-02  -1.572770e-02  -7.181167e-03]
d=[ ...        
   2.163808e-02  -1.167394e-02   1.466312e-02;
  -1.167394e-02   2.301313e-03   7.650447e-03;
   1.466312e-02   7.650447e-03  -7.181167e-03]
     iteration=        5499999       process=              4       (i,j,k)=              1              0              0       (x,y,z)=   1.486191e-02   5.134912e-03   4.899993e-03     particles=             66
fabric=[ ...   
   3.727247e-01  -5.935102e-02   6.077974e-03;
  -5.935102e-02   3.593697e-01  -8.045652e-04;
   6.077974e-03  -8.045652e-04   2.679056e-01]
sigma=[ ...    
  -2.201904e+03   1.619639e+02  -1.738975e+02;
   1.595581e+02  -2.198354e+03   2.838557e+02;
  -1.782202e+02   2.855784e+02  -1.185920e+03]
sigmaDot=[ ... 
  -1.494914e+05   4.327094e+04   4.083957e+04;
  -4.090414e+04  -2.757149e+05   4.015799e+05;
   3.463198e+04   3.237001e+05  -7.299281e+04]
intgraE=[ ...  
  -2.006539e-02   3.646712e-02  -2.466985e-02;
   3.646712e-02   9.095642e-03  -9.312821e-03;
  -2.466985e-02  -9.312821e-03   6.696941e-02]
E=[ ...        
   2.141217e-01  -5.835800e-01   2.788024e-01;
  -5.835800e-01   1.488954e+00  -5.489162e-01;
   2.788024e-01  -5.489162e-01   8.147160e-02]
e=[ ...        
   7.340463e-02  -1.644680e-01   1.108666e-01;
  -1.644680e-01   2.910968e-01  -5.081218e-02;
   1.108666e-01  -5.081218e-02  -1.654170e-01]
intgraF=[ ...  
   9.777024e-01   3.657504e-02   5.853132e-03;
   3.625010e-02   1.008319e+00  -5.910205e-03;
  -5.150861e-02  -1.209612e-02   1.064833e+00]
F=[ ...        
   1.173295e+00  -6.334022e-01   3.587639e-01;
  -2.223311e-01   1.889355e+00  -4.196283e-01;
   4.682050e-02  -8.394534e-02   9.263605e-01]
R=[ ...        
   9.856321e-01  -1.239923e-01   1.146969e-01;
   1.359170e-01   9.853778e-01  -1.027481e-01;
  -1.002798e-01   1.168611e-01   9.880726e-01]
U=[ ...        
   1.121523e+00  -3.590881e-01   2.036794e-01;
  -3.590881e-01   1.930456e+00  -3.497210e-01;
   2.036794e-01  -3.497210e-01   9.995765e-01]
l=[ ...        
  -9.525140e-04   5.834129e-03  -7.916412e-03;
   2.513031e-02   8.209823e-03  -2.255413e-02;
   1.376430e-02   1.565013e-02   3.996013e-03]
d=[ ...        
  -9.525140e-04   1.548222e-02   2.923943e-03;
   1.548222e-02   8.209823e-03  -3.451997e-03;
   2.923943e-03  -3.451997e-03   3.996013e-03]
     iteration=        5499999       process=              5       (i,j,k)=              1              0              1       (x,y,z)=   1.486191e-02   5.134912e-03   1.417106e-02     particles=             42
fabric=[ ...   
   3.546838e-01  -4.718191e-03  -2.624249e-02;
  -4.718191e-03   3.796083e-01  -1.083853e-02;
  -2.624249e-02  -1.083853e-02   2.657079e-01]
sigma=[ ...    
  -1.047548e+03  -3.005593e+01  -4.493674e+01;
  -3.115098e+01  -9.840369e+02   6.223140e+01;
  -4.273032e+01   6.175985e+01  -4.252676e+02]
sigmaDot=[ ... 
   2.518033e+05  -2.278272e+05  -9.771812e+05;
   4.091763e+05  -1.199755e+06   1.737777e+05;
  -1.489815e+05   2.199778e+05  -2.438865e+05]
intgraE=[ ...  
   2.804864e-02   1.826120e-02  -1.050799e-01;
   1.826120e-02   1.321087e-02  -3.807893e-02;
  -1.050799e-01  -3.807893e-02  -1.808168e-03]
E=[ ...        
   5.072754e-01  -3.054921e-01  -7.715275e-01;
  -3.054921e-01   1.683207e-01   3.222358e-01;
  -7.715275e-01   3.222358e-01   5.383567e-01]
e=[ ...        
  -1.222880e-01  -1.725162e-01  -3.919386e-01;
  -1.725162e-01   3.902078e-02   1.784179e-02;
  -3.919386e-01   1.784179e-02  -2.715154e-02]
intgraF=[ ...  
   1.024098e+00   5.089528e-02  -1.250633e-01;
  -3.183817e-02   9.916553e-01   1.287697e-01;
  -7.941909e-02  -2.011248e-01   9.819171e-01]
F=[ ...        
   1.250710e+00  -3.537131e-01  -5.142238e-01;
  -1.493797e-01   1.100676e+00   4.128466e-01;
  -6.541869e-01   6.378898e-03   1.281345e+00]
R=[ ...        
   9.858558e-01  -1.520171e-01   7.056319e-02;
   1.337767e-01   9.673933e-01   2.150673e-01;
  -1.009563e-01  -2.025857e-01   9.740466e-01]
U=[ ...        
   1.279081e+00  -2.021094e-01  -5.810811e-01;
  -2.021094e-01   1.117265e+00   2.179737e-01;
  -5.810811e-01   2.179737e-01   1.300594e+00]
l=[ ...        
   8.562665e-04   1.673443e-02   5.523214e-02;
   2.933410e-02  -8.118136e-03   5.980914e-03;
  -6.432484e-02  -6.624843e-03  -1.631921e-02]
d=[ ...        
   8.562665e-04   2.303427e-02  -4.546348e-03;
   2.303427e-02  -8.118136e-03  -3.219646e-04;
  -4.546348e-03  -3.219646e-04  -1.631921e-02]
     iteration=        5499999       process=              6       (i,j,k)=              1              1              0       (x,y,z)=   1.486191e-02   1.486324e-02   4.899993e-03     particles=             58
fabric=[ ...   
   3.713083e-01   1.754317e-02  -3.112164e-02;
   1.754317e-02   3.369548e-01   1.519340e-02;
  -3.112164e-02   1.519340e-02   2.917369e-01]
sigma=[ ...    
  -1.281545e+03   1.526002e+02  -2.088183e+01;
   1.448345e+02  -1.682136e+03  -2.124833e+01;
  -2.615508e+01  -2.615850e+01  -1.039966e+03]
sigmaDot=[ ... 
  -1.911145e+05   1.641596e+06   2.991081e+06;
  -9.970891e+05   2.047302e+05   2.369215e+05;
  -2.541530e+05   3.917439e+06  -4.351955e+05]
intgraE=[ ...  
  -7.873911e-02   6.378639e-02  -4.563939e-02;
   6.378639e-02  -9.172743e-02   1.395380e-03;
  -4.563939e-02   1.395380e-03  -2.691338e-02]
E=[ ...        
  -6.290542e-02  -2.036054e-02   5.965757e-02;
  -2.036054e-02  -1.009665e-01  -1.938942e-02;
   5.965757e-02  -1.938942e-02   2.698387e-02]
e=[ ...        
  -9.994711e-02  -1.869354e-02   5.167990e-02;
  -1.869354e-02  -1.299668e-01  -4.101831e-03;
   5.167990e-02  -4.101831e-03   3.652489e-02]
intgraF=[ ...  
   9.117977e-01   6.315878e-02  -2.421334e-02;
   7.059390e-02   8.974543e-01   9.587212e-02;
  -7.850681e-02  -8.445064e-02   9.676753e-01]
F=[ ...        
   9.142437e-01   3.677193e-02  -7.156150e-02;
  -5.368321e-02   8.809587e-01   1.246866e-01;
   1.883235e-01  -1.436194e-01   1.016514e+00]
R=[ ...        
   9.898952e-01   6.240626e-02  -1.273303e-01;
  -4.392001e-02   9.887269e-01   1.431438e-01;
   1.348279e-01  -1.361050e-01   9.814769e-01]
U=[ ...        
   9.327545e-01  -2.165527e-02   6.073981e-02;
  -2.165527e-02   8.928697e-01  -1.953754e-02;
   6.073981e-02  -1.953754e-02   1.024645e+00]
l=[ ...        
  -1.547955e-02  -1.970767e-02   3.802286e-02;
  -7.378962e-03   6.074090e-03  -6.460283e-03;
  -1.728119e-02   6.763841e-03  -2.037226e-02]
d=[ ...        
  -1.547955e-02  -1.354332e-02   1.037083e-02;
  -1.354332e-02   6.074090e-03   1.517786e-04;
   1.037083e-02   1.517786e-04  -2.037226e-02]
     iteration=        5499999       process=              7       (i,j,k)=              1              1              1       (x,y,z)=   1.486191e-02   1.486324e-02   1.417106e-02     particles=             54
fabric=[ ...   
   3.530774e-01  -1.125641e-02   2.758109e-02;
  -1.125641e-02   2.920086e-01  -2.258747e-03;
   2.758109e-02  -2.258747e-03   3.549140e-01]
sigma=[ ...    
  -1.712026e+03  -9.700747e+01  -3.617976e+02;
  -8.863395e+01  -8.321291e+02  -1.126690e+02;
  -3.848148e+02  -1.043077e+02  -1.127859e+03]
sigmaDot=[ ... 
   5.943069e+05   2.527864e+05  -3.472666e+05;
   4.794378e+05  -5.137535e+05   1.797739e+05;
   5.993556e+05  -3.349154e+05   2.271467e+05]
intgraE=[ ...  
   1.255408e-02  -4.987690e-02   7.536596e-03;
  -4.987690e-02   9.410781e-02  -1.014695e-01;
   7.536596e-03  -1.014695e-01  -5.571447e-02]
E=[ ...        
  -1.373991e-01   7.674526e-02   2.115939e-01;
   7.674526e-02  -3.646909e-01   3.144506e-02;
   2.115939e-01   3.144506e-02   4.555903e-02]
e=[ ...        
  -1.662540e-01   3.296836e-01   3.380067e-01;
   3.296836e-01  -1.736514e+00  -4.594730e-02;
   3.380067e-01  -4.594730e-02  -3.014892e-01]
intgraF=[ ...  
   9.925638e-01   1.170708e-01  -3.539495e-02;
  -1.972717e-01   1.079776e+00  -1.037316e-01;
   3.176687e-02  -9.269804e-02   9.362468e-01]
F=[ ...        
   8.506912e-01   1.712147e-01   5.360663e-01;
   9.404902e-03   4.834920e-01   1.002368e-01;
  -3.791871e-02  -8.682905e-02   8.909004e-01]
R=[ ...        
   9.436019e-01   1.141138e-01   3.107949e-01;
  -1.549141e-01   9.818019e-01   1.098479e-01;
  -2.926038e-01  -1.517992e-01   9.441080e-01]
U=[ ...        
   8.123520e-01   1.120653e-01   2.296242e-01;
   1.120653e-01   5.074119e-01   2.434725e-02;
   2.296242e-01   2.434725e-02   1.018724e+00]
l=[ ...        
  -9.715497e-03   8.574736e-02   5.907949e-02;
  -4.660383e-03  -9.116932e-03  -3.964044e-03;
   1.088995e-02  -4.001664e-02   1.036534e-01]
d=[ ...        
  -9.715497e-03   4.054349e-02   3.498472e-02;
   4.054349e-02  -9.116932e-03  -2.199034e-02;
   3.498472e-02  -2.199034e-02   1.036534e-01]
