     iteration=        2599999       process=              0       (i,j,k)=              0              0              0       (x,y,z)=   5.064936e-03   5.064938e-03   4.835329e-03     particles=             72
fabric=[ ...   
   3.061556e-01  -3.631062e-02  -3.220971e-02;
  -3.631062e-02   3.459873e-01   1.411322e-02;
  -3.220971e-02   1.411322e-02   2.959090e-01]
sigma=[ ...    
  -4.525254e+00  -1.622815e-02   1.214142e+00;
   5.803275e-01  -4.814469e+00   1.207401e+00;
   1.163667e+00   1.176238e+00  -5.168938e+00]
sigmaDot=[ ... 
  -3.598120e+04   4.813880e+04  -1.946177e+05;
  -1.128298e+04  -1.129978e+04   6.678260e+04;
  -4.849570e+04   3.937082e+05  -2.402310e+04]
intgraE=[ ...  
   1.504647e-02  -1.260346e-02   1.357264e-02;
  -1.260346e-02  -1.042806e-03  -1.414540e-02;
   1.357264e-02  -1.414540e-02   1.774163e-02]
E=[ ...        
   3.105598e-02   4.471370e-03  -1.399142e-03;
   4.471370e-03  -4.654235e-03  -1.101305e-02;
  -1.399142e-03  -1.101305e-02   6.454210e-03]
e=[ ...        
   2.905963e-02   4.723400e-03  -1.133170e-03;
   4.723400e-03  -5.167737e-03  -1.082227e-02;
  -1.133170e-03  -1.082227e-02   6.459321e-03]
intgraF=[ ...  
   1.014933e+00  -2.659484e-02   2.551360e-02;
   1.821688e-03   9.982323e-01   4.999444e-05;
   1.229384e-03  -2.719264e-02   1.017267e+00]
F=[ ...        
   1.030383e+00  -1.105011e-02  -1.346460e-04;
   2.036110e-02   9.949363e-01   4.067325e-03;
  -2.724854e-03  -2.590785e-02   1.006425e+00]
R=[ ...        
   9.998790e-01  -1.551865e-02   1.037816e-03;
   1.550136e-02   9.997675e-01   1.499123e-02;
  -1.270218e-03  -1.497333e-02   9.998871e-01]
U=[ ...        
   1.030578e+00   4.407001e-03  -1.349960e-03;
   4.407001e-03   9.952643e-01  -1.100107e-02;
  -1.349960e-03  -1.100107e-02   1.006372e+00]
l=[ ...        
  -6.485895e-03   1.088199e-02   1.327018e-02;
  -4.821620e-03  -5.399822e-02  -2.102052e-02;
   2.977238e-02   3.025696e-02   3.960063e-02]
d=[ ...        
  -6.485895e-03   3.030186e-03   2.152128e-02;
   3.030186e-03  -5.399822e-02   4.618223e-03;
   2.152128e-02   4.618223e-03   3.960063e-02]
     iteration=        2599999       process=              1       (i,j,k)=              0              0              1       (x,y,z)=   5.064936e-03   5.064938e-03   1.424617e-02     particles=             56
fabric=[ ...   
   2.819107e-01  -4.110912e-02   3.356952e-02;
  -4.110912e-02   3.730667e-01   2.786815e-02;
   3.356952e-02   2.786815e-02   2.974035e-01]
sigma=[ ...    
  -2.788484e+00  -3.909767e-02  -5.363834e-01;
   4.821780e-01  -1.053424e+00  -8.096007e-03;
  -8.642307e-01  -3.802958e-02  -1.753230e+00]
sigmaDot=[ ... 
  -1.022328e+04   2.528991e+04  -1.396542e+04;
   2.277969e+04  -5.447086e+03  -7.808739e+03;
  -2.394604e+04  -2.332924e+03  -5.870679e+03]
intgraE=[ ...  
  -1.060696e-01   6.382187e-03  -2.408723e-01;
   6.382187e-03   6.389606e-02  -2.243315e-02;
  -2.408723e-01  -2.243315e-02   6.286734e-01]
E=[ ...        
  -5.575489e-02   7.199375e-02  -1.887346e-01;
   7.199375e-02  -1.251868e-01  -1.064170e-01;
  -1.887346e-01  -1.064170e-01   3.298920e-01]
e=[ ...        
  -9.865094e-02   8.496325e-02  -1.630897e-01;
   8.496325e-02  -2.096680e-01  -5.197321e-02;
  -1.630897e-01  -5.197321e-02   1.314654e-01]
intgraF=[ ...  
   8.863543e-01   3.576876e-02  -6.117514e-01;
  -1.927132e-02   1.060802e+00  -6.664918e-02;
   4.319097e-02   3.481346e-02   1.370644e+00]
F=[ ...        
   9.384133e-01   1.016989e-01  -2.994281e-01;
   4.790549e-02   8.536814e-01  -6.334369e-02;
  -7.467155e-02  -1.025272e-01   1.251445e+00]
R=[ ...        
   9.945306e-01   2.406754e-02  -1.016346e-01;
  -2.201694e-02   9.995317e-01   2.125021e-02;
   1.020984e-01  -1.889630e-02   9.945948e-01]
U=[ ...        
   9.246021e-01   7.187937e-02  -1.686252e-01;
   7.187937e-02   8.576667e-01  -9.416821e-02;
  -1.686252e-01  -9.416821e-02   1.273767e+00]
l=[ ...        
   1.028980e-01   8.420070e-02  -8.837213e-02;
  -1.679850e-03  -2.304314e-02   6.117374e-02;
   4.713803e-02   1.758699e-02  -1.054972e-01]
d=[ ...        
   1.028980e-01   4.126042e-02  -2.061705e-02;
   4.126042e-02  -2.304314e-02   3.938037e-02;
  -2.061705e-02   3.938037e-02  -1.054972e-01]
     iteration=        2599999       process=              2       (i,j,k)=              0              1              0       (x,y,z)=   5.064936e-03   1.493503e-02   4.835329e-03     particles=             72
fabric=[ ...   
   3.159242e-01   4.722574e-02  -1.301031e-02;
   4.722574e-02   3.554931e-01   1.451838e-02;
  -1.301031e-02   1.451838e-02   2.779497e-01]
sigma=[ ...    
  -5.123530e+00  -5.960906e-01   1.130968e+00;
  -9.174306e-01  -2.708117e+00  -7.770258e-01;
   1.438376e+00  -5.014035e-01  -4.722758e+00]
sigmaDot=[ ... 
  -6.405861e+03  -4.514174e+04   2.396388e+04;
  -2.294180e+04  -2.995131e+03  -5.689353e+02;
   3.687680e+04   1.183259e+04  -7.375129e+03]
intgraE=[ ...  
   1.343286e-02   1.597449e-02   4.452144e-03;
   1.597449e-02  -2.883900e-02  -3.025430e-04;
   4.452144e-03  -3.025430e-04  -7.612521e-03]
E=[ ...        
   1.775512e-02   2.003980e-02   1.219464e-02;
   2.003980e-02  -6.941191e-03   8.494217e-03;
   1.219464e-02   8.494217e-03  -4.858627e-03]
e=[ ...        
   1.549167e-02   1.959859e-02   1.175395e-02;
   1.959859e-02  -7.615463e-03   8.533447e-03;
   1.175395e-02   8.533447e-03  -5.061107e-03]
intgraF=[ ...  
   1.013118e+00   2.232618e-02  -9.941105e-03;
   9.452214e-03   9.704415e-01  -8.758565e-03;
   1.920706e-02   8.179767e-03   9.922698e-01]
F=[ ...        
   1.016912e+00   9.435786e-03   2.553609e-03;
   3.044795e-02   9.929221e-01   5.473415e-03;
   2.173208e-02   1.158631e-02   9.951112e-01]
R=[ ...        
   9.999009e-01  -1.044623e-02  -9.440679e-03;
   1.041745e-02   9.999410e-01  -3.092711e-03;
   9.472429e-03   2.994057e-03   9.999507e-01]
U=[ ...        
   1.017335e+00   1.988832e-02   1.203650e-02;
   1.988832e-02   9.927996e-01   8.425835e-03;
   1.203650e-02   8.425835e-03   9.950210e-01]
l=[ ...        
   1.499267e-02   1.212868e-03   3.076313e-02;
  -1.598718e-02  -2.533777e-02  -1.475499e-02;
   1.932049e-02   3.300680e-03   1.642443e-02]
d=[ ...        
   1.499267e-02  -7.387153e-03   2.504181e-02;
  -7.387153e-03  -2.533777e-02  -5.727154e-03;
   2.504181e-02  -5.727154e-03   1.642443e-02]
     iteration=        2599999       process=              3       (i,j,k)=              0              1              1       (x,y,z)=   5.064936e-03   1.493503e-02   1.424617e-02     particles=             46
fabric=[ ...   
   3.086416e-01   6.704395e-02   1.364980e-02;
   6.704395e-02   3.648839e-01  -1.088411e-02;
   1.364980e-02  -1.088411e-02   2.994475e-01]
sigma=[ ...    
  -4.326864e+00  -2.043477e+00  -4.661476e-01;
  -2.023079e+00  -4.296818e+00  -9.551689e-01;
  -5.535735e-01  -4.887891e-01  -8.532545e-01]
sigmaDot=[ ... 
  -2.278752e+04  -7.290120e+04  -9.402644e+03;
  -1.837167e+04  -2.979819e+04   9.143172e+02;
  -1.884014e+04  -3.210353e+04  -2.852561e+04]
intgraE=[ ...  
  -2.868619e-02   6.755595e-02  -7.365255e-02;
   6.755595e-02  -4.784440e-03  -2.548005e-02;
  -7.365255e-02  -2.548005e-02   1.740934e-01]
E=[ ...        
   1.277419e-01   1.113680e-01  -5.506819e-03;
   1.113680e-01  -3.351720e-03  -7.157872e-02;
  -5.506819e-03  -7.157872e-02   7.011129e-02]
e=[ ...        
   8.301005e-02   1.008401e-01   9.149738e-03;
   1.008401e-01  -3.592791e-02  -5.419862e-02;
   9.149738e-03  -5.419862e-02   5.726841e-02]
intgraF=[ ...  
   9.686807e-01   7.478022e-02  -1.288440e-01;
   6.300517e-02   9.923545e-01  -3.181034e-02;
  -1.776517e-02  -8.459410e-03   1.153505e+00]
F=[ ...        
   1.109419e+00   1.119604e-01  -1.135528e-01;
   1.085527e-01   9.873928e-01  -5.018860e-02;
   1.135352e-01  -7.626856e-02   1.060570e+00]
R=[ ...        
   9.944673e-01  -5.785368e-04  -1.050447e-01;
   2.505918e-03   9.998309e-01   1.821714e-02;
   1.050164e-01  -1.837958e-02   9.943006e-01]
U=[ ...        
   1.115476e+00   1.058058e-01  -1.672976e-03;
   1.058058e-01   9.885629e-01  -6.960726e-02;
  -1.672976e-03  -6.960726e-02   1.065540e+00]
l=[ ...        
   2.064454e-02  -1.654742e-03   3.948106e-02;
   2.050536e-02  -1.737603e-02   2.221588e-02;
   3.356765e-02  -3.334705e-02  -1.991759e-02]
d=[ ...        
   2.064454e-02   9.425310e-03   3.652436e-02;
   9.425310e-03  -1.737603e-02  -5.565586e-03;
   3.652436e-02  -5.565586e-03  -1.991759e-02]
     iteration=        2599999       process=              4       (i,j,k)=              1              0              0       (x,y,z)=   1.493502e-02   5.064938e-03   4.835329e-03     particles=             64
fabric=[ ...   
   4.162714e-01   1.716981e-02  -4.990402e-04;
   1.716981e-02   2.868844e-01   2.568662e-02;
  -4.990402e-04   2.568662e-02   2.468442e-01]
sigma=[ ...    
  -5.892920e+00  -1.435882e+00  -1.478616e+00;
  -1.290610e+00  -1.512304e+00  -6.205533e-01;
  -1.667081e+00  -1.032346e+00  -3.001947e+00]
sigmaDot=[ ... 
  -3.897235e+03  -3.646764e+04  -2.423405e+05;
  -3.507658e+04  -1.652279e+04  -3.464840e+04;
  -7.373185e+04   1.045832e+05  -4.802704e+03]
intgraE=[ ...  
  -9.435247e-03   3.126694e-02  -9.068786e-03;
   3.126694e-02   3.674664e-02   9.229079e-03;
  -9.068786e-03   9.229079e-03   6.369151e-02]
E=[ ...        
  -2.472983e-04   1.593942e-02   9.991210e-03;
   1.593942e-02   6.039698e-02   1.644462e-02;
   9.991210e-03   1.644462e-02  -3.007254e-02]
e=[ ...        
  -1.625381e-03   1.300036e-02   1.028013e-02;
   1.300036e-02   5.378634e-02   1.474167e-02;
   1.028013e-02   1.474167e-02  -3.276577e-02]
intgraF=[ ...  
   9.893435e-01   1.667852e-02   1.068369e-03;
   4.494486e-02   1.035555e+00  -1.193380e-02;
  -1.757363e-02   2.900819e-02   1.061715e+00]
F=[ ...        
   9.989544e-01  -7.389118e-04  -5.612950e-03;
   3.070462e-02   1.058666e+00   2.708475e-02;
   2.554817e-02   4.345803e-03   9.690665e-01]
R=[ ...        
   9.997612e-01  -1.501293e-02  -1.587895e-02;
   1.519069e-02   9.998226e-01   1.113378e-02;
   1.570898e-02  -1.137233e-02   9.998119e-01]
U=[ ...        
   9.995836e-01   1.541140e-02   1.002287e-02;
   1.541140e-02   1.058440e+00   1.614367e-02;
   1.002287e-02   1.614367e-02   9.692749e-01]
l=[ ...        
  -1.542758e-02  -7.271311e-03   1.146418e-02;
   1.712504e-02  -8.093357e-03  -3.663933e-02;
  -2.536245e-02   1.374150e-02  -8.785324e-03]
d=[ ...        
  -1.542758e-02   4.926864e-03  -6.949136e-03;
   4.926864e-03  -8.093357e-03  -1.144891e-02;
  -6.949136e-03  -1.144891e-02  -8.785324e-03]
     iteration=        2599999       process=              5       (i,j,k)=              1              0              1       (x,y,z)=   1.493502e-02   5.064938e-03   1.424617e-02     particles=             45
fabric=[ ...   
   3.306642e-01   5.991454e-02   5.588905e-03;
   5.991454e-02   3.835040e-01   1.003479e-03;
   5.588905e-03   1.003479e-03   2.501175e-01]
sigma=[ ...    
  -2.985883e+00  -1.487306e+00  -1.603346e-01;
  -2.190109e+00  -2.562759e+00  -1.626480e-01;
   7.528484e-02  -1.108872e-01  -2.209992e-01]
sigmaDot=[ ... 
  -1.077724e+04  -3.571664e+04   2.076616e+04;
   6.339694e+03  -3.527839e+04   1.001146e+03;
  -1.862756e+03   1.512715e+04   3.179188e+03]
intgraE=[ ...  
   7.047503e-02   5.986161e-02  -1.102680e-01;
   5.986161e-02   1.560158e-02  -6.580049e-02;
  -1.102680e-01  -6.580049e-02  -4.861123e-03]
E=[ ...        
   1.154496e-01  -1.102597e-01  -1.108049e-01;
  -1.102597e-01  -8.171518e-02   3.812773e-02;
  -1.108049e-01   3.812773e-02  -2.841134e-02]
e=[ ...        
   4.331185e-02  -8.748281e-02  -1.148729e-01;
  -8.748281e-02  -1.419981e-01   2.324576e-02;
  -1.148729e-01   2.324576e-02  -2.706473e-02]
intgraF=[ ...  
   1.066312e+00   1.141142e-01  -1.496173e-01;
  -1.651411e-02   9.811561e-01   1.178246e-01;
  -6.045811e-02  -2.356135e-01   9.767343e-01]
F=[ ...        
   1.084016e+00  -1.423098e-01   1.717821e-03;
  -4.166025e-02   8.948707e-01  -4.955522e-02;
  -2.325342e-01   1.245949e-01   9.699065e-01]
R=[ ...        
   9.927902e-01  -4.285744e-02   1.119412e-01;
   5.214336e-02   9.953176e-01  -8.138780e-02;
  -1.079290e-01   8.663801e-02   9.903763e-01]
U=[ ...        
   1.099126e+00  -1.080696e-01  -1.055596e-01;
  -1.080696e-01   9.075743e-01   3.463397e-02;
  -1.055596e-01   3.463397e-02   9.647979e-01]
l=[ ...        
  -4.083225e-02  -1.553412e-02   1.215994e-02;
  -1.222616e-02  -2.196326e-02   2.092571e-02;
   6.584232e-03  -5.108885e-02   3.409559e-03]
d=[ ...        
  -4.083225e-02  -1.388014e-02   9.372084e-03;
  -1.388014e-02  -2.196326e-02  -1.508157e-02;
   9.372084e-03  -1.508157e-02   3.409559e-03]
     iteration=        2599999       process=              6       (i,j,k)=              1              1              0       (x,y,z)=   1.493502e-02   1.493503e-02   4.835329e-03     particles=             60
fabric=[ ...   
   3.029246e-01   1.200565e-03   2.019743e-02;
   1.200565e-03   3.139263e-01   5.141898e-02;
   2.019743e-02   5.141898e-02   3.366375e-01]
sigma=[ ...    
  -1.418435e+00   3.578773e-01  -2.851982e-01;
   3.173072e-01  -2.179264e+00  -4.373516e-01;
  -4.315253e-01  -6.739790e-01  -1.740923e+00]
sigmaDot=[ ... 
  -1.161842e+04   1.360380e+04  -5.070563e+04;
   2.026128e+04  -8.584180e+03  -3.872669e+04;
  -1.452410e+04  -3.556738e+04  -1.547736e+04]
intgraE=[ ...  
  -5.259245e-02   6.918331e-02  -3.626988e-02;
   6.918331e-02  -8.383775e-02  -6.163053e-03;
  -3.626988e-02  -6.163053e-03  -1.196950e-02]
E=[ ...        
   1.580387e-01   2.356420e-02  -1.079309e-01;
   2.356420e-02  -1.532911e-01  -3.474282e-02;
  -1.079309e-01  -3.474282e-02  -1.217923e-01]
e=[ ...        
   9.022325e-02   6.340982e-03  -1.244637e-01;
   6.340982e-03  -2.436820e-01  -5.940793e-02;
  -1.244637e-01  -5.940793e-02  -1.726696e-01]
intgraF=[ ...  
   9.420295e-01   7.040793e-02  -4.102221e-02;
   7.539537e-02   9.049114e-01   8.973855e-02;
  -4.136393e-02  -9.220912e-02   9.830184e-01]
F=[ ...        
   1.135454e+00  -3.474365e-03  -7.019410e-02;
   3.357846e-02   8.196456e-01   6.981467e-02;
  -1.602928e-01  -1.469245e-01   8.640683e-01]
R=[ ...        
   9.987356e-01  -2.829252e-02   4.155407e-02;
   2.269930e-02   9.913338e-01   1.293912e-01;
  -4.485476e-02  -1.282844e-01   9.907225e-01]
U=[ ...        
   1.141971e+00   2.172567e-02  -1.072782e-01;
   2.172567e-02   8.314887e-01  -3.965085e-02;
  -1.072782e-01  -3.965085e-02   8.621685e-01]
l=[ ...        
  -9.632264e-03   1.244543e-02   1.263422e-02;
   2.278677e-03  -2.548585e-02   2.484129e-02;
  -3.069274e-02   9.205670e-03  -4.057975e-02]
d=[ ...        
  -9.632264e-03   7.362053e-03  -9.029259e-03;
   7.362053e-03  -2.548585e-02   1.702348e-02;
  -9.029259e-03   1.702348e-02  -4.057975e-02]
     iteration=        2599999       process=              7       (i,j,k)=              1              1              1       (x,y,z)=   1.493502e-02   1.493503e-02   1.424617e-02     particles=             50
fabric=[ ...   
   3.038550e-01  -1.412259e-02  -3.315602e-02;
  -1.412259e-02   2.361452e-01  -1.765558e-02;
  -3.315602e-02  -1.765558e-02   3.171427e-01]
sigma=[ ...    
  -4.159514e-01   1.484827e-01   5.936953e-02;
   7.902120e-02  -7.920716e-01  -8.875940e-02;
   2.586186e-02  -2.919194e-02  -1.004908e-01]
sigmaDot=[ ... 
   3.212613e+03   8.372630e+03   3.378379e+03;
   1.357592e+04  -2.226221e+03  -2.712271e+03;
   3.749203e+03  -2.594727e+03  -1.396033e+03]
intgraE=[ ...  
   3.931402e-02  -4.628560e-02  -1.789904e-02;
  -4.628560e-02   1.670480e-01  -1.264964e-01;
  -1.789904e-02  -1.264964e-01  -5.017534e-02]
E=[ ...        
   1.049235e+00  -7.646018e-01   2.029244e+00;
  -7.646018e-01   4.456043e-01  -1.727538e+00;
   2.029244e+00  -1.727538e+00   3.251363e+00]
e=[ ...        
  -4.116526e-01   1.075233e+00   9.192109e-01;
   1.075233e+00  -2.619251e+00  -1.893443e+00;
   9.192109e-01  -1.893443e+00  -8.441110e-01]
intgraF=[ ...  
   1.022894e+00   1.105220e-01  -8.831716e-02;
  -1.767204e-01   1.145761e+00  -1.344078e-01;
   3.293714e-02  -9.545993e-02   9.347641e-01]
F=[ ...        
   1.388004e+00  -1.670722e-01   9.391904e-01;
  -2.444759e-01   9.073395e-01  -9.451028e-01;
   1.054583e+00  -1.019819e+00   2.393204e+00]
R=[ ...        
   9.990129e-01   4.085930e-02  -1.742821e-02;
  -4.024808e-02   9.986081e-01   3.408714e-02;
   1.879673e-02  -3.335204e-02   9.992669e-01]
U=[ ...        
   1.416296e+00  -2.225952e-01   1.021286e+00;
  -2.225952e-01   9.332631e-01  -9.852309e-01;
   1.021286e+00  -9.852309e-01   2.342866e+00]
l=[ ...        
  -2.432000e-02  -3.791784e-02  -6.956849e-03;
  -6.046522e-02  -2.587226e-02   4.389700e-02;
   4.095358e-02   1.316051e-02  -1.477535e-02]
d=[ ...        
  -2.432000e-02  -4.919153e-02   1.699837e-02;
  -4.919153e-02  -2.587226e-02   2.852875e-02;
   1.699837e-02   2.852875e-02  -1.477535e-02]
