     iteration=        1499999       process=              0       (i,j,k)=              0              0              0       (x,y,z)=   5.037436e-03   5.037438e-03   4.807829e-03     particles=             72
fabric=[ ...   
   2.900560e-01   3.644792e-02  -1.280683e-03;
   3.644792e-02   2.444315e-01   5.506318e-03;
  -1.280683e-03   5.506318e-03   4.030125e-01]
sigma=[ ...    
  -1.532660e+00  -1.962456e-01   2.925075e-01;
   3.986615e-01  -3.166138e+00   3.824738e-01;
   4.347962e-02   1.116674e+00  -2.174949e+00]
sigmaDot=[ ... 
   6.291247e+04  -2.940878e+05  -5.687942e+05;
  -2.408700e+05   1.252366e+04   5.649041e+04;
   7.363419e+04  -2.207443e+05   2.111001e+04]
intgraE=[ ...  
   1.153240e-02  -1.253517e-02   4.510884e-03;
  -1.253517e-02   8.427361e-03  -1.269750e-02;
   4.510884e-03  -1.269750e-02   5.993500e-03]
E=[ ...        
   2.240381e-03   3.486937e-03  -5.000245e-02;
   3.486937e-03  -4.760129e-03  -2.459512e-02;
  -5.000245e-02  -2.459512e-02  -4.052376e-02]
e=[ ...        
   2.650121e-04   1.949411e-03  -5.273948e-02;
   1.949411e-03  -5.934365e-03  -2.734106e-02;
  -5.273948e-02  -2.734106e-02  -5.520458e-02]
intgraF=[ ...  
   1.011397e+00  -2.963423e-02   1.977318e-02;
   4.616784e-03   1.007697e+00  -1.799745e-03;
  -1.090543e-02  -2.286330e-02   1.005780e+00]
F=[ ...        
   1.001985e+00  -6.529011e-03  -8.203287e-02;
   1.318598e-02   9.949703e-01  -2.915056e-02;
  -1.825241e-02  -2.170608e-02   9.546587e-01]
R=[ ...        
   9.994131e-01  -1.025246e-02  -3.268624e-02;
   1.013802e-02   9.999419e-01  -3.664953e-03;
   3.272192e-02   3.331428e-03   9.994589e-01]
U=[ ...        
   1.000933e+00   2.851590e-03  -5.104198e-02;
   2.851590e-03   9.949071e-01  -2.512745e-02;
  -5.104198e-02  -2.512745e-02   9.569304e-01]
l=[ ...        
  -3.471403e-05  -1.267730e-02   1.126089e-02;
  -1.451131e-02   1.226996e-03  -1.479269e-02;
   1.660230e-02  -3.966877e-02   2.444970e-02]
d=[ ...        
  -3.471403e-05  -1.359431e-02   1.393159e-02;
  -1.359431e-02   1.226996e-03  -2.723073e-02;
   1.393159e-02  -2.723073e-02   2.444970e-02]
     iteration=        1499999       process=              1       (i,j,k)=              0              0              1       (x,y,z)=   5.037436e-03   5.037438e-03   1.427367e-02     particles=             56
fabric=[ ...   
   3.836661e-01  -9.898701e-02   7.053691e-02;
  -9.898701e-02   3.459947e-01   2.711421e-02;
   7.053691e-02   2.711421e-02   2.703392e-01]
sigma=[ ...    
  -2.612870e+00  -1.839097e-01  -5.640345e-01;
   1.939878e-01  -5.587940e-01   9.298159e-02;
  -9.507124e-01   7.963155e-02  -1.097674e+00]
sigmaDot=[ ... 
  -1.101029e+04   2.720290e+04  -5.187692e+04;
  -2.692817e+04  -1.440514e+04  -1.827784e+03;
  -3.010762e+04  -3.710450e+04  -6.849074e+03]
intgraE=[ ...  
  -1.343225e-01  -6.548610e-03  -2.136252e-01;
  -6.548610e-03   6.292884e-02  -1.831099e-02;
  -2.136252e-01  -1.831099e-02   6.508555e-01]
E=[ ...        
  -4.029816e-02   8.903607e-02   4.585472e-02;
   8.903607e-02   4.582720e-02  -7.736925e-02;
   4.585472e-02  -7.736925e-02   3.210377e-02]
e=[ ...        
  -6.768038e-02   9.679581e-02   7.286174e-02;
   9.679581e-02   2.796603e-02  -7.799478e-02;
   7.286174e-02  -7.799478e-02  -3.082767e-03]
intgraF=[ ...  
   8.548993e-01   4.097197e-03  -5.270603e-01;
  -1.628622e-02   1.060174e+00  -9.046051e-02;
   1.539682e-02   4.327568e-02   1.419766e+00]
F=[ ...        
   9.540753e-01   1.099492e-01   3.829373e-02;
   6.798702e-02   1.038312e+00  -1.905296e-01;
   6.724470e-02   3.837632e-02   1.013134e+00]
R=[ ...        
   9.998028e-01   1.718401e-02  -9.956249e-03;
  -1.817530e-02   9.937702e-01  -1.099567e-01;
   8.004727e-03   1.101160e-01   9.938865e-01]
U=[ ...        
   9.531897e-01   9.136303e-02   4.985897e-02;
   9.136303e-02   1.037959e+00  -7.712237e-02;
   4.985897e-02  -7.712237e-02   1.027509e+00]
l=[ ...        
   1.702148e-03   1.661917e-02   6.828735e-02;
  -3.795084e-02   4.489666e-02  -1.402075e-02;
   3.768659e-02  -1.933530e-01   1.652543e-01]
d=[ ...        
   1.702148e-03  -1.066584e-02   5.298697e-02;
  -1.066584e-02   4.489666e-02  -1.036869e-01;
   5.298697e-02  -1.036869e-01   1.652543e-01]
     iteration=        1499999       process=              2       (i,j,k)=              0              1              0       (x,y,z)=   5.037436e-03   1.496253e-02   4.807829e-03     particles=             75
fabric=[ ...   
   2.487508e-01   1.343980e-02   2.325655e-02;
   1.343980e-02   3.195352e-01   7.811807e-03;
   2.325655e-02   7.811807e-03   4.004640e-01]
sigma=[ ...    
  -3.971807e+00  -1.274656e+00   4.552552e-01;
  -1.050985e+00  -3.159035e+00  -1.661632e+00;
   1.757786e-01  -1.219019e+00  -6.074463e+00]
sigmaDot=[ ... 
  -1.058857e+04  -4.117927e+04   1.997527e+04;
  -5.976108e+04  -2.131346e+04  -1.320184e+04;
   3.212821e+04  -4.569183e+04  -5.103336e+03]
intgraE=[ ...  
   1.018143e-02   1.495240e-02   1.147697e-03;
   1.495240e-02  -2.061540e-02   1.609894e-03;
   1.147697e-03   1.609894e-03  -9.923556e-03]
E=[ ...        
   8.766921e-03   1.688376e-02  -3.960741e-05;
   1.688376e-02   1.272899e-03   4.746922e-03;
  -3.960741e-05   4.746922e-03  -1.109434e-02]
e=[ ...        
   8.224242e-03   1.649173e-02  -2.771254e-06;
   1.649173e-02   5.081082e-04   4.997585e-03;
  -2.771254e-06   4.997585e-03  -1.139404e-02]
intgraF=[ ...  
   1.009968e+00   2.141832e-02  -1.341329e-02;
   8.248911e-03   9.788555e-01  -8.901293e-03;
   1.607828e-02   1.234489e-02   9.898958e-01]
F=[ ...        
   1.008618e+00   2.149810e-02  -8.814419e-03;
   1.202715e-02   1.001029e+00   4.695417e-03;
   8.853922e-03   5.039569e-03   9.887930e-01]
R=[ ...        
   9.999496e-01   4.733517e-03  -8.856118e-03;
  -4.734387e-03   9.999888e-01  -7.733624e-05;
   8.855652e-03   1.192606e-04   9.999608e-01]
U=[ ...        
   1.008589e+00   1.680239e-02  -7.979716e-05;
   1.680239e-02   1.001120e+00   4.771566e-03;
  -7.979716e-05   4.771566e-03   9.888319e-01]
l=[ ...        
   2.320352e-02   6.443600e-02   3.082349e-03;
  -1.422393e-02  -2.590599e-02   3.737943e-04;
   1.797676e-02  -4.974020e-03  -1.534288e-02]
d=[ ...        
   2.320352e-02   2.510604e-02   1.052955e-02;
   2.510604e-02  -2.590599e-02  -2.300113e-03;
   1.052955e-02  -2.300113e-03  -1.534288e-02]
     iteration=        1499999       process=              3       (i,j,k)=              0              1              1       (x,y,z)=   5.037436e-03   1.496253e-02   1.427367e-02     particles=             46
fabric=[ ...   
   3.658785e-01   1.413415e-02   4.129715e-03;
   1.413415e-02   2.909344e-01   2.880522e-02;
   4.129715e-03   2.880522e-02   2.598537e-01]
sigma=[ ...    
  -3.924733e+00  -1.772231e+00  -8.846076e-02;
  -1.704716e+00  -3.967782e+00  -8.121927e-01;
  -3.120141e-01  -5.821360e-01  -3.037604e-01]
sigmaDot=[ ... 
  -4.412924e+04  -5.025964e+04  -4.643055e+05;
  -5.812276e+05   1.084122e+05   1.331433e+04;
  -6.883318e+04   5.547612e+05  -2.641503e+04]
intgraE=[ ...  
  -4.301611e-02   5.918935e-02  -7.802237e-02;
   5.918935e-02   1.122327e-02  -2.104307e-02;
  -7.802237e-02  -2.104307e-02   1.863914e-01]
E=[ ...        
  -4.031483e-02   5.936209e-02   3.025407e-02;
   5.936209e-02   6.620176e-03  -7.152205e-02;
   3.025407e-02  -7.152205e-02   1.030027e-01]
e=[ ...        
  -5.478795e-02   8.240514e-02   9.029786e-03;
   8.240514e-02  -2.019662e-02  -5.129636e-02;
   9.029786e-03  -5.129636e-02   8.494265e-02]
intgraF=[ ...  
   9.544986e-01   7.084670e-02  -1.384184e-01;
   5.069102e-02   1.008476e+00  -5.514648e-02;
  -1.818115e-02   2.007860e-02   1.162145e+00]
F=[ ...        
   9.393465e-01   1.265905e-01  -1.567438e-01;
   1.217298e-02   9.965425e-01  -5.372001e-02;
   1.919645e-01  -6.417361e-02   1.085611e+00]
R=[ ...        
   9.842979e-01   5.409212e-02  -1.680231e-01;
  -5.223385e-02   9.985152e-01   1.546294e-02;
   1.686101e-01  -6.443641e-03   9.856618e-01]
U=[ ...        
   9.563280e-01   6.172920e-02   3.156838e-02;
   6.172920e-02   1.002324e+00  -6.911413e-02;
   3.156838e-02  -6.911413e-02   1.095551e+00]
l=[ ...        
  -3.036070e-02   3.983636e-02   7.540401e-02;
   8.423346e-02  -3.743617e-02  -9.267454e-03;
  -8.785788e-03  -7.372421e-03  -5.693998e-02]
d=[ ...        
  -3.036070e-02   6.203491e-02   3.330911e-02;
   6.203491e-02  -3.743617e-02  -8.319938e-03;
   3.330911e-02  -8.319938e-03  -5.693998e-02]
     iteration=        1499999       process=              4       (i,j,k)=              1              0              0       (x,y,z)=   1.496252e-02   5.037438e-03   4.807829e-03     particles=             67
fabric=[ ...   
   3.527779e-01   2.808582e-02   3.837976e-02;
   2.808582e-02   3.254204e-01   1.663277e-02;
   3.837976e-02   1.663277e-02   2.763472e-01]
sigma=[ ...    
  -1.045545e+01  -5.061482e+00  -5.189017e+00;
  -4.590347e+00  -6.525899e+00  -1.137539e+00;
  -4.182360e+00  -1.486779e+00  -6.953132e+00]
sigmaDot=[ ... 
   1.832755e+04  -3.511480e+04  -3.690563e+04;
  -1.063128e+05  -2.882758e+04   2.322200e+04;
  -7.140246e+04   2.927432e+04  -2.537718e+04]
intgraE=[ ...  
  -1.431728e-03   2.488487e-02  -4.521724e-03;
   2.488487e-02   3.288286e-02   8.486576e-03;
  -4.521724e-03   8.486576e-03   5.733409e-02]
E=[ ...        
   7.162592e-03   1.396188e-02   1.518115e-02;
   1.396188e-02   7.839562e-02   3.687770e-02;
   1.518115e-02   3.687770e-02  -5.284264e-02]
e=[ ...        
   4.552847e-03   8.001159e-03   1.699979e-02;
   8.001159e-03   6.673355e-02   3.468524e-02;
   1.699979e-02   3.468524e-02  -6.230815e-02]
intgraF=[ ...  
   9.975404e-01   3.977103e-03  -2.604341e-04;
   4.457032e-02   1.032055e+00  -8.864207e-03;
  -7.945673e-03   2.474332e-02   1.055741e+00]
F=[ ...        
   1.004892e+00  -2.152814e-02  -1.883214e-02;
   4.505060e-02   1.075091e+00   4.844209e-02;
   4.988517e-02   2.252610e-02   9.442528e-01]
R=[ ...        
   9.989072e-01  -3.106269e-02  -3.492064e-02;
   3.150670e-02   9.994286e-01   1.223698e-02;
   3.452057e-02  -1.332384e-02   9.993152e-01]
U=[ ...        
   1.006935e+00   1.314556e-02   1.531083e-02;
   1.314556e-02   1.074845e+00   3.641831e-02;
   1.531083e-02   3.641831e-02   9.448566e-01]
l=[ ...        
  -1.275420e-02   5.459324e-02  -2.810948e-02;
   2.010645e-02   6.971296e-03   9.044166e-03;
   1.939448e-02   6.102380e-03   2.710961e-02]
d=[ ...        
  -1.275420e-02   3.734984e-02  -4.357502e-03;
   3.734984e-02   6.971296e-03   7.573273e-03;
  -4.357502e-03   7.573273e-03   2.710961e-02]
     iteration=        1499999       process=              5       (i,j,k)=              1              0              1       (x,y,z)=   1.496252e-02   5.037438e-03   1.427367e-02     particles=             42
fabric=[ ...   
   3.043463e-01   3.431793e-02  -6.225411e-02;
   3.431793e-02   4.047585e-01   4.231940e-02;
  -6.225411e-02   4.231940e-02   2.320717e-01]
sigma=[ ...    
  -2.181105e+00  -1.110571e+00   6.243764e-02;
  -1.033750e+00  -1.509439e+00  -1.364462e-02;
   2.655197e-02  -1.722579e-03  -6.248439e-02]
sigmaDot=[ ... 
  -1.094737e+04  -3.106410e+04  -1.143263e+03;
  -2.927950e+04  -1.097155e+04  -2.123368e+02;
  -4.424990e+02  -4.096607e+03   2.560944e+02]
intgraE=[ ...  
   7.912532e-02   7.717696e-02  -1.045539e-01;
   7.717696e-02  -6.949970e-04  -5.962954e-02;
  -1.045539e-01  -5.962954e-02   1.717615e-02]
E=[ ...        
   1.585054e-01  -1.837624e-01   5.025301e-02;
  -1.837624e-01   2.180066e-02   2.096584e-02;
   5.025301e-02   2.096584e-02  -2.073399e-01]
e=[ ...        
   9.745188e-02  -1.427639e-01   4.205869e-02;
  -1.427639e-01  -5.682101e-02   8.757334e-02;
   4.205869e-02   8.757334e-02  -3.794861e-01]
intgraF=[ ...  
   1.074115e+00   1.345218e-01  -1.315713e-01;
  -4.482263e-03   9.673640e-01   1.140614e-01;
  -6.713867e-02  -2.114729e-01   1.002014e+00]
F=[ ...        
   1.142069e+00  -2.262290e-01   1.117404e-01;
  -1.075457e-01   9.939103e-01   1.618921e-02;
  -3.352525e-02   6.755779e-02   7.566850e-01]
R=[ ...        
   9.955142e-01  -5.632836e-02   7.601695e-02;
   5.808858e-02   9.980875e-01  -2.114497e-02;
  -7.468050e-02   2.546584e-02   9.968823e-01]
U=[ ...        
   1.133202e+00  -1.725246e-01   5.566990e-02;
  -1.725246e-01   1.006473e+00   2.913372e-02;
   5.566990e-02   2.913372e-02   7.624777e-01]
l=[ ...        
   3.645632e-02  -9.976826e-02  -1.119256e-01;
  -7.099969e-03   8.988638e-02   6.948252e-02;
  -7.422855e-04  -2.351736e-01  -3.178221e-02]
d=[ ...        
   3.645632e-02  -5.343411e-02  -5.633397e-02;
  -5.343411e-02   8.988638e-02  -8.284555e-02;
  -5.633397e-02  -8.284555e-02  -3.178221e-02]
     iteration=        1499999       process=              6       (i,j,k)=              1              1              0       (x,y,z)=   1.496252e-02   1.496253e-02   4.807829e-03     particles=             59
fabric=[ ...   
   2.540042e-01   2.503086e-03  -4.069686e-02;
   2.503086e-03   4.025155e-01   4.921014e-02;
  -4.069686e-02   4.921014e-02   2.434803e-01]
sigma=[ ...    
  -3.403113e-01   1.667112e-02  -2.491261e-02;
   1.977146e-02  -1.215330e-01  -6.550615e-02;
  -3.029978e-02  -1.271778e-01  -4.116946e-01]
sigmaDot=[ ... 
   1.094261e+03  -2.149667e+03  -7.286784e+03;
  -2.212690e+03  -1.716632e+03  -8.004212e+03;
  -9.531796e+03  -5.018632e+03   2.493263e+02]
intgraE=[ ...  
  -4.218071e-02   6.858453e-02  -3.285834e-02;
   6.858453e-02  -7.568059e-02  -9.097027e-03;
  -3.285834e-02  -9.097027e-03  -5.532543e-03]
E=[ ...        
   1.273594e-01   6.457547e-02  -1.856713e-01;
   6.457547e-02  -1.931318e-01  -6.408147e-02;
  -1.856713e-01  -6.408147e-02  -1.119338e-01]
e=[ ...        
  -1.121186e-02   3.792439e-02  -2.402545e-01;
   3.792439e-02  -3.537171e-01  -1.168533e-01;
  -2.402545e-01  -1.168533e-01  -2.185580e-01]
intgraF=[ ...  
   9.538265e-01   7.187216e-02  -5.048947e-02;
   7.269467e-02   9.138300e-01   8.324825e-02;
  -2.385652e-02  -9.158569e-02   9.896744e-01]
F=[ ...        
   1.079761e+00   5.591452e-02  -1.041659e-01;
   5.503477e-02   7.763381e-01  -5.758854e-02;
  -2.929283e-01  -8.893322e-02   8.729063e-01]
R=[ ...        
   9.953899e-01   1.866450e-03   9.589278e-02;
  -3.344338e-03   9.998781e-01   1.525347e-02;
  -9.585262e-02  -1.550385e-02   9.952748e-01]
U=[ ...        
   1.102677e+00   6.158489e-02  -1.871635e-01;
   6.158489e-02   7.777267e-01  -7.130934e-02;
  -1.871635e-01  -7.130934e-02   8.579145e-01]
l=[ ...        
   4.941333e-02   2.517059e-02  -3.823806e-02;
  -2.220255e-02   1.146820e-03  -1.381042e-02;
   2.619772e-02  -4.858135e-02  -3.718102e-02]
d=[ ...        
   4.941333e-02   1.484020e-03  -6.020166e-03;
   1.484020e-03   1.146820e-03  -3.119588e-02;
  -6.020166e-03  -3.119588e-02  -3.718102e-02]
     iteration=        1499999       process=              7       (i,j,k)=              1              1              1       (x,y,z)=   1.496252e-02   1.496253e-02   1.427367e-02     particles=             48
fabric=[ ...   
   2.278599e-01  -1.073238e-02  -5.302907e-02;
  -1.073238e-02   4.098417e-01  -3.938911e-02;
  -5.302907e-02  -3.938911e-02   2.084522e-01]
sigma=[ ...    
  -4.306354e-01   8.716151e-02  -6.622418e-02;
   5.300666e-02  -1.097697e+00   4.046333e-01;
  -1.331261e-01   1.446037e-01  -5.564988e-01]
sigmaDot=[ ... 
   9.106559e+02   1.848235e+04  -1.799399e+04;
   3.699733e+04   9.904724e+03   4.144393e+03;
  -1.083250e+04  -2.169713e+04  -3.024380e+03]
intgraE=[ ...  
   2.545565e-02  -1.199916e-02  -2.625271e-02;
  -1.199916e-02   1.870154e-01  -1.157782e-01;
  -2.625271e-02  -1.157782e-01  -4.840791e-02]
E=[ ...        
   6.769185e-02   1.173897e-01   1.355426e-01;
   1.173897e-01   1.296976e-01  -4.464815e-02;
   1.355426e-01  -4.464815e-02   9.885681e-02]
e=[ ...        
  -4.106568e-02   1.075898e-01   9.767829e-02;
   1.075898e-01   8.162311e-02  -2.922949e-02;
   9.767829e-02  -2.922949e-02   1.026595e-01]
intgraF=[ ...  
   1.016952e+00   1.169462e-01  -1.117342e-01;
  -1.200380e-01   1.164509e+00  -1.351969e-01;
   4.806472e-02  -6.536312e-02   9.340350e-01]
F=[ ...        
   9.913755e-01   1.200258e-01  -1.315679e-01;
   1.025730e-01   1.115785e+00  -6.933037e-02;
   3.768780e-01   3.553655e-03   1.084249e+00]
R=[ ...        
   9.715529e-01   8.166685e-04  -2.368212e-01;
  -5.671697e-03   9.997875e-01  -1.982027e-02;
   2.367547e-01   2.059962e-02   9.713511e-01]
U=[ ...        
   1.051820e+00   1.111244e-01   1.292691e-01;
   1.111244e-01   1.115719e+00  -4.708796e-02;
   1.292691e-01  -4.708796e-02   1.085719e+00]
l=[ ...        
  -5.375807e-02   1.420378e-01   1.203979e-01;
  -2.545767e-01   1.095200e-01  -2.484852e-01;
   1.145802e-04  -8.352664e-02  -5.672774e-02]
d=[ ...        
  -5.375807e-02  -5.626946e-02   6.025622e-02;
  -5.626946e-02   1.095200e-01  -1.660059e-01;
   6.025622e-02  -1.660059e-01  -5.672774e-02]
