     iteration=         699999       process=              0       (i,j,k)=              0              0              0       (x,y,z)=   5.017500e-03   5.017500e-03   4.787873e-03     particles=             76
fabric=[ ...   
   2.737510e-01   3.243153e-02  -4.568652e-02;
   3.243153e-02   2.225320e-01   7.411369e-03;
  -4.568652e-02   7.411369e-03   3.237170e-01]
sigma=[ ...    
  -2.198306e+00   1.417474e-01   1.663030e-01;
   1.268310e-01  -1.700187e+00  -1.055107e-02;
   1.018509e-01   3.024072e-01  -1.298543e+00]
sigmaDot=[ ... 
  -6.903168e+03   2.543064e+04   1.081905e+05;
   5.592898e+04  -9.863046e+03   2.060222e+04;
   2.359064e+04   2.151347e+04   3.705330e+03]
intgraE=[ ...  
  -3.537533e-03   1.911868e-03  -2.840414e-03;
   1.911868e-03   1.831851e-03  -4.567494e-03;
  -2.840414e-03  -4.567494e-03  -7.001087e-03]
E=[ ...        
  -3.827955e-03   2.655957e-03  -4.205726e-03;
   2.655957e-03   1.604385e-03  -4.021752e-03;
  -4.205726e-03  -4.021752e-03  -1.031528e-02]
e=[ ...        
  -3.913985e-03   2.609129e-03  -4.301674e-03;
   2.609129e-03   1.535789e-03  -4.121402e-03;
  -4.301674e-03  -4.121402e-03  -1.058021e-02]
intgraF=[ ...  
   9.964478e-01  -1.126228e-04  -4.507428e-03;
   3.919854e-03   1.001801e+00  -1.596887e-03;
  -1.191538e-03  -7.589139e-03   9.929627e-01]
F=[ ...        
   9.961464e-01   4.066365e-04  -4.899851e-03;
   4.872313e-03   1.001575e+00  -5.841201e-04;
  -3.564643e-03  -7.534692e-03   9.896187e-01]
R=[ ...        
   9.999972e-01  -2.242966e-03  -6.855420e-04;
   2.245349e-03   9.999914e-01   3.495534e-03;
   6.776957e-04  -3.497064e-03   9.999937e-01]
U=[ ...        
   9.961522e-01   2.650414e-03  -4.230489e-03;
   2.650414e-03   1.001591e+00  -4.033884e-03;
  -4.230489e-03  -4.033884e-03   9.896137e-01]
l=[ ...        
  -1.119280e-02   8.914800e-03   4.567706e-03;
   3.404914e-03  -4.454916e-03   3.686521e-03;
   8.839360e-03  -5.926453e-03   7.894242e-03]
d=[ ...        
  -1.119280e-02   6.159857e-03   6.703533e-03;
   6.159857e-03  -4.454916e-03  -1.119966e-03;
   6.703533e-03  -1.119966e-03   7.894242e-03]
     iteration=         699999       process=              1       (i,j,k)=              0              0              1       (x,y,z)=   5.017500e-03   5.017500e-03   1.429362e-02     particles=             53
fabric=[ ...   
   3.272718e-01  -3.685866e-02  -2.262341e-02;
  -3.685866e-02   3.909621e-01  -5.327014e-02;
  -2.262341e-02  -5.327014e-02   2.817662e-01]
sigma=[ ...    
  -2.138219e+00  -1.850146e-01  -5.323941e-01;
   3.743920e-02  -2.421903e-01   2.954376e-03;
  -5.579451e-01   8.084233e-02  -1.203505e+00]
sigmaDot=[ ... 
  -3.109632e+03   7.468193e+03  -8.695102e+04;
  -3.669152e+05   6.435729e+04  -1.859145e+03;
  -5.283531e+03  -1.324612e+04  -1.308556e+03]
intgraE=[ ...  
  -2.862456e-02  -2.488983e-03  -3.220151e-02;
  -2.488983e-03   1.113781e-02  -1.343913e-02;
  -3.220151e-02  -1.343913e-02   1.395621e-02]
E=[ ...        
  -3.675937e-02   6.525976e-03  -2.843561e-02;
   6.525976e-03   4.555411e-03  -1.194044e-02;
  -2.843561e-02  -1.194044e-02   8.410587e-03]
e=[ ...        
  -4.127686e-02   6.131227e-03  -3.043138e-02;
   6.131227e-03   4.108763e-03  -1.132210e-02;
  -3.043138e-02  -1.132210e-02   6.038564e-03]
intgraF=[ ...  
   9.706970e-01  -1.048193e-02  -4.354576e-02;
   4.560429e-03   1.010664e+00  -8.727076e-05;
  -2.185047e-02  -2.689884e-02   1.012925e+00]
F=[ ...        
   9.622246e-01   4.071288e-03  -3.494752e-02;
   8.736466e-03   1.004415e+00  -7.953158e-03;
  -2.299642e-02  -1.562939e-02   1.007738e+00]
R=[ ...        
   9.999784e-01  -2.453840e-03  -6.098597e-03;
   2.477421e-03   9.999895e-01   3.862204e-03;
   6.089055e-03  -3.877230e-03   9.999739e-01]
U=[ ...        
   9.620854e-01   6.464391e-03  -2.883030e-02;
   6.464391e-03   1.004455e+00  -1.177455e-02;
  -2.883030e-02  -1.177455e-02   1.007895e+00]
l=[ ...        
  -4.804677e-02  -3.024047e-02  -1.344357e-01;
   1.017778e-02   6.885693e-03   1.115007e-02;
   1.492321e-02  -3.938656e-02   3.379168e-02]
d=[ ...        
  -4.804677e-02  -1.003134e-02  -5.975627e-02;
  -1.003134e-02   6.885693e-03  -1.411825e-02;
  -5.975627e-02  -1.411825e-02   3.379168e-02]
     iteration=         699999       process=              2       (i,j,k)=              0              1              0       (x,y,z)=   5.017500e-03   1.498250e-02   4.787873e-03     particles=             74
fabric=[ ...   
   2.521553e-01   3.548995e-03  -5.363527e-02;
   3.548995e-03   3.613367e-01   3.938837e-02;
  -5.363527e-02   3.938837e-02   3.048754e-01]
sigma=[ ...    
  -4.969336e+00  -8.979029e-01   1.589000e+00;
  -4.941821e-01  -4.369567e+00  -2.104810e+00;
   9.883174e-01  -1.534034e+00  -8.556016e+00]
sigmaDot=[ ... 
   5.646329e+03   7.817753e+04   1.285235e+05;
  -1.440055e+05  -2.232247e+04  -2.437711e+03;
   1.733735e+05   1.129411e+06  -1.324605e+05]
intgraE=[ ...  
   3.041066e-03   8.368432e-03   5.495350e-04;
   8.368432e-03  -9.942736e-03   1.959109e-03;
   5.495350e-04   1.959109e-03  -4.994347e-03]
E=[ ...        
   1.752946e-03   5.973953e-03   1.275212e-03;
   5.973953e-03  -7.927536e-03   7.083393e-04;
   1.275212e-03   7.083393e-04  -3.940788e-03]
e=[ ...        
   1.644573e-03   6.080480e-03   1.242813e-03;
   6.080480e-03  -8.092476e-03   7.010930e-04;
   1.242813e-03   7.010930e-04  -3.986597e-03]
intgraF=[ ...  
   1.002952e+00   4.150897e-03   3.777646e-03;
   1.269543e-02   9.899968e-01   5.851760e-03;
  -2.777996e-03  -1.900247e-03   9.949687e-01]
F=[ ...        
   1.001710e+00   3.132353e-03   4.420666e-03;
   8.879207e-03   9.920354e-01   2.314165e-03;
  -1.905899e-03  -8.964527e-04   9.960389e-01]
R=[ ...        
   9.999908e-01  -2.885060e-03   3.160704e-03;
   2.879988e-03   9.999946e-01   1.608102e-03;
  -3.165327e-03  -1.598984e-03   9.999937e-01]
U=[ ...        
   1.001733e+00   5.992212e-03   1.274502e-03;
   5.992212e-03   9.920224e-01   7.087474e-04;
   1.274502e-03   7.087474e-04   9.960503e-01]
l=[ ...        
   1.959487e-02   1.058367e-02   2.769213e-02;
   5.620340e-03  -2.231255e-02  -2.229967e-03;
   4.945258e-03  -1.165708e-02  -7.952177e-04]
d=[ ...        
   1.959487e-02   8.102004e-03   1.631870e-02;
   8.102004e-03  -2.231255e-02  -6.943524e-03;
   1.631870e-02  -6.943524e-03  -7.952177e-04]
     iteration=         699999       process=              3       (i,j,k)=              0              1              1       (x,y,z)=   5.017500e-03   1.498250e-02   1.429362e-02     particles=             43
fabric=[ ...   
   3.750764e-01   3.034576e-02  -9.498228e-03;
   3.034576e-02   3.101178e-01   2.749383e-02;
  -9.498228e-03   2.749383e-02   2.559823e-01]
sigma=[ ...    
  -3.806536e+00  -1.181731e+00   8.941071e-02;
  -1.622661e+00  -4.769973e+00  -8.864936e-01;
  -1.640439e-01  -1.700550e-01  -2.121634e-01]
sigmaDot=[ ... 
  -1.351741e+04  -1.557534e+05  -2.078251e+05;
   1.929392e+05   6.722830e+04   2.327466e+04;
   2.266740e+03   2.293718e+05  -1.651764e+04]
intgraE=[ ...  
  -2.057634e-03   1.075962e-02  -4.217601e-03;
   1.075962e-02  -5.779709e-03  -5.092044e-03;
  -4.217601e-03  -5.092044e-03   7.314594e-04]
E=[ ...        
   4.298137e-03   1.378086e-02  -2.349442e-03;
   1.378086e-02  -5.375175e-03   7.256601e-04;
  -2.349442e-03   7.256601e-04   1.460626e-02]
e=[ ...        
   4.056250e-03   1.378696e-02  -2.313061e-03;
   1.378696e-02  -5.956865e-03   8.211902e-04;
  -2.313061e-03   8.211902e-04   1.413387e-02]
intgraF=[ ...  
   9.979109e-01   1.423028e-02  -1.045996e-02;
   7.359887e-03   9.941011e-01  -1.116362e-02;
   2.083785e-03   1.061873e-03   1.000614e+00]
F=[ ...        
   1.004195e+00   1.827406e-02  -1.497671e-02;
   9.182738e-03   9.944121e-01  -6.185990e-03;
   1.025014e-02   7.764835e-03   1.014372e+00]
R=[ ...        
   9.999121e-01   4.518614e-03  -1.246678e-02;
  -4.604088e-03   9.999660e-01  -6.836013e-03;
   1.243546e-02   6.892810e-03   9.998989e-01]
U=[ ...        
   1.004192e+00   1.379065e-02  -2.332735e-03;
   1.379065e-02   9.945144e-01   7.384175e-04;
  -2.332735e-03   7.384175e-04   1.014498e+00]
l=[ ...        
  -2.032962e-02   4.585801e-02  -3.806968e-02;
   3.343662e-02   1.633624e-02  -7.096262e-02;
   4.221561e-02   3.411747e-03   1.024639e-01]
d=[ ...        
  -2.032962e-02   3.964732e-02   2.072963e-03;
   3.964732e-02   1.633624e-02  -3.377544e-02;
   2.072963e-03  -3.377544e-02   1.024639e-01]
     iteration=         699999       process=              4       (i,j,k)=              1              0              0       (x,y,z)=   1.498250e-02   5.017500e-03   4.787873e-03     particles=             70
fabric=[ ...   
   3.623707e-01   2.214730e-02  -2.584169e-03;
   2.214730e-02   3.127931e-01  -1.199015e-02;
  -2.584169e-03  -1.199015e-02   2.355505e-01]
sigma=[ ...    
  -1.087053e+01  -5.013985e+00  -4.373964e+00;
  -4.452431e+00  -8.205801e+00  -1.623268e+00;
  -3.384137e+00  -1.043740e+00  -6.194044e+00]
sigmaDot=[ ... 
  -3.683850e+03  -2.231212e+04  -6.115684e+05;
   1.151101e+06  -1.730849e+05  -2.785582e+04;
   5.316810e+04  -1.239985e+06   2.707747e+04]
intgraE=[ ...  
  -1.327590e-03   1.668819e-03   4.642412e-03;
   1.668819e-03   4.613374e-03  -4.822440e-03;
   4.642412e-03  -4.822440e-03  -2.016227e-02]
E=[ ...        
   3.107347e-04   1.989211e-03   2.720211e-03;
   1.989211e-03   5.626266e-03  -3.852795e-03;
   2.720211e-03  -3.852795e-03  -1.658059e-02]
e=[ ...        
   2.960111e-04   2.061078e-03   2.839505e-03;
   2.061078e-03   5.426033e-03  -4.166245e-03;
   2.839505e-03  -4.166245e-03  -1.710575e-02]
intgraF=[ ...  
   9.986408e-01   8.757081e-03   3.669637e-03;
  -5.303503e-03   1.004468e+00   3.972711e-03;
   5.758632e-03  -1.395188e-02   9.796153e-01]
F=[ ...        
   1.000281e+00   8.806493e-03  -4.757771e-04;
  -4.727148e-03   1.005490e+00   4.878433e-03;
   6.040466e-03  -1.282115e-02   9.832674e-01]
R=[ ...        
   9.999718e-01   6.767378e-03  -3.250474e-03;
  -6.738141e-03   9.999375e-01   8.923102e-03;
   3.310656e-03  -8.900949e-03   9.999549e-01]
U=[ ...        
   1.000305e+00   1.988663e-03   2.746625e-03;
   1.988663e-03   1.005601e+00  -3.877104e-03;
   2.746625e-03  -3.877104e-03   9.832681e-01]
l=[ ...        
   3.939546e-03   2.957489e-03  -1.689108e-03;
  -1.404274e-02  -9.440781e-03  -1.379143e-03;
  -1.417181e-02   5.392216e-03   3.919237e-03]
d=[ ...        
   3.939546e-03  -5.542624e-03  -7.930460e-03;
  -5.542624e-03  -9.440781e-03   2.006536e-03;
  -7.930460e-03   2.006536e-03   3.919237e-03]
     iteration=         699999       process=              5       (i,j,k)=              1              0              1       (x,y,z)=   1.498250e-02   5.017500e-03   1.429362e-02     particles=             41
fabric=[ ...   
   3.129509e-01   9.773540e-02  -5.337581e-02;
   9.773540e-02   2.212293e-01  -2.228876e-02;
  -5.337581e-02  -2.228876e-02   1.717021e-01]
sigma=[ ...    
  -2.449222e+00  -1.434128e+00   2.451328e-02;
  -1.324942e+00  -1.739459e+00  -4.175299e-02;
  -2.794937e-03   1.005373e-02  -1.693039e-02]
sigmaDot=[ ... 
  -1.773372e+04  -3.481100e+04  -1.503764e+03;
  -3.701818e+04  -1.382152e+04   1.149996e+03;
  -6.807295e+02  -3.965243e+02   3.070021e+01]
intgraE=[ ...  
   1.475379e-02  -1.519023e-03   2.776178e-02;
  -1.519023e-03   1.515669e-02   4.541919e-04;
   2.776178e-02   4.541919e-04   6.136359e-03]
E=[ ...        
   2.376025e-02   3.338773e-03   2.690667e-02;
   3.338773e-03   1.370097e-02   3.280478e-03;
   2.690667e-02   3.280478e-03   2.739010e-02]
e=[ ...        
   2.111892e-02   3.725574e-03   2.426661e-02;
   3.725574e-03   1.350699e-02   3.302349e-03;
   2.426661e-02   3.302349e-03   2.478710e-02]
intgraF=[ ...  
   1.013979e+00  -6.979427e-03   1.844709e-02;
   5.189713e-03   1.014462e+00   3.435557e-02;
   3.644491e-02  -3.363495e-02   1.005362e+00]
F=[ ...        
   1.022967e+00   1.405644e-03   2.033376e-02;
   6.087214e-03   1.013191e+00   3.585566e-02;
   3.195712e-02  -2.903562e-02   1.026197e+00]
R=[ ...        
   9.999818e-01  -1.789342e-03  -5.754152e-03;
   1.971356e-03   9.994928e-01   3.178335e-02;
   5.694362e-03  -3.179411e-02   9.994782e-01]
U=[ ...        
   1.023143e+00   3.237640e-03   2.624761e-02;
   3.237640e-03   1.013598e+00   3.174058e-03;
   2.624761e-02   3.174058e-03   1.026685e+00]
l=[ ...        
   2.035530e-02   8.705323e-04  -2.995750e-03;
   4.633653e-04   4.422402e-03   7.774963e-02;
  -6.181953e-02   1.892901e-02   9.695024e-03]
d=[ ...        
   2.035530e-02   6.669488e-04  -3.240764e-02;
   6.669488e-04   4.422402e-03   4.833932e-02;
  -3.240764e-02   4.833932e-02   9.695024e-03]
     iteration=         699999       process=              6       (i,j,k)=              1              1              0       (x,y,z)=   1.498250e-02   1.498250e-02   4.787873e-03     particles=             58
fabric=[ ...   
   2.700996e-01  -2.748483e-02  -2.793433e-02;
  -2.748483e-02   3.206800e-01  -1.175369e-02;
  -2.793433e-02  -1.175369e-02   2.915734e-01]
sigma=[ ...    
  -4.692559e-01   3.503048e-02  -1.260457e-01;
   5.016842e-02  -2.269048e-01  -2.361256e-02;
  -1.352650e-01  -5.771972e-02  -5.698065e-01]
sigmaDot=[ ... 
  -4.653336e+03   1.224487e+03  -9.728108e+03;
   1.066069e+03  -3.105648e+02  -4.419834e+03;
  -1.082331e+04  -3.343511e+03  -4.512888e+03]
intgraE=[ ...  
  -1.401985e-02  -4.200706e-03   2.299833e-03;
  -4.200706e-03  -9.243697e-03   6.330578e-05;
   2.299833e-03   6.330578e-05  -2.167439e-02]
E=[ ...        
  -1.914821e-02  -1.779859e-03  -4.761675e-03;
  -1.779859e-03  -4.521541e-03   1.859381e-03;
  -4.761675e-03   1.859381e-03  -1.196886e-02]
e=[ ...        
  -2.003211e-02  -1.812229e-03  -5.016274e-03;
  -1.812229e-03  -4.563135e-03   1.914234e-03;
  -5.016274e-03   1.914234e-03  -1.226816e-02]
intgraF=[ ...  
   9.858585e-01  -2.764116e-03   7.894037e-03;
  -5.720025e-03   9.907050e-01  -2.726353e-03;
  -3.270112e-03   2.913393e-03   9.780498e-01]
F=[ ...        
   9.806027e-01   3.542309e-04   7.049446e-04;
  -3.920477e-03   9.954680e-01   3.315685e-03;
  -1.032602e-02   4.229494e-04   9.879528e-01]
R=[ ...        
   9.999820e-01   2.150260e-03   5.604323e-03;
  -2.158430e-03   9.999966e-01   1.452207e-03;
  -5.601181e-03  -1.464277e-03   9.999832e-01]
U=[ ...        
   9.806513e-01  -1.796793e-03  -4.835928e-03;
  -1.796793e-03   9.954648e-01   1.870553e-03;
  -4.835928e-03   1.870553e-03   9.879450e-01]
l=[ ...        
  -1.741050e-02   1.154828e-02   5.573260e-02;
  -5.815775e-03  -3.002377e-02  -1.299902e-02;
  -2.229863e-02  -2.996032e-02  -3.837673e-02]
d=[ ...        
  -1.741050e-02   2.866255e-03   1.671698e-02;
   2.866255e-03  -3.002377e-02  -2.147967e-02;
   1.671698e-02  -2.147967e-02  -3.837673e-02]
     iteration=         699999       process=              7       (i,j,k)=              1              1              1       (x,y,z)=   1.498250e-02   1.498250e-02   1.429362e-02     particles=             50
fabric=[ ...   
   3.021670e-01  -7.996609e-04  -7.067146e-02;
  -7.996609e-04   3.890051e-01  -8.741903e-03;
  -7.067146e-02  -8.741903e-03   1.838279e-01]
sigma=[ ...    
  -3.646126e-01   1.960511e-01  -1.059548e-01;
   1.479700e-01  -8.559612e-01   1.866536e-01;
  -3.575471e-02   6.946763e-02  -2.425070e-02]
sigmaDot=[ ... 
  -2.608639e+03   1.572234e+04  -1.417814e+04;
   5.199818e+03   1.838368e+03   1.473909e+03;
   4.416562e+03  -6.542976e+04  -4.541060e+02]
intgraE=[ ...  
   7.019647e-04   4.336744e-03  -1.298821e-02;
   4.336744e-03  -2.972902e-02   4.883370e-03;
  -1.298821e-02   4.883370e-03  -9.324183e-03]
E=[ ...        
  -1.882814e-03  -9.670113e-04  -3.587755e-02;
  -9.670113e-04  -1.125025e-02   5.582272e-03;
  -3.587755e-02   5.582272e-03  -4.241841e-02]
e=[ ...        
  -3.677530e-03  -8.396826e-04  -3.886832e-02;
  -8.396826e-04  -1.152506e-02   6.479419e-03;
  -3.886832e-02   6.479419e-03  -5.064818e-02]
intgraF=[ ...  
   1.000673e+00   1.257174e-02  -1.963051e-02;
  -4.040795e-03   9.697322e-01   1.222110e-02;
  -6.344455e-03  -1.855549e-03   9.903620e-01]
F=[ ...        
   9.977835e-01   9.570703e-03  -4.978642e-02;
  -1.155590e-02   9.886361e-01   9.298930e-03;
  -2.299967e-02   2.562312e-03   9.553000e-01]
R=[ ...        
   9.998492e-01   1.063759e-02  -1.372623e-02;
  -1.059279e-02   9.999383e-01   3.332127e-03;
   1.376083e-02  -3.186225e-03   9.999002e-01]
U=[ ...        
   9.974389e-01  -8.678964e-04  -3.673169e-02;
  -8.678964e-04   9.886688e-01   5.724948e-03;
  -3.673169e-02   5.724948e-03   9.559190e-01]
l=[ ...        
  -3.257426e-02   7.042482e-02  -1.673287e-02;
   3.265493e-03  -8.074422e-02   5.331039e-02;
  -1.248091e-02  -3.083236e-02   4.383991e-02]
d=[ ...        
  -3.257426e-02   3.684516e-02  -1.460689e-02;
   3.684516e-02  -8.074422e-02   1.123901e-02;
  -1.460689e-02   1.123901e-02   4.383991e-02]
