     iteration=        1899999       process=              0       (i,j,k)=              0              0              0       (x,y,z)=   5.047436e-03   5.047438e-03   4.817829e-03     particles=             72
fabric=[ ...   
   3.381737e-01  -4.437362e-03  -3.935523e-02;
  -4.437362e-03   3.037408e-01  -1.411555e-02;
  -3.935523e-02  -1.411555e-02   3.405417e-01]
sigma=[ ...    
  -2.525810e+00   2.213684e-01   1.995737e-01;
   8.959559e-02  -4.618270e+00   4.581113e-01;
   9.126302e-02   1.249720e+00  -3.773928e+00]
sigmaDot=[ ... 
   3.761997e+03  -1.767122e+04   2.165215e+05;
  -1.202171e+04  -1.061373e+04   8.150420e+04;
   2.105530e+03  -1.497115e+05   2.992617e+04]
intgraE=[ ...  
   1.537938e-02  -1.322623e-02   7.826511e-03;
  -1.322623e-02   6.659618e-03  -1.550079e-02;
   7.826511e-03  -1.550079e-02   9.973056e-03]
E=[ ...        
   1.027042e-02   9.903352e-03  -8.008457e-02;
   9.903352e-03   7.073127e-04  -1.120592e-02;
  -8.008457e-02  -1.120592e-02  -1.238529e-01]
e=[ ...        
   3.974322e-03   7.403615e-03  -9.700787e-02;
   7.403615e-03   2.269770e-04  -1.652766e-02;
  -9.700787e-02  -1.652766e-02  -1.988942e-01]
intgraF=[ ...  
   1.015231e+00  -3.039724e-02   2.230342e-02;
   4.190832e-03   1.005793e+00  -2.178579e-03;
  -6.914068e-03  -2.786284e-02   1.009675e+00]
F=[ ...        
   1.009413e+00  -7.092699e-03  -1.325844e-01;
   2.630286e-02   1.000455e+00  -5.087329e-03;
  -3.057018e-02  -2.130641e-02   8.571404e-01]
R=[ ...        
   9.983503e-01  -1.707625e-02  -5.481858e-02;
   1.761091e-02   9.998018e-01   9.285124e-03;
   5.464916e-02  -1.023521e-02   9.984532e-01]
U=[ ...        
   1.006540e+00   9.373551e-03  -8.561325e-02;
   9.373551e-03   1.000596e+00  -1.159529e-02;
  -8.561325e-02  -1.159529e-02   8.630354e-01]
l=[ ...        
   1.613944e-03   3.079190e-03  -2.662249e-03;
   1.901310e-03  -2.706383e-02  -7.289077e-03;
   8.554027e-03  -3.832759e-02   7.519340e-03]
d=[ ...        
   1.613944e-03   2.490250e-03   2.945889e-03;
   2.490250e-03  -2.706383e-02  -2.280833e-02;
   2.945889e-03  -2.280833e-02   7.519340e-03]
     iteration=        1899999       process=              1       (i,j,k)=              0              0              1       (x,y,z)=   5.047436e-03   5.047438e-03   1.426367e-02     particles=             56
fabric=[ ...   
   2.876378e-01  -6.032321e-02   3.973320e-02;
  -6.032321e-02   3.613560e-01  -2.541475e-02;
   3.973320e-02  -2.541475e-02   3.197562e-01]
sigma=[ ...    
  -2.638797e+00  -1.525831e-01  -5.833092e-01;
   1.703914e-01  -8.018892e-01   6.240947e-02;
  -4.331207e-01   1.467246e-01  -1.270465e+00]
sigmaDot=[ ... 
  -4.440673e+03   1.713740e+04   2.214646e+04;
  -1.309766e+04  -2.871411e+03  -3.947057e+03;
  -3.835196e+04   7.091066e+04  -6.824398e+03]
intgraE=[ ...  
  -1.322254e-01  -7.288273e-03  -2.113004e-01;
  -7.288273e-03   6.655332e-02  -2.524111e-02;
  -2.113004e-01  -2.524111e-02   6.622237e-01]
E=[ ...        
  -1.332798e-01   4.308445e-03  -4.695413e-02;
   4.308445e-03  -4.375049e-02  -9.857828e-02;
  -4.695413e-02  -9.857828e-02   2.465429e-01]
e=[ ...        
  -1.802354e-01  -4.880019e-04  -5.924135e-02;
  -4.880019e-04  -4.634673e-02  -9.855098e-02;
  -5.924135e-02  -9.855098e-02   1.277841e-01]
intgraF=[ ...  
   8.571337e-01   7.280476e-03  -5.308773e-01;
  -2.017439e-02   1.064023e+00  -8.421899e-02;
   2.154098e-02   3.013475e-02   1.426718e+00]
F=[ ...        
   8.540866e-01  -5.860570e-02  -1.138698e-01;
   6.145003e-02   9.534307e-01  -2.211336e-01;
   1.415580e-02   5.855873e-03   1.196336e+00]
R=[ ...        
   9.956205e-01  -7.015043e-02  -6.179581e-02;
   6.339639e-02   9.924289e-01  -1.051942e-01;
   6.870737e-02   1.008159e-01   9.925298e-01]
U=[ ...        
   8.552144e-01   2.497369e-03  -4.519311e-02;
   2.497369e-03   9.509137e-01  -9.086169e-02;
  -4.519311e-02  -9.086169e-02   1.217698e+00]
l=[ ...        
   1.037407e-02   1.323114e-01  -1.250348e-01;
  -3.081606e-02   2.273623e-02   3.011035e-02;
   4.057734e-02   2.728792e-02  -8.037803e-02]
d=[ ...        
   1.037407e-02   5.074765e-02  -4.222875e-02;
   5.074765e-02   2.273623e-02   2.869913e-02;
  -4.222875e-02   2.869913e-02  -8.037803e-02]
     iteration=        1899999       process=              2       (i,j,k)=              0              1              0       (x,y,z)=   5.047436e-03   1.495253e-02   4.817829e-03     particles=             74
fabric=[ ...   
   3.412215e-01   9.359830e-03  -3.418065e-03;
   9.359830e-03   2.731576e-01   3.997750e-02;
  -3.418065e-03   3.997750e-02   3.717320e-01]
sigma=[ ...    
  -5.475883e+00  -5.978662e-01   4.823694e-01;
  -5.254357e-01  -3.803009e+00  -2.193803e+00;
   5.193489e-01  -1.551632e+00  -9.888705e+00]
sigmaDot=[ ... 
  -2.384676e+04  -2.360513e+04  -4.020788e+04;
   7.517970e+05  -7.751793e+04   4.843778e+04;
   3.961868e+04   5.961845e+05   4.014009e+04]
intgraE=[ ...  
   1.022345e-02   1.599062e-02   1.358829e-03;
   1.599062e-02  -2.357952e-02   5.516476e-04;
   1.358829e-03   5.516476e-04  -9.313987e-03]
E=[ ...        
   5.608545e-03   1.595106e-02   2.297977e-03;
   1.595106e-02  -2.148653e-03   6.502492e-03;
   2.297977e-03   6.502492e-03  -9.542033e-03]
e=[ ...        
   4.946750e-03   1.577340e-02   2.269053e-03;
   1.577340e-02  -2.724228e-03   6.761119e-03;
   2.269053e-03   6.761119e-03  -9.761399e-03]
intgraF=[ ...  
   1.009994e+00   2.340918e-02  -1.393249e-02;
   8.380860e-03   9.758097e-01  -8.077695e-03;
   1.701857e-02   9.400939e-03   9.905113e-01]
F=[ ...        
   1.005368e+00   1.434971e-02  -7.519952e-03;
   1.741535e-02   9.977122e-01   5.007201e-03;
   1.218642e-02   8.196068e-03   9.903708e-01]
R=[ ...        
   9.999503e-01  -1.507206e-03  -9.855461e-03;
   1.492155e-03   9.999977e-01  -1.534319e-03;
   9.857751e-03   1.519537e-03   9.999503e-01]
U=[ ...        
   1.005464e+00   1.591853e-02   2.250723e-03;
   1.591853e-02   9.977007e-01   6.523429e-03;
   2.250723e-03   6.523429e-03   9.903880e-01]
l=[ ...        
   6.763565e-03   2.641934e-03   3.579092e-03;
   5.944806e-03  -6.721025e-03  -9.423708e-03;
   1.331465e-02  -1.469965e-02   9.932308e-03]
d=[ ...        
   6.763565e-03   4.293370e-03   8.446870e-03;
   4.293370e-03  -6.721025e-03  -1.206168e-02;
   8.446870e-03  -1.206168e-02   9.932308e-03]
     iteration=        1899999       process=              3       (i,j,k)=              0              1              1       (x,y,z)=   5.047436e-03   1.495253e-02   1.426367e-02     particles=             46
fabric=[ ...   
   4.222281e-01   5.420943e-02   5.937121e-02;
   5.420943e-02   2.276044e-01  -1.239481e-02;
   5.937121e-02  -1.239481e-02   2.644532e-01]
sigma=[ ...    
  -8.164352e+00  -2.637471e+00  -3.040442e+00;
  -2.675672e+00  -5.122212e+00  -2.852474e-01;
  -3.220911e+00   2.412976e-02  -6.629714e+00]
sigmaDot=[ ... 
   5.030816e+03  -7.635223e+04   2.333457e+05;
  -2.625749e+05  -5.575384e+04  -9.166616e+03;
   4.655255e+03   9.271601e+04   5.081131e+03]
intgraE=[ ...  
  -4.013846e-02   6.618674e-02  -7.841440e-02;
   6.618674e-02   5.279315e-03  -2.514741e-02;
  -7.841440e-02  -2.514741e-02   1.800196e-01]
E=[ ...        
   1.566491e-02   6.478426e-02   4.538564e-02;
   6.478426e-02  -1.624601e-03  -6.650418e-02;
   4.538564e-02  -6.650418e-02   1.063138e-01]
e=[ ...        
  -2.721024e-03   8.026903e-02   2.495111e-02;
   8.026903e-02  -2.928978e-02  -4.782792e-02;
   2.495111e-02  -4.782792e-02   9.271000e-02]
intgraF=[ ...  
   9.567496e-01   7.454216e-02  -1.306193e-01;
   6.114772e-02   1.002450e+00  -5.174605e-02;
  -2.478568e-02   9.773294e-03   1.157713e+00]
F=[ ...        
   9.903805e-01   1.277843e-01  -1.539598e-01;
   1.915796e-02   9.876094e-01  -3.634455e-02;
   2.238508e-01  -7.106120e-02   1.089772e+00]
R=[ ...        
   9.827791e-01   5.166369e-02  -1.774151e-01;
  -4.744639e-02   9.984831e-01   2.793452e-02;
   1.785892e-01  -1.903575e-02   9.837396e-01]
U=[ ...        
   1.012394e+00   6.603444e-02   4.503753e-02;
   6.603444e-02   9.940658e-01  -6.498818e-02;
   4.503753e-02  -6.498818e-02   1.098351e+00]
l=[ ...        
   2.760377e-02   1.249137e-03   5.120304e-03;
   2.834427e-02  -5.079280e-02   4.619732e-02;
  -2.273299e-02  -6.322939e-02  -2.336913e-02]
d=[ ...        
   2.760377e-02   1.479670e-02  -8.806343e-03;
   1.479670e-02  -5.079280e-02  -8.516032e-03;
  -8.806343e-03  -8.516032e-03  -2.336913e-02]
     iteration=        1899999       process=              4       (i,j,k)=              1              0              0       (x,y,z)=   1.495252e-02   5.047438e-03   4.817829e-03     particles=             64
fabric=[ ...   
   4.062265e-01  -1.651595e-02   8.078659e-03;
  -1.651595e-02   3.292436e-01  -5.185395e-03;
   8.078659e-03  -5.185395e-03   1.993125e-01]
sigma=[ ...    
  -1.274894e+01  -6.112215e+00  -5.751397e+00;
  -5.784543e+00  -7.702063e+00  -1.239105e+00;
  -4.746428e+00  -1.366073e+00  -8.257698e+00]
sigmaDot=[ ... 
  -4.706705e+03  -4.434403e+04  -1.035749e+05;
  -5.149069e+04  -2.685325e+04   3.031930e+04;
  -7.964788e+04   3.638402e+03  -1.826515e+04]
intgraE=[ ...  
  -4.746774e-03   3.104748e-02  -6.120073e-03;
   3.104748e-02   3.181392e-02   9.467377e-03;
  -6.120073e-03   9.467377e-03   6.123991e-02]
E=[ ...        
   1.788342e-03   1.533835e-02   2.380869e-02;
   1.533835e-02   6.254877e-02   8.613767e-03;
   2.380869e-02   8.613767e-03  -4.461450e-02]
e=[ ...        
  -2.231572e-03   1.184072e-02   2.706050e-02;
   1.184072e-02   5.601456e-02   7.310560e-03;
   2.706050e-02   7.310560e-03  -4.900330e-02]
intgraF=[ ...  
   9.941293e-01   1.484948e-02  -2.155282e-03;
   4.613482e-02   1.030919e+00  -7.072058e-03;
  -9.222983e-03   2.478416e-02   1.059446e+00]
F=[ ...        
   9.993168e-01  -1.402326e-02  -6.766960e-03;
   4.251018e-02   1.060590e+00   2.250746e-02;
   5.599572e-02  -7.063067e-03   9.540538e-01]
R=[ ...        
   9.991166e-01  -2.688992e-02  -3.229468e-02;
   2.735745e-02   9.995259e-01   1.412337e-02;
   3.189959e-02  -1.499439e-02   9.993786e-01]
U=[ ...        
   1.001383e+00   1.477886e-02   2.428869e-02;
   1.477886e-02   1.060570e+00   8.373299e-03;
   2.428869e-02   8.373299e-03   9.539974e-01]
l=[ ...        
   3.190155e-03   5.610034e-02   2.310558e-02;
   1.056227e-02  -3.782424e-03   5.830869e-03;
   5.327163e-03  -3.125134e-03   6.374610e-03]
d=[ ...        
   3.190155e-03   3.333130e-02   1.421637e-02;
   3.333130e-02  -3.782424e-03   1.352867e-03;
   1.421637e-02   1.352867e-03   6.374610e-03]
     iteration=        1899999       process=              5       (i,j,k)=              1              0              1       (x,y,z)=   1.495252e-02   5.047438e-03   1.426367e-02     particles=             45
fabric=[ ...   
   1.860130e-01   4.591635e-02  -1.628141e-02;
   4.591635e-02   3.334206e-01  -5.512620e-02;
  -1.628141e-02  -5.512620e-02   3.138997e-01]
sigma=[ ...    
  -2.045063e+00  -1.184415e+00  -1.125268e-02;
  -1.319641e+00  -1.517407e+00   5.556542e-02;
   1.972472e-02   2.099227e-02  -8.688327e-03]
sigmaDot=[ ... 
  -1.783640e+04  -3.266471e+04  -5.789201e+03;
  -2.987258e+04  -1.057735e+04  -6.411586e+02;
   7.297998e+02   4.369028e+03   4.200700e+02]
intgraE=[ ...  
   7.914260e-02   6.913565e-02  -1.103050e-01;
   6.913565e-02   1.130763e-02  -5.853302e-02;
  -1.103050e-01  -5.853302e-02   1.027906e-02]
E=[ ...        
   1.201228e-01  -1.075048e-01  -1.820494e-02;
  -1.075048e-01  -5.633970e-02   4.397961e-02;
  -1.820494e-02   4.397961e-02  -1.595407e-01]
e=[ ...        
   8.916350e-02  -7.071074e-02  -5.695035e-02;
  -7.071074e-02  -1.341264e-01   9.212557e-02;
  -5.695035e-02   9.212557e-02  -2.150876e-01]
intgraF=[ ...  
   1.074217e+00   1.253661e-01  -1.440920e-01;
  -1.139939e-02   9.773949e-01   1.291436e-01;
  -6.490194e-02  -2.271517e-01   9.915228e-01]
F=[ ...        
   1.107081e+00  -1.792201e-01   5.699280e-02;
   6.927382e-03   9.051536e-01  -6.334247e-02;
  -1.207002e-01   1.894669e-01   8.207669e-01]
R=[ ...        
   9.919233e-01  -8.540133e-02   9.378092e-02;
   9.755342e-02   9.862030e-01  -1.337421e-01;
  -8.106528e-02   1.418105e-01   9.865689e-01]
U=[ ...        
   1.108600e+00  -1.048310e-01  -1.618248e-02;
  -1.048310e-01   9.348392e-01   4.905759e-02;
  -1.618248e-02   4.905759e-02   8.235594e-01]
l=[ ...        
  -2.508062e-02  -8.106370e-02  -1.655049e-02;
  -2.696415e-02   2.521370e-02  -1.211883e-02;
   2.308597e-02  -4.097736e-02  -4.935137e-02]
d=[ ...        
  -2.508062e-02  -5.401392e-02   3.267742e-03;
  -5.401392e-02   2.521370e-02  -2.654810e-02;
   3.267742e-03  -2.654810e-02  -4.935137e-02]
     iteration=        1899999       process=              6       (i,j,k)=              1              1              0       (x,y,z)=   1.495252e-02   1.495253e-02   4.817829e-03     particles=             60
fabric=[ ...   
   3.335612e-01  -5.359354e-02  -1.536434e-02;
  -5.359354e-02   3.198286e-01   6.869701e-02;
  -1.536434e-02   6.869701e-02   3.121274e-01]
sigma=[ ...    
  -5.535719e-01   7.748891e-02  -9.285151e-02;
   8.150183e-02  -9.699117e-01  -6.086000e-01;
  -1.748211e-01  -5.405965e-01  -1.424175e+00]
sigmaDot=[ ... 
   2.197301e+03  -2.526569e+03  -2.340915e+04;
  -3.674768e+03  -8.399644e+03  -2.512201e+04;
  -1.231110e+04  -3.725128e+04  -1.268463e+04]
intgraE=[ ...  
  -4.688945e-02   6.993961e-02  -3.498152e-02;
   6.993961e-02  -7.684135e-02  -1.082880e-02;
  -3.498152e-02  -1.082880e-02  -6.563409e-03]
E=[ ...        
   1.352090e+00   9.034903e-03   5.400678e-02;
   9.034903e-03  -1.784385e-01  -1.711287e-01;
   5.400678e-02  -1.711287e-01  -8.345921e-02]
e=[ ...        
   2.927134e-01  -2.446301e-01  -1.311077e-01;
  -2.446301e-01  -4.740650e-01  -3.743855e-01;
  -1.311077e-01  -3.743855e-01  -2.240815e-01]
intgraF=[ ...  
   9.488009e-01   7.551489e-02  -4.978811e-02;
   7.176775e-02   9.118226e-01   8.433029e-02;
  -2.910877e-02  -9.588752e-02   9.885761e-01]
F=[ ...        
   1.855810e+00   1.882819e-01   7.312696e-02;
  -4.932938e-01   7.378223e-01  -1.783378e-01;
  -1.296522e-01  -2.515772e-01   8.921489e-01]
R=[ ...        
   9.611349e-01   2.574475e-01   9.970162e-02;
  -2.619144e-01   9.644767e-01   3.443155e-02;
  -8.729557e-02  -5.920665e-02   9.944215e-01]
U=[ ...        
   1.924203e+00   9.679625e-03   3.911345e-02;
   9.679625e-03   7.749802e-01  -2.059974e-01;
   3.911345e-02  -2.059974e-01   8.883224e-01]
l=[ ...        
  -2.906928e-02  -3.413396e-03  -1.415963e-02;
   5.580556e-03  -2.382679e-02   1.132531e-02;
  -2.719229e-02   3.767044e-03  -2.558042e-02]
d=[ ...        
  -2.906928e-02   1.083580e-03  -2.067596e-02;
   1.083580e-03  -2.382679e-02   7.546178e-03;
  -2.067596e-02   7.546178e-03  -2.558042e-02]
     iteration=        1899999       process=              7       (i,j,k)=              1              1              1       (x,y,z)=   1.495252e-02   1.495253e-02   1.426367e-02     particles=             48
fabric=[ ...   
   3.504885e-01   6.949786e-02  -4.332729e-02;
   6.949786e-02   2.803649e-01  -2.972373e-03;
  -4.332729e-02  -2.972373e-03   1.926761e-01]
sigma=[ ...    
  -7.905310e-01  -9.508815e-03   7.723039e-02;
  -1.210270e-01  -1.354748e+00  -8.407110e-02;
   3.615907e-03  -2.164590e-02  -1.889572e-02]
sigmaDot=[ ... 
   8.302931e+03   2.802540e+04  -5.766730e+02;
   2.961068e+04   1.279585e+04  -3.718094e+03;
   3.412191e+03  -8.934353e+03  -1.356164e+03]
intgraE=[ ...  
   3.030383e-02  -3.102979e-02  -1.878243e-02;
  -3.102979e-02   1.869116e-01  -1.376990e-01;
  -1.878243e-02  -1.376990e-01  -5.460295e-02]
E=[ ...        
   1.928124e+00  -1.468733e+00   3.213900e+00;
  -1.468733e+00   1.260781e+00  -2.635289e+00;
   3.213900e+00  -2.635289e+00   4.656051e+00]
e=[ ...        
  -7.201679e-01   3.861816e-01   5.361304e-01;
   3.861816e-01  -9.869913e-02  -3.324345e-01;
   5.361304e-01  -3.324345e-01   1.730319e-01]
intgraF=[ ...  
   1.017335e+00   1.191324e-01  -9.926780e-02;
  -1.544845e-01   1.162873e+00  -1.584202e-01;
   4.210301e-02  -8.577234e-02   9.251179e-01]
F=[ ...        
   1.228459e+00  -3.338624e-01   6.533344e-01;
  -1.601262e-01   1.341675e+00  -9.234912e-01;
   1.822497e+00  -1.268860e+00   3.005399e+00]
R=[ ...        
   9.332311e-01  -1.850768e-01  -3.079388e-01;
   1.870489e-01   9.820724e-01  -2.337805e-02;
   3.067450e-01  -3.578249e-02   9.511189e-01]
U=[ ...        
   1.675526e+00  -4.498283e-01   1.358865e+00;
  -4.498283e-01   1.424815e+00  -1.135393e+00;
   1.358865e+00  -1.135393e+00   2.678894e+00]
l=[ ...        
   1.062002e-02   1.404925e-02   9.405023e-02;
  -6.765824e-02  -2.565708e-02  -4.191352e-02;
  -2.952013e-02  -7.980758e-02  -3.082474e-02]
d=[ ...        
   1.062002e-02  -2.680449e-02   3.226505e-02;
  -2.680449e-02  -2.565708e-02  -6.086055e-02;
   3.226505e-02  -6.086055e-02  -3.082474e-02]
