     iteration=        1299999       process=              0       (i,j,k)=              0              0              0       (x,y,z)=   5.032436e-03   5.032438e-03   4.802829e-03     particles=             73
fabric=[ ...   
   2.556138e-01  -3.684847e-02  -5.275393e-02;
  -3.684847e-02   2.694773e-01   3.468697e-02;
  -5.275393e-02   3.468697e-02   3.728681e-01]
sigma=[ ...    
  -1.577143e+00  -9.684012e-02  -1.980259e-01;
   1.164234e-01  -3.148488e+00   2.459645e-01;
   2.536501e-01   1.244369e+00  -2.199247e+00]
sigmaDot=[ ... 
  -7.888830e+04  -1.428507e+03  -3.095202e+05;
   1.895181e+05   3.946466e+04  -3.891841e+05;
   1.898848e+04  -2.818698e+05   3.793450e+04]
intgraE=[ ...  
   1.227620e-02  -1.048031e-02   4.294284e-03;
  -1.048031e-02   7.780843e-03  -1.054696e-02;
   4.294284e-03  -1.054696e-02   5.216450e-03]
E=[ ...        
   1.545835e-05  -1.856362e-03  -5.445770e-02;
  -1.856362e-03  -1.887854e-03  -2.597603e-02;
  -5.445770e-02  -2.597603e-02  -5.905245e-02]
e=[ ...        
  -1.917823e-03  -3.886315e-03  -5.967694e-02;
  -3.886315e-03  -3.497741e-03  -3.093475e-02;
  -5.967694e-02  -3.093475e-02  -8.144751e-02]
intgraF=[ ...  
   1.012125e+00  -2.847713e-02   1.826267e-02;
   7.610611e-03   1.007150e+00  -4.774122e-04;
  -9.842338e-03  -1.999233e-02   1.005037e+00]
F=[ ...        
   9.998544e-01  -1.056932e-02  -9.309732e-02;
   6.435660e-03   9.977179e-01  -2.879834e-02;
  -1.675152e-02  -2.591309e-02   9.340228e-01]
R=[ ...        
   9.991760e-01  -9.037831e-03  -3.956864e-02;
   8.987212e-03   9.999586e-01  -1.456957e-03;
   3.958017e-02   1.100145e-03   9.992158e-01]
U=[ ...        
   9.984253e-01  -2.619551e-03  -5.631064e-02;
  -2.619551e-03   9.977436e-01  -2.692819e-02;
  -5.631064e-02  -2.692819e-02   9.370161e-01]
l=[ ...        
  -1.872713e-02   1.613034e-02  -1.510592e-02;
  -8.540178e-02  -6.887668e-02  -1.282018e-02;
  -1.174213e-02   1.080736e-01  -7.377376e-02]
d=[ ...        
  -1.872713e-02  -3.463572e-02  -1.342403e-02;
  -3.463572e-02  -6.887668e-02   4.762669e-02;
  -1.342403e-02   4.762669e-02  -7.377376e-02]
     iteration=        1299999       process=              1       (i,j,k)=              0              0              1       (x,y,z)=   5.032436e-03   5.032438e-03   1.427867e-02     particles=             56
fabric=[ ...   
   3.462758e-01  -6.279785e-02   3.528335e-02;
  -6.279785e-02   3.919927e-01   1.213020e-02;
   3.528335e-02   1.213020e-02   2.260172e-01]
sigma=[ ...    
  -2.680369e+00  -1.772837e-01  -5.446652e-01;
   3.323116e-01  -6.766054e-01   7.485876e-02;
  -1.060796e+00  -2.372692e-02  -1.271242e+00]
sigmaDot=[ ... 
  -1.100511e+04   2.452292e+04  -6.410318e+03;
   4.505142e+04   6.875371e+02   9.160805e+02;
  -2.389922e+04   1.278097e+04  -4.246956e+03]
intgraE=[ ...  
  -1.334728e-01  -4.608271e-03  -2.212334e-01;
  -4.608271e-03   4.673461e-02   5.374821e-04;
  -2.212334e-01   5.374821e-04   6.345481e-01]
E=[ ...        
  -7.083226e-02   4.342993e-02   7.270416e-02;
   4.342993e-02  -1.524136e-02  -5.547618e-02;
   7.270416e-02  -5.547618e-02  -3.156083e-02]
e=[ ...        
  -9.940488e-02   5.962415e-02   1.050053e-01;
   5.962415e-02  -2.334195e-02  -7.423578e-02;
   1.050053e-01  -7.423578e-02  -7.186960e-02]
intgraF=[ ...  
   8.560738e-01   7.953476e-04  -5.334956e-01;
  -1.005030e-02   1.043839e+00  -8.236822e-02;
   9.540647e-03   6.220443e-02   1.406305e+00]
F=[ ...        
   9.240743e-01   7.175131e-02   9.478744e-02;
   2.062728e-02   9.820115e-01  -1.245277e-01;
   6.321924e-02   4.746840e-03   9.551893e-01]
R=[ ...        
   9.995128e-01   2.525116e-02   1.834257e-02;
  -2.398502e-02   9.975152e-01  -6.624379e-02;
  -1.996973e-02   6.577158e-02   9.976349e-01]
U=[ ...        
   9.218669e-01   4.806800e-02   7.865319e-02;
   4.806800e-02   9.816953e-01  -5.900045e-02;
   7.865319e-02  -5.900045e-02   9.629179e-01]
l=[ ...        
  -2.249200e-01   4.637644e-01  -4.551515e-01;
  -2.719657e-02   6.947216e-02   2.739390e-01;
   1.491898e-01  -1.072289e-02   2.558430e-01]
d=[ ...        
  -2.249200e-01   2.182839e-01  -1.529808e-01;
   2.182839e-01   6.947216e-02   1.316080e-01;
  -1.529808e-01   1.316080e-01   2.558430e-01]
     iteration=        1299999       process=              2       (i,j,k)=              0              1              0       (x,y,z)=   5.032436e-03   1.496753e-02   4.802829e-03     particles=             75
fabric=[ ...   
   3.047782e-01   2.222962e-05   1.129842e-02;
   2.222962e-05   2.729482e-01   6.189116e-02;
   1.129842e-02   6.189116e-02   2.684274e-01]
sigma=[ ...    
  -1.459277e+00  -4.848639e-01   2.703712e-01;
  -3.405845e-01  -9.676222e-01   1.074393e-02;
   3.291867e-01   1.358999e-01  -7.718996e-01]
sigmaDot=[ ... 
  -2.810773e+04  -3.374755e+03  -1.238299e+05;
   4.035055e+05   2.096634e+05   3.576010e+04;
  -1.191651e+04  -3.022175e+05   2.831535e+04]
intgraE=[ ...  
   8.206747e-03   1.225017e-02   5.943634e-04;
   1.225017e-02  -1.822107e-02   1.551628e-03;
   5.943634e-04   1.551628e-03  -8.839187e-03]
E=[ ...        
   7.480203e-03   1.768234e-02   2.691909e-04;
   1.768234e-02  -5.716212e-03   4.543337e-03;
   2.691909e-04   4.543337e-03  -1.073458e-02]
e=[ ...        
   6.982149e-03   1.752243e-02   3.279986e-04;
   1.752243e-02  -6.722380e-03   4.829859e-03;
   3.279986e-04   4.829859e-03  -1.097506e-02]
intgraF=[ ...  
   1.008024e+00   1.494586e-02  -1.308034e-02;
   9.426527e-03   9.814157e-01  -9.316465e-03;
   1.459331e-02   1.255518e-02   9.909913e-01]
F=[ ...        
   1.007366e+00   2.412701e-02  -6.588949e-03;
   1.106585e-02   9.939387e-01   8.951448e-04;
   7.244305e-03   8.447285e-03   9.891848e-01]
R=[ ...        
   9.999547e-01   6.528558e-03  -6.922760e-03;
  -6.554443e-03   9.999716e-01  -3.723005e-03;
   6.898257e-03   3.768211e-03   9.999691e-01]
U=[ ...        
   1.007297e+00   1.766948e-02   2.291334e-04;
   1.766948e-02   9.940998e-01   4.579560e-03;
   2.291334e-04   4.579560e-03   9.891965e-01]
l=[ ...        
   3.354975e-02   5.614929e-02  -1.255614e-02;
   1.595524e-02  -5.073576e-03   2.104993e-02;
  -2.330848e-02   5.460478e-03  -1.121642e-02]
d=[ ...        
   3.354975e-02   3.605227e-02  -1.793231e-02;
   3.605227e-02  -5.073576e-03   1.325520e-02;
  -1.793231e-02   1.325520e-02  -1.121642e-02]
     iteration=        1299999       process=              3       (i,j,k)=              0              1              1       (x,y,z)=   5.032436e-03   1.496753e-02   1.427867e-02     particles=             46
fabric=[ ...   
   3.416830e-01   5.324722e-02   8.194418e-03;
   5.324722e-02   2.301368e-01   6.435420e-05;
   8.194418e-03   6.435420e-05   3.805611e-01]
sigma=[ ...    
  -3.183142e+00  -1.256768e+00  -5.378261e-01;
  -1.597956e+00  -3.891641e+00  -8.623974e-01;
   1.029025e-02   8.183022e-01   1.117216e-01]
sigmaDot=[ ... 
  -2.215938e+03   1.064113e+04   3.487224e+05;
  -1.710204e+05  -2.951085e+04   5.395476e+02;
  -4.934830e+04  -3.572812e+05  -7.028691e+04]
intgraE=[ ...  
  -4.048292e-02   5.205193e-02  -8.187628e-02;
   5.205193e-02   9.000006e-03  -2.079147e-02;
  -8.187628e-02  -2.079147e-02   1.936474e-01]
E=[ ...        
  -5.063580e-02   6.232203e-02   1.518685e-02;
   6.232203e-02  -4.123094e-03  -7.535585e-02;
   1.518685e-02  -7.535585e-02   1.056457e-01]
e=[ ...        
  -6.256228e-02   8.700668e-02  -5.134901e-03;
   8.700668e-02  -3.310573e-02  -5.261822e-02;
  -5.134901e-03  -5.261822e-02   8.266649e-02]
intgraF=[ ...  
   9.576090e-01   6.585646e-02  -1.465799e-01;
   4.110949e-02   1.006631e+00  -5.364296e-02;
  -1.814311e-02   1.890361e-02   1.167447e+00]
F=[ ...        
   9.314456e-01   1.259186e-01  -1.706461e-01;
   1.942550e-02   9.855866e-01  -5.707062e-02;
   1.753856e-01  -6.721092e-02   1.085778e+00]
R=[ ...        
   9.845960e-01   5.019232e-02  -1.674856e-01;
  -4.838055e-02   9.987181e-01   1.488294e-02;
   1.680179e-01  -6.550636e-03   9.857622e-01]
U=[ ...        
   9.456257e-01   6.500313e-02   1.717386e-02;
   6.500313e-02   9.910836e-01  -7.267512e-02;
   1.717386e-02  -7.267512e-02   1.098050e+00]
l=[ ...        
  -4.214928e-02   6.698356e-02   3.276570e-02;
   1.174572e-01   8.685523e-02  -2.743225e-02;
   2.296516e-02   4.356002e-02  -4.070964e-02]
d=[ ...        
  -4.214928e-02   9.222037e-02   2.786543e-02;
   9.222037e-02   8.685523e-02   8.063887e-03;
   2.786543e-02   8.063887e-03  -4.070964e-02]
     iteration=        1299999       process=              4       (i,j,k)=              1              0              0       (x,y,z)=   1.496752e-02   5.032438e-03   4.802829e-03     particles=             66
fabric=[ ...   
   3.499324e-01   2.574722e-02   4.785753e-02;
   2.574722e-02   2.379757e-01   1.657562e-02;
   4.785753e-02   1.657562e-02   3.776091e-01]
sigma=[ ...    
  -9.909384e+00  -5.082871e+00  -5.165682e+00;
  -4.199044e+00  -6.158200e+00  -2.155544e+00;
  -4.296076e+00  -1.700908e+00  -6.473047e+00]
sigmaDot=[ ... 
   1.662511e+04  -2.824015e+04  -2.817301e+04;
  -8.751351e+04  -2.989388e+04   3.619149e+04;
  -6.654061e+04   3.420881e+04  -1.459382e+04]
intgraE=[ ...  
  -2.205037e-03   1.976273e-02  -4.563186e-03;
   1.976273e-02   2.861759e-02   6.606384e-03;
  -4.563186e-03   6.606384e-03   5.420241e-02]
E=[ ...        
   1.202968e-02   8.942631e-03   1.085662e-02;
   8.942631e-03   6.699679e-02   4.039919e-02;
   1.085662e-02   4.039919e-02  -6.888714e-02]
e=[ ...        
   1.028998e-02   4.213230e-03   1.339683e-02;
   4.213230e-03   5.582145e-02   4.281337e-02;
   1.339683e-02   4.281337e-02  -8.278255e-02]
intgraF=[ ...  
   9.969052e-01  -1.947569e-03   2.971679e-03;
   4.057545e-02   1.027983e+00  -9.616879e-03;
  -1.111236e-02   2.194664e-02   1.052760e+00]
F=[ ...        
   1.010392e+00  -2.331955e-02  -1.864553e-02;
   3.710625e-02   1.063607e+00   3.473691e-02;
   4.232248e-02   4.679966e-02   9.277238e-01]
R=[ ...        
   9.991179e-01  -2.863274e-02  -3.071922e-02;
   2.844427e-02   9.995739e-01  -6.554883e-03;
   3.089382e-02   5.675314e-03   9.995066e-01]
U=[ ...        
   1.011863e+00   8.400357e-03   1.101992e-02;
   8.400357e-03   1.064087e+00   4.052111e-02;
   1.101992e-02   4.052111e-02   9.276111e-01]
l=[ ...        
  -2.245525e-02  -7.702691e-02  -5.446779e-03;
   2.285708e-01   1.108826e-01   1.491189e-01;
   6.460695e-02   3.650353e-02   1.142583e-02]
d=[ ...        
  -2.245525e-02   7.577193e-02   2.958009e-02;
   7.577193e-02   1.108826e-01   9.281119e-02;
   2.958009e-02   9.281119e-02   1.142583e-02]
     iteration=        1299999       process=              5       (i,j,k)=              1              0              1       (x,y,z)=   1.496752e-02   5.032438e-03   1.427867e-02     particles=             41
fabric=[ ...   
   3.388952e-01   4.026062e-02   8.301920e-02;
   4.026062e-02   2.122115e-01  -7.299214e-03;
   8.301920e-02  -7.299214e-03   3.900698e-01]
sigma=[ ...    
  -2.027033e+00  -9.027888e-01   1.643481e-02;
  -1.286652e+00  -1.607303e+00  -6.162106e-02;
  -1.718213e-02   8.343116e-03  -2.784245e-02]
sigmaDot=[ ... 
  -1.919662e+04  -3.789256e+04   5.184050e+02;
  -4.344474e+04  -5.877517e+03   2.949433e+03;
  -9.149052e+02   1.810021e+04  -4.524793e+02]
intgraE=[ ...  
   7.257687e-02   7.845440e-02  -9.584527e-02;
   7.845440e-02  -9.598646e-03  -5.169889e-02;
  -9.584527e-02  -5.169889e-02   2.152881e-02]
E=[ ...        
   1.701694e-01  -3.501337e-02   5.191053e-02;
  -3.501337e-02  -3.266611e-02   1.199941e-02;
   5.191053e-02   1.199941e-02  -2.482478e-01]
e=[ ...        
   1.253602e-01  -3.283099e-02   3.667699e-02;
  -3.283099e-02  -3.544906e-02   2.702915e-02;
   3.667699e-02   2.702915e-02  -5.198616e-01]
intgraF=[ ...  
   1.068084e+00   1.395438e-01  -1.168563e-01;
  -5.009560e-03   9.613293e-01   1.116638e-01;
  -6.576435e-02  -1.928112e-01   1.008431e+00]
F=[ ...        
   1.155417e+00  -2.701704e-03   1.057294e-01;
  -6.905628e-02   9.667599e-01   2.077653e-02;
  -2.410458e-02   5.986367e-03   7.013515e-01]
R=[ ...        
   9.970871e-01   3.056620e-02   6.987794e-02;
  -3.134047e-02   9.994586e-01   1.001065e-02;
  -6.953412e-02  -1.217150e-02   9.975053e-01]
U=[ ...        
   1.155892e+00  -3.340880e-02   5.600244e-02;
  -3.340880e-02   9.660811e-01   1.546054e-02;
   5.600244e-02   1.546054e-02   7.071980e-01]
l=[ ...        
  -1.340651e-01   1.429078e-01  -1.566798e-01;
  -1.262717e-01   1.240561e-01  -2.706985e-02;
  -3.961690e-02  -1.626341e-01  -1.138996e-01]
d=[ ...        
  -1.340651e-01   8.318014e-03  -9.814833e-02;
   8.318014e-03   1.240561e-01  -9.485198e-02;
  -9.814833e-02  -9.485198e-02  -1.138996e-01]
     iteration=        1299999       process=              6       (i,j,k)=              1              1              0       (x,y,z)=   1.496752e-02   1.496753e-02   4.802829e-03     particles=             59
fabric=[ ...   
   2.913620e-01  -1.465691e-03   1.527952e-02;
  -1.465691e-03   2.888074e-01   6.288212e-02;
   1.527952e-02   6.288212e-02   3.198306e-01]
sigma=[ ...    
  -1.948413e-01   5.097819e-03  -8.213161e-02;
   3.971185e-02  -1.154889e-01  -5.547456e-02;
  -6.229420e-02  -2.359203e-02  -3.276411e-01]
sigmaDot=[ ... 
   1.408755e+02   5.990229e+03  -2.399175e+04;
  -4.557170e+04   1.966799e+03  -1.020297e+04;
  -5.635810e+03  -1.556127e+04  -5.674323e+03]
intgraE=[ ...  
  -4.524308e-02   6.970744e-02  -3.182003e-02;
   6.970744e-02  -7.617171e-02  -5.111333e-03;
  -3.182003e-02  -5.111333e-03  -1.920242e-03]
E=[ ...        
   3.809367e-02   5.308627e-02  -1.606575e-01;
   5.308627e-02  -1.705481e-01  -9.276025e-02;
  -1.606575e-01  -9.276025e-02  -9.079270e-02]
e=[ ...        
  -3.549600e-02   1.598757e-02  -2.104062e-01;
   1.598757e-02  -3.129323e-01  -1.670798e-01;
  -2.104062e-01  -1.670798e-01  -2.198502e-01]
intgraF=[ ...  
   9.504623e-01   7.287081e-02  -4.843283e-02;
   7.453664e-02   9.138904e-01   8.458621e-02;
  -2.407236e-02  -8.456182e-02   9.933071e-01]
F=[ ...        
   1.019765e+00   7.147649e-02  -1.484967e-01;
   1.660854e-02   8.016958e-01  -1.017716e-01;
  -1.897121e-01  -1.052558e-01   8.865697e-01]
R=[ ...        
   9.992281e-01   3.160586e-02   2.333121e-02;
  -3.156591e-02   9.994995e-01  -2.078479e-03;
  -2.338523e-02   1.340403e-03   9.997256e-01]
U=[ ...        
   1.022890e+00   4.857649e-02  -1.659022e-01;
   4.857649e-02   8.034126e-01  -1.052256e-01;
  -1.659022e-01  -1.052256e-01   8.830734e-01]
l=[ ...        
   6.958314e-02  -1.359471e-01  -1.949542e-02;
  -1.000795e-01   4.354879e-02  -2.327446e-02;
  -6.667990e-02  -1.555408e-01  -4.012522e-02]
d=[ ...        
   6.958314e-02  -1.180133e-01  -4.308766e-02;
  -1.180133e-01   4.354879e-02  -8.940763e-02;
  -4.308766e-02  -8.940763e-02  -4.012522e-02]
     iteration=        1299999       process=              7       (i,j,k)=              1              1              1       (x,y,z)=   1.496752e-02   1.496753e-02   1.427867e-02     particles=             49
fabric=[ ...   
   2.353564e-01   7.014309e-02   7.548096e-02;
   7.014309e-02   4.056184e-01  -2.471787e-02;
   7.548096e-02  -2.471787e-02   2.923586e-01]
sigma=[ ...    
  -4.316224e-01   7.025733e-02  -3.543038e-02;
   1.234301e-01  -1.064380e+00   2.584521e-01;
  -2.415295e-01   2.253777e-01  -5.068885e-01]
sigmaDot=[ ... 
   5.111589e+02   2.077340e+04  -8.311704e+03;
   1.755919e+04   3.383706e+03   1.252764e+04;
  -3.996371e+03   1.406175e+04  -1.418246e+03]
intgraE=[ ...  
   2.945398e-02   1.072444e-04  -3.865519e-02;
   1.072444e-04   1.629022e-01  -1.004642e-01;
  -3.865519e-02  -1.004642e-01  -3.671701e-02]
E=[ ...        
   1.644929e+00   3.291716e+00  -3.074881e+00;
   3.291716e+00   6.633362e+00  -5.647761e+00;
  -3.074881e+00  -5.647761e+00   5.372440e+00]
e=[ ...        
  -8.069925e-02  -5.374784e-02  -1.107811e-01;
  -5.374784e-02   2.318657e-01  -1.211422e-01;
  -1.107811e-01  -1.211422e-01   4.103307e-01]
intgraF=[ ...  
   1.024647e+00   1.015951e-01  -1.160595e-01;
  -8.909170e-02   1.145591e+00  -1.189939e-01;
   3.270494e-02  -5.570905e-02   9.481227e-01]
F=[ ...        
   1.110207e+00   1.265180e-01  -3.959999e-01;
   7.285099e-01   2.280903e+00  -4.871450e-01;
  -1.589520e+00  -3.008022e+00   3.369088e+00]
R=[ ...        
   9.697004e-01  -2.328109e-01   7.402824e-02;
   1.791214e-01   8.836235e-01   4.325795e-01;
  -1.661223e-01  -4.062125e-01   8.985515e-01]
U=[ ...        
   1.471115e+00   1.030943e+00  -1.030940e+00;
   1.030943e+00   3.207901e+00  -1.706825e+00;
  -1.030940e+00  -1.706825e+00   2.787255e+00]
l=[ ...        
  -2.437250e-01   1.918373e-01  -1.705591e-02;
  -6.156281e-01   3.420045e-01   8.670070e-02;
   5.382162e-04  -5.974156e-02  -1.282973e-01]
d=[ ...        
  -2.437250e-01  -2.118954e-01  -8.258849e-03;
  -2.118954e-01   3.420045e-01   1.347957e-02;
  -8.258849e-03   1.347957e-02  -1.282973e-01]
