     iteration=        2899999       process=              0       (i,j,k)=              0              0              0       (x,y,z)=   5.072436e-03   5.072438e-03   4.842829e-03     particles=             72
fabric=[ ...   
   3.493811e-01  -3.521439e-02  -1.871342e-02;
  -3.521439e-02   3.183343e-01   3.730333e-03;
  -1.871342e-02   3.730333e-03   3.235889e-01]
sigma=[ ...    
  -2.866936e+01   3.398221e+00   9.021838e+00;
   4.357148e+00  -2.893073e+01   3.030779e+00;
   8.380748e+00   3.084443e+00  -2.610930e+01]
sigmaDot=[ ... 
   2.577463e+03   7.572492e+04   5.691263e+05;
   3.165777e+05   1.463811e+03   1.119046e+05;
   4.321934e+04  -7.186621e+05  -7.105347e+04]
intgraE=[ ...  
   1.479911e-02  -1.288587e-02   1.531706e-02;
  -1.288587e-02  -3.752730e-03  -1.194311e-02;
   1.531706e-02  -1.194311e-02   2.040894e-02]
E=[ ...        
   3.366458e-02   2.579341e-03   1.560063e-03;
   2.579341e-03  -7.477947e-03  -8.915905e-03;
   1.560063e-03  -8.915905e-03   1.300251e-02]
e=[ ...        
   3.143459e-02   3.126749e-03   1.572679e-03;
   3.126749e-03  -7.956609e-03  -8.474528e-03;
   1.572679e-03  -8.474528e-03   1.279732e-02]
intgraF=[ ...  
   1.014675e+00  -2.720565e-02   2.473680e-02;
   1.973453e-03   9.955731e-01   1.535789e-03;
   5.423339e-03  -2.425939e-02   1.019904e+00]
F=[ ...        
   1.032944e+00  -1.295186e-02   7.444904e-04;
   1.873979e-02   9.920958e-01   7.505264e-03;
   2.182329e-03  -2.494652e-02   1.012891e+00]
R=[ ...        
   9.998774e-01  -1.563125e-02  -9.186129e-04;
   1.564406e-02   9.997469e-01   1.616496e-02;
   6.657019e-04  -1.617735e-02   9.998689e-01]
U=[ ...        
   1.033112e+00   2.553534e-03   1.536095e-03;
   2.553534e-03   9.924507e-01  -8.894165e-03;
   1.536095e-03  -8.894165e-03   1.012879e+00]
l=[ ...        
   3.162185e-03  -1.090971e-02   6.828481e-03;
  -2.026331e-03  -1.452942e-03   8.064376e-03;
   2.464116e-02   2.293685e-02   1.084186e-02]
d=[ ...        
   3.162185e-03  -6.468021e-03   1.573482e-02;
  -6.468021e-03  -1.452942e-03   1.550061e-02;
   1.573482e-02   1.550061e-02   1.084186e-02]
     iteration=        2899999       process=              1       (i,j,k)=              0              0              1       (x,y,z)=   5.072436e-03   5.072438e-03   1.423867e-02     particles=             54
fabric=[ ...   
   3.366140e-01  -4.112687e-02  -6.554318e-03;
  -4.112687e-02   3.167671e-01   8.792100e-03;
  -6.554318e-03   8.792100e-03   3.287617e-01]
sigma=[ ...    
  -9.025488e+00   2.393162e-01  -1.192518e+00;
   8.509166e-01  -6.969412e+00   7.408502e-01;
  -8.310209e-01   5.218441e-01  -1.045674e+01]
sigmaDot=[ ... 
  -2.011335e+04   2.208872e+04  -3.805826e+04;
   1.061161e+04   6.657840e+03  -4.104981e+03;
  -5.059032e+04   4.557672e+02  -3.259498e+04]
intgraE=[ ...  
  -1.028158e-01   9.392535e-03  -2.471370e-01;
   9.392535e-03   6.728689e-02  -2.105127e-02;
  -2.471370e-01  -2.105127e-02   6.215013e-01]
E=[ ...        
  -1.449493e-01   6.826629e-02  -4.278840e-02;
   6.826629e-02  -1.322381e-01  -8.030167e-02;
  -4.278840e-02  -8.030167e-02   1.135970e-01]
e=[ ...        
  -1.992850e-01   1.361150e-01  -8.396948e-02;
   1.361150e-01  -2.426649e-01  -5.452126e-02;
  -8.396948e-02  -5.452126e-02   6.561130e-02]
intgraF=[ ...  
   8.898423e-01   4.205138e-02  -6.281035e-01;
  -1.922708e-02   1.063622e+00  -6.442800e-02;
   4.668440e-02   3.890621e-02   1.358064e+00]
F=[ ...        
   8.385943e-01   1.436232e-01  -2.021479e-01;
   2.725859e-02   8.409899e-01  -4.339208e-02;
   7.821763e-02  -8.736183e-02   1.088323e+00]
R=[ ...        
   9.878184e-01   6.377843e-02  -1.419406e-01;
  -5.992582e-02   9.977133e-01   3.125786e-02;
   1.436096e-01  -2.237118e-02   9.893815e-01]
U=[ ...        
   8.379781e-01   7.893066e-02  -4.079144e-02;
   7.893066e-02   8.501812e-01  -8.053261e-02;
  -4.079144e-02  -8.053261e-02   1.104104e+00]
l=[ ...        
   6.892162e-03  -2.707717e-03  -6.795654e-02;
   2.046789e-02   4.602440e-02  -8.443189e-03;
  -6.480508e-04   1.027306e-02  -2.803050e-02]
d=[ ...        
   6.892162e-03   8.880089e-03  -3.430229e-02;
   8.880089e-03   4.602440e-02   9.149377e-04;
  -3.430229e-02   9.149377e-04  -2.803050e-02]
     iteration=        2899999       process=              2       (i,j,k)=              0              1              0       (x,y,z)=   5.072436e-03   1.492753e-02   4.842829e-03     particles=             72
fabric=[ ...   
   3.407164e-01   2.129528e-02  -1.445106e-02;
   2.129528e-02   3.303619e-01   2.507986e-02;
  -1.445106e-02   2.507986e-02   3.196624e-01]
sigma=[ ...    
  -1.790477e+01  -4.251584e+00   2.529258e+00;
  -4.223520e+00  -2.420274e+01  -3.912631e+00;
   8.030004e-01  -3.776962e+00  -2.035061e+01]
sigmaDot=[ ... 
  -4.324031e+04  -8.140315e+04   1.188748e+05;
  -5.312021e+05  -6.596717e+04   2.140442e+04;
   7.884687e+04  -1.122595e+05   6.662520e+03]
intgraE=[ ...  
   1.515016e-02   1.613076e-02   5.491085e-03;
   1.613076e-02  -3.321476e-02  -8.311595e-04;
   5.491085e-03  -8.311595e-04  -5.158073e-03]
E=[ ...        
   2.291478e-02   2.249574e-02   1.592486e-02;
   2.249574e-02  -8.594066e-03   8.371434e-03;
   1.592486e-02   8.371434e-03  -3.451140e-03]
e=[ ...        
   1.958010e-02   2.194878e-02   1.524739e-02;
   2.194878e-02  -9.337777e-03   8.350045e-03;
   1.524739e-02   8.350045e-03  -3.683970e-03]
intgraF=[ ...  
   1.014785e+00   2.336975e-02  -9.590652e-03;
   8.701659e-03   9.659082e-01  -8.449520e-03;
   2.089793e-02   6.758780e-03   9.947464e-01]
F=[ ...        
   1.021649e+00   9.153973e-03   3.505678e-03;
   3.564657e-02   9.912676e-01   6.000757e-03;
   2.815224e-02   1.080002e-02   9.965187e-01]
R=[ ...        
   9.998403e-01  -1.314171e-02  -1.211365e-02;
   1.311282e-02   9.999110e-01  -2.461450e-03;
   1.214492e-02   2.302213e-03   9.999236e-01]
U=[ ...        
   1.022295e+00   2.228199e-02   1.568645e-02;
   2.228199e-02   9.910839e-01   8.248351e-03;
   1.568645e-02   8.248351e-03   9.963853e-01]
l=[ ...        
   1.571033e-02   1.919178e-02   1.337394e-03;
   8.766812e-03  -3.575448e-02  -1.793830e-03;
  -7.026291e-03  -6.191928e-04  -5.965229e-04]
d=[ ...        
   1.571033e-02   1.397930e-02  -2.844448e-03;
   1.397930e-02  -3.575448e-02  -1.206512e-03;
  -2.844448e-03  -1.206512e-03  -5.965229e-04]
     iteration=        2899999       process=              3       (i,j,k)=              0              1              1       (x,y,z)=   5.072436e-03   1.492753e-02   1.423867e-02     particles=             47
fabric=[ ...   
   3.296157e-01   6.671324e-02  -2.800523e-02;
   6.671324e-02   3.020600e-01   3.280113e-02;
  -2.800523e-02   3.280113e-02   3.683243e-01]
sigma=[ ...    
  -1.245407e+01  -6.681403e+00  -2.081149e+00;
  -7.371072e+00  -1.297860e+01  -2.736829e+00;
  -6.197198e-01  -8.118430e-01  -8.042514e+00]
sigmaDot=[ ... 
  -1.591892e+05  -6.299454e+05  -3.234875e+06;
   6.241444e+05   4.381885e+04   2.531303e+04;
   3.416666e+05   3.209823e+06   5.817937e+05]
intgraE=[ ...  
  -2.896385e-02   6.646346e-02  -7.290821e-02;
   6.646346e-02  -7.645020e-03  -2.406030e-02;
  -7.290821e-02  -2.406030e-02   1.706771e-01]
E=[ ...        
   5.791637e-02   7.620110e-02   1.946805e-02;
   7.620110e-02  -6.676247e-02  -4.868204e-02;
   1.946805e-02  -4.868204e-02   1.028745e-01]
e=[ ...        
   4.082085e-02   8.441434e-02   1.440075e-02;
   8.441434e-02  -1.036153e-01  -3.988174e-02;
   1.440075e-02  -3.988174e-02   8.562797e-02]
intgraF=[ ...  
   9.684191e-01   7.313867e-02  -1.274769e-01;
   6.256697e-02   9.895738e-01  -2.732197e-02;
  -1.794903e-02  -1.021890e-02   1.150807e+00]
F=[ ...        
   1.046457e+00   1.109214e-01  -1.035882e-01;
   4.668903e-02   9.228823e-01  -3.433018e-02;
   1.363129e-01  -4.959706e-02   1.092630e+00]
R=[ ...        
   9.933352e-01   3.080105e-02  -1.110694e-01;
  -2.945032e-02   9.994712e-01   1.378168e-02;
   1.114351e-01  -1.041880e-02   9.937171e-01]
U=[ ...        
   1.053297e+00   7.747609e-02   1.987058e-02;
   7.747609e-02   9.263275e-01  -4.888654e-02;
   1.987058e-02  -4.888654e-02   1.096797e+00]
l=[ ...        
  -1.174869e-02   5.426350e-03   4.951095e-03;
  -1.295093e-02  -1.935057e-02   1.893642e-02;
   8.041579e-04  -1.497510e-02   9.632016e-03]
d=[ ...        
  -1.174869e-02  -3.762289e-03   2.877626e-03;
  -3.762289e-03  -1.935057e-02   1.980659e-03;
   2.877626e-03   1.980659e-03   9.632016e-03]
     iteration=        2899999       process=              4       (i,j,k)=              1              0              0       (x,y,z)=   1.492752e-02   5.072438e-03   4.842829e-03     particles=             64
fabric=[ ...   
   4.054403e-01  -4.229407e-03   1.734385e-02;
  -4.229407e-03   3.198255e-01   2.612828e-02;
   1.734385e-02   2.612828e-02   2.372342e-01]
sigma=[ ...    
  -4.207968e+01  -6.274227e+00  -1.208353e+01;
  -3.449294e+00  -2.643065e+01   2.959999e+00;
  -7.674744e+00   1.268108e+00  -2.154694e+01]
sigmaDot=[ ... 
   2.066408e+04   9.673766e+04  -8.008954e+04;
   1.159906e+06   8.755480e+04   6.997652e+04;
  -3.681524e+05  -1.309656e+06   1.361115e+05]
intgraE=[ ...  
  -9.164122e-03   3.306070e-02  -9.126093e-03;
   3.306070e-02   3.413149e-02   6.927193e-03;
  -9.126093e-03   6.927193e-03   6.024097e-02]
E=[ ...        
  -4.874089e-02   3.811564e-03  -2.939381e-02;
   3.811564e-03   5.427827e-02  -8.339959e-05;
  -2.939381e-02  -8.339959e-05  -6.688272e-02]
e=[ ...        
  -5.699733e-02   1.921563e-05  -3.787130e-02;
   1.921563e-05   4.899723e-02  -3.212159e-03;
  -3.787130e-02  -3.212159e-03  -7.933472e-02]
intgraF=[ ...  
   9.892957e-01   1.384823e-02   2.073073e-03;
   5.131637e-02   1.032974e+00  -1.960347e-02;
  -1.823328e-02   3.219702e-02   1.058345e+00]
F=[ ...        
   9.487946e-01  -2.740119e-02  -2.676052e-02;
   3.131052e-02   1.052362e+00   1.543432e-02;
  -3.642280e-02  -1.842881e-02   9.302044e-01]
R=[ ...        
   9.995490e-01  -2.963895e-02   4.837686e-03;
   2.954953e-02   9.994081e-01   1.761202e-02;
  -5.356825e-03  -1.746112e-02   9.998332e-01]
U=[ ...        
   9.494870e-01   3.806695e-03  -3.127531e-02;
   3.806695e-03   1.052873e+00  -2.407566e-05;
  -3.127531e-02  -2.407566e-05   9.301916e-01]
l=[ ...        
   4.870549e-03   1.938216e-03  -2.805865e-04;
   4.995618e-02   4.015323e-03  -4.250028e-02;
   1.210772e-02   6.181901e-02  -7.273229e-02]
d=[ ...        
   4.870549e-03   2.594720e-02   5.913569e-03;
   2.594720e-02   4.015323e-03   9.659364e-03;
   5.913569e-03   9.659364e-03  -7.273229e-02]
     iteration=        2899999       process=              5       (i,j,k)=              1              0              1       (x,y,z)=   1.492752e-02   5.072438e-03   1.423867e-02     particles=             46
fabric=[ ...   
   3.515130e-01  -1.866185e-02   1.437837e-02;
  -1.866185e-02   2.844881e-01  -1.611979e-02;
   1.437837e-02  -1.611979e-02   3.639989e-01]
sigma=[ ...    
  -2.798798e+00  -9.121006e-01  -1.634320e-01;
  -1.512588e+00  -2.241438e+00   1.156279e-01;
  -4.714802e-01   1.350558e-01  -1.268639e+00]
sigmaDot=[ ... 
  -1.018156e+04  -5.348211e+04   6.188294e+04;
  -1.066548e+05  -1.968264e+03  -5.335670e+03;
   1.920800e+03   4.045649e+04   6.225112e+02]
intgraE=[ ...  
   6.552440e-02   5.702774e-02  -1.103032e-01;
   5.702774e-02   1.535056e-02  -6.271856e-02;
  -1.103032e-01  -6.271856e-02  -3.440004e-03]
E=[ ...        
   1.230280e-01  -7.634447e-02  -7.352389e-02;
  -7.634447e-02  -1.277933e-01   8.863268e-02;
  -7.352389e-02   8.863268e-02  -6.777367e-02]
e=[ ...        
   7.151550e-02  -5.871490e-02  -7.553758e-02;
  -5.871490e-02  -2.536984e-01   1.199716e-01;
  -7.553758e-02   1.199716e-01  -6.881846e-02]
intgraF=[ ...  
   1.061718e+00   1.147310e-01  -1.521299e-01;
  -2.165182e-02   9.813075e-01   1.225950e-01;
  -5.774876e-02  -2.336096e-01   9.772139e-01]
F=[ ...        
   1.102182e+00  -4.816322e-02  -1.827016e-03;
  -7.688130e-02   8.318258e-01  -3.713307e-02;
  -1.591888e-01   2.239635e-01   9.290158e-01]
R=[ ...        
   9.972933e-01   2.239927e-02   7.003076e-02;
  -1.202791e-02   9.893364e-01  -1.451513e-01;
  -7.253526e-02   1.439161e-01   9.869280e-01]
U=[ ...        
   1.111670e+00  -7.428323e-02  -6.876185e-02;
  -7.428323e-02   8.541086e-01   9.692231e-02;
  -6.876185e-02   9.692231e-02   9.221337e-01]
l=[ ...        
  -4.089740e-02   2.206923e-02  -4.366491e-02;
  -4.370228e-02   1.834507e-02  -4.157510e-04;
   2.989057e-02   4.258245e-02  -2.449487e-02]
d=[ ...        
  -4.089740e-02  -1.081652e-02  -6.887173e-03;
  -1.081652e-02   1.834507e-02   2.108335e-02;
  -6.887173e-03   2.108335e-02  -2.449487e-02]
     iteration=        2899999       process=              6       (i,j,k)=              1              1              0       (x,y,z)=   1.492752e-02   1.492753e-02   4.842829e-03     particles=             61
fabric=[ ...   
   3.558196e-01   3.243631e-02  -1.071865e-02;
   3.243631e-02   3.357021e-01   2.137298e-02;
  -1.071865e-02   2.137298e-02   2.945894e-01]
sigma=[ ...    
  -8.837668e+00  -6.471844e-01   7.824806e-02;
  -4.322464e-01  -6.450817e+00  -9.374584e-01;
  -2.945199e-01  -1.180237e+00  -4.192715e+00]
sigmaDot=[ ... 
   5.428333e+03   3.784952e+04   5.871128e+04;
   1.937267e+05   2.473672e+04   1.455952e+05;
  -4.991536e+04  -2.437274e+05  -1.188918e+04]
intgraE=[ ...  
  -5.641236e-02   7.088686e-02  -3.637345e-02;
   7.088686e-02  -8.437677e-02  -5.029732e-03;
  -3.637345e-02  -5.029732e-03  -1.512337e-02]
E=[ ...        
   1.522638e-01   2.235954e-02  -1.436627e-01;
   2.235954e-02  -1.932989e-01  -3.948589e-02;
  -1.436627e-01  -3.948589e-02  -7.230865e-02]
e=[ ...        
   7.390458e-02  -4.146834e-03  -1.466283e-01;
  -4.146834e-03  -3.392927e-01  -4.900321e-02;
  -1.466283e-01  -4.900321e-02  -1.115248e-01]
intgraF=[ ...  
   9.371351e-01   6.822968e-02  -3.453213e-02;
   8.115929e-02   9.046307e-01   8.979364e-02;
  -4.864367e-02  -9.074377e-02   9.800499e-01]
F=[ ...        
   1.126387e+00   1.177001e-02  -1.015726e-01;
   7.675353e-03   7.713635e-01   5.987818e-02;
  -1.890010e-01  -1.351369e-01   9.173224e-01]
R=[ ...        
   9.991049e-01  -8.206162e-03   4.149759e-02;
   3.383142e-03   9.933615e-01   1.149843e-01;
  -4.216569e-02  -1.147410e-01   9.925002e-01]
U=[ ...        
   1.133374e+00   2.006725e-02  -1.399587e-01;
   2.006725e-02   7.816520e-01  -4.494028e-02;
  -1.399587e-01  -4.494028e-02   9.131126e-01]
l=[ ...        
  -4.179745e-02  -5.165766e-02   3.050136e-02;
   7.316673e-02  -6.186897e-03  -1.152999e-02;
  -7.224465e-02   2.530112e-02  -3.991837e-02]
d=[ ...        
  -4.179745e-02   1.075454e-02  -2.087164e-02;
   1.075454e-02  -6.186897e-03   6.885566e-03;
  -2.087164e-02   6.885566e-03  -3.991837e-02]
     iteration=        2899999       process=              7       (i,j,k)=              1              1              1       (x,y,z)=   1.492752e-02   1.492753e-02   1.423867e-02     particles=             49
fabric=[ ...   
   3.940404e-01   3.061603e-02  -5.604804e-02;
   3.061603e-02   2.977019e-01  -5.119833e-02;
  -5.604804e-02  -5.119833e-02   3.082577e-01]
sigma=[ ...    
  -1.642459e+00  -3.184786e-01   2.364682e-01;
  -5.137320e-01  -1.838496e+00   4.363259e-02;
   8.868173e-02   6.398753e-02  -3.025260e-01]
sigmaDot=[ ... 
   1.421774e+04   2.681079e+04   3.842620e+03;
   3.203502e+04   1.744702e+04  -4.169749e+03;
   7.539305e+03  -1.983387e+04   1.233838e+03]
intgraE=[ ...  
   3.510904e-02  -5.121231e-02  -1.377242e-02;
  -5.121231e-02   1.565047e-01  -1.209069e-01;
  -1.377242e-02  -1.209069e-01  -5.607696e-02]
E=[ ...        
   5.324622e-01  -1.639210e-02   1.039254e+00;
  -1.639210e-02   2.367501e-01  -1.681423e+00;
   1.039254e+00  -1.681423e+00   4.330586e+00]
e=[ ...        
  -5.225329e+01   1.321703e+01   3.919856e+01;
   1.321703e+01  -3.043670e+00  -9.972939e+00;
   3.919856e+01  -9.972939e+00  -2.880699e+01]
intgraF=[ ...  
   1.017798e+00   1.053669e-01  -8.482114e-02;
  -1.813145e-01   1.137371e+00  -1.303381e-01;
   3.782676e-02  -9.106890e-02   9.293349e-01]
F=[ ...        
   8.508733e-01  -1.011095e-01   1.217957e+00;
   6.146255e-01   1.048871e+00  -1.822779e+00;
   9.814146e-01  -6.026158e-01   2.203459e+00]
R=[ ...        
   2.255225e-01   7.402537e-01   6.333752e-01;
   6.825515e-01   3.438445e-01  -6.448988e-01;
   6.951713e-01  -5.777503e-01   4.277165e-01]
U=[ ...        
   1.293656e+00   2.741851e-01   5.623181e-01;
   2.741851e-01   6.339635e-01  -9.982050e-01;
   5.623181e-01  -9.982050e-01   2.889387e+00]
l=[ ...        
  -4.452350e-02  -1.192540e-02   1.854216e-02;
  -4.157354e-02  -5.185277e-02   3.971462e-02;
   3.266620e-02   2.517221e-02  -4.436952e-02]
d=[ ...        
  -4.452350e-02  -2.674947e-02   2.560418e-02;
  -2.674947e-02  -5.185277e-02   3.244341e-02;
   2.560418e-02   3.244341e-02  -4.436952e-02]
