     iteration=        1199999       process=              0       (i,j,k)=              0              0              0       (x,y,z)=   5.029936e-03   5.029938e-03   4.800329e-03     particles=             74
fabric=[ ...   
   2.982468e-01   4.495744e-04  -2.915063e-02;
   4.495744e-04   3.392867e-01  -7.419051e-03;
  -2.915063e-02  -7.419051e-03   3.036430e-01]
sigma=[ ...    
  -1.473331e+00  -1.157419e-01   1.610620e-01;
   1.041520e-01  -3.129530e+00   2.909484e-01;
   1.248799e-01   9.087840e-01  -2.048350e+00]
sigmaDot=[ ... 
   9.745381e+04   1.809609e+04  -1.965387e+05;
   3.664653e+04  -1.053589e+04   4.089366e+04;
   2.962479e+04   1.136026e+04  -1.098591e+03]
intgraE=[ ...  
   1.325775e-02  -8.692887e-03   4.932591e-03;
  -8.692887e-03   1.130040e-02  -1.304650e-02;
   4.932591e-03  -1.304650e-02   8.987510e-03]
E=[ ...        
  -8.010265e-03   3.213748e-04  -8.752986e-02;
   3.213748e-04   5.155730e-03  -2.735340e-02;
  -8.752986e-02  -2.735340e-02  -1.487931e-01]
e=[ ...        
  -1.593290e-02  -3.947839e-03  -1.180100e-01;
  -3.947839e-03   3.244127e-03  -4.091983e-02;
  -1.180100e-01  -4.091983e-02  -2.643502e-01]
intgraF=[ ...  
   1.013057e+00  -2.933889e-02   1.904222e-02;
   1.197169e-02   1.010488e+00   2.513949e-04;
  -9.346734e-03  -2.556421e-02   1.008768e+00]
F=[ ...        
   9.912903e-01  -1.256025e-02  -1.476608e-01;
   1.219584e-02   1.004765e+00  -3.619419e-02;
  -3.426800e-02  -2.450241e-02   8.241966e-01]
R=[ ...        
   9.979563e-01  -1.324664e-02  -6.251126e-02;
   1.288746e-02   9.998981e-01  -6.145538e-03;
   6.258630e-02   5.327367e-03   9.980253e-01]
U=[ ...        
   9.872769e-01  -1.119225e-03  -9.624209e-02;
  -1.119225e-03   1.004699e+00  -2.984369e-02;
  -9.624209e-02  -2.984369e-02   8.320220e-01]
l=[ ...        
   1.993132e-02   2.195957e-03   2.410821e-02;
  -6.493461e-02   1.069700e-02  -9.460496e-02;
   1.211756e-02   1.869120e-01  -2.054061e-02]
d=[ ...        
   1.993132e-02  -3.136933e-02   1.811288e-02;
  -3.136933e-02   1.069700e-02   4.615350e-02;
   1.811288e-02   4.615350e-02  -2.054061e-02]
     iteration=        1199999       process=              1       (i,j,k)=              0              0              1       (x,y,z)=   5.029936e-03   5.029938e-03   1.428117e-02     particles=             56
fabric=[ ...   
   4.306789e-01  -4.142623e-02   2.616660e-02;
  -4.142623e-02   2.969702e-01  -2.860019e-02;
   2.616660e-02  -2.860019e-02   2.182969e-01]
sigma=[ ...    
  -2.668265e+00  -2.392518e-01   5.166512e-01;
   7.677495e-01  -6.821141e-01   1.733293e-01;
  -2.379361e-01   2.317396e-01  -1.131542e+00]
sigmaDot=[ ... 
  -7.398413e+03  -5.560130e+04   4.793554e+05;
   4.595412e+05  -1.848626e+03   1.725266e+04;
   1.680348e+06   4.079853e+05   1.674894e+05]
intgraE=[ ...  
  -1.249009e-01  -1.410981e-02  -2.161794e-01;
  -1.410981e-02   4.229667e-02  -4.045224e-03;
  -2.161794e-01  -4.045224e-03   6.018817e-01]
E=[ ...        
  -6.604410e-02   5.092811e-02   8.310396e-02;
   5.092811e-02  -1.504606e-02  -5.830748e-02;
   8.310396e-02  -5.830748e-02  -8.532847e-02]
e=[ ...        
  -9.710089e-02   7.291724e-02   1.328723e-01;
   7.291724e-02  -3.100149e-02  -9.256715e-02;
   1.328723e-01  -9.256715e-02  -1.604789e-01]
intgraF=[ ...  
   8.660890e-01  -2.214028e-02  -5.051331e-01;
  -8.883298e-03   1.039347e+00  -1.017706e-01;
   3.036458e-03   6.213203e-02   1.392209e+00]
F=[ ...        
   9.292377e-01   8.043613e-02   1.245208e-01;
   2.916033e-02   9.812280e-01  -1.061462e-01;
   5.982358e-02  -2.509014e-02   8.958630e-01]
R=[ ...        
   9.989538e-01   2.681680e-02   3.704140e-02;
  -2.520147e-02   9.987395e-01  -4.340775e-02;
  -3.815876e-02   4.242885e-02   9.983705e-01]
U=[ ...        
   9.252479e-01   5.658100e-02   9.288058e-02;
   5.658100e-02   9.810837e-01  -6.466269e-02;
   9.288058e-02  -6.466269e-02   9.036233e-01]
l=[ ...        
  -2.893863e-01   3.400706e-01  -1.217681e+00;
  -1.358033e-01   9.494510e-04   2.827520e-02;
   1.404416e-01   1.305927e-01  -2.481237e-01]
d=[ ...        
  -2.893863e-01   1.021336e-01  -5.386199e-01;
   1.021336e-01   9.494510e-04   7.943393e-02;
  -5.386199e-01   7.943393e-02  -2.481237e-01]
     iteration=        1199999       process=              2       (i,j,k)=              0              1              0       (x,y,z)=   5.029936e-03   1.497003e-02   4.800329e-03     particles=             74
fabric=[ ...   
   3.037147e-01   4.863667e-02   1.404377e-02;
   4.863667e-02   2.638586e-01   9.660171e-03;
   1.404377e-02   9.660171e-03   3.689347e-01]
sigma=[ ...    
  -4.778713e+00  -1.262022e+00   1.121904e+00;
  -9.138511e-01  -2.128870e+00  -1.091946e+00;
   5.470508e-01  -5.627148e-01  -6.999654e+00]
sigmaDot=[ ... 
  -1.309842e+04  -1.414170e+04  -6.676969e+04;
  -3.032248e+05  -4.163739e+04   4.330840e+03;
   2.016241e+05   1.478216e+06  -1.313672e+05]
intgraE=[ ...  
   6.502713e-03   1.044980e-02   1.531779e-03;
   1.044980e-02  -1.803951e-02   9.451336e-04;
   1.531779e-03   9.451336e-04  -8.297881e-03]
E=[ ...        
   4.648027e-03   1.321255e-02  -6.772995e-04;
   1.321255e-02   8.031008e-03   4.261744e-03;
  -6.772995e-04   4.261744e-03  -1.234840e-02]
e=[ ...        
   4.346375e-03   1.287654e-02  -6.517500e-04;
   1.287654e-02   7.454381e-03   4.438376e-03;
  -6.517500e-04   4.438376e-03  -1.270200e-02]
intgraF=[ ...  
   1.006321e+00   1.217724e-02  -1.240797e-02;
   8.609305e-03   9.816421e-01  -1.035278e-02;
   1.577260e-02   1.230827e-02   9.915357e-01]
F=[ ...        
   1.004561e+00   1.580586e-02  -7.956119e-03;
   1.042920e-02   1.007861e+00   3.312027e-03;
   6.686601e-03   5.378208e-03   9.875368e-01]
R=[ ...        
   9.999694e-01   2.684199e-03  -7.350859e-03;
  -2.691460e-03   9.999959e-01  -9.781048e-04;
   7.348203e-03   9.978594e-04   9.999725e-01]
U=[ ...        
   1.004551e+00   1.313228e-02  -7.081684e-04;
   1.313228e-02   1.007904e+00   4.276080e-03;
  -7.081684e-04   4.276080e-03   9.875649e-01]
l=[ ...        
   4.057074e-02   5.436039e-02  -2.823858e-02;
   2.131862e-02  -6.994035e-04   1.471948e-02;
   1.644441e-02   1.633177e-03  -2.483654e-02]
d=[ ...        
   4.057074e-02   3.783951e-02  -5.897083e-03;
   3.783951e-02  -6.994035e-04   8.176330e-03;
  -5.897083e-03   8.176330e-03  -2.483654e-02]
     iteration=        1199999       process=              3       (i,j,k)=              0              1              1       (x,y,z)=   5.029936e-03   1.497003e-02   1.428117e-02     particles=             46
fabric=[ ...   
   3.398142e-01   3.876359e-02  -1.044691e-02;
   3.876359e-02   3.585935e-01   2.917701e-03;
  -1.044691e-02   2.917701e-03   2.275183e-01]
sigma=[ ...    
  -3.329498e+00  -1.859724e+00  -4.080569e-02;
  -1.351385e+00  -4.033738e+00  -8.176001e-01;
  -1.430131e-01  -3.138990e-01  -1.561113e-01]
sigmaDot=[ ... 
  -9.100939e+03  -5.180338e+04  -3.696026e+04;
  -4.380121e+04  -1.236572e+04   8.571955e+03;
  -5.807627e+03   1.854224e+04  -4.592140e+03]
intgraE=[ ...  
  -3.882669e-02   4.755618e-02  -8.353950e-02;
   4.755618e-02   4.035618e-03  -2.041328e-02;
  -8.353950e-02  -2.041328e-02   1.969232e-01]
E=[ ...        
  -3.754281e-02   4.984868e-02   3.598941e-02;
   4.984868e-02  -1.049592e-02  -7.175498e-02;
   3.598941e-02  -7.175498e-02   1.064654e-01]
e=[ ...        
  -5.156796e-02   7.476132e-02   9.387068e-03;
   7.476132e-02  -3.743962e-02  -5.202562e-02;
   9.387068e-03  -5.202562e-02   8.952770e-02]
intgraF=[ ...  
   9.595447e-01   6.260541e-02  -1.486395e-01;
   3.529439e-02   1.001935e+00  -5.094385e-02;
  -1.936119e-02   1.668347e-02   1.170110e+00]
F=[ ...        
   9.375475e-01   1.243477e-01  -1.717235e-01;
  -8.273395e-04   9.787331e-01  -4.149166e-02;
   2.142857e-01  -7.501568e-02   1.087070e+00]
R=[ ...        
   9.808065e-01   6.072917e-02  -1.852851e-01;
  -5.659490e-02   9.980177e-01   2.752592e-02;
   1.865894e-01  -1.651141e-02   9.822992e-01]
U=[ ...        
   9.595830e-01   5.257263e-02   3.675633e-02;
   5.257263e-02   9.855831e-01  -6.978709e-02;
   3.675633e-02  -6.978709e-02   1.098503e+00]
l=[ ...        
  -1.045669e-01   9.459996e-02  -9.942438e-02;
   8.927509e-02   2.604179e-02  -7.363762e-02;
   5.182653e-02   1.819158e-01  -2.059995e-02]
d=[ ...        
  -1.045669e-01   9.193752e-02  -2.379892e-02;
   9.193752e-02   2.604179e-02   5.413907e-02;
  -2.379892e-02   5.413907e-02  -2.059995e-02]
     iteration=        1199999       process=              4       (i,j,k)=              1              0              0       (x,y,z)=   1.497002e-02   5.029938e-03   4.800329e-03     particles=             67
fabric=[ ...   
   2.748167e-01   9.211429e-03   3.308893e-02;
   9.211429e-03   2.106699e-01   2.218266e-02;
   3.308893e-02   2.218266e-02   4.430848e-01]
sigma=[ ...    
  -7.738936e+00  -4.291196e+00  -4.296593e+00;
  -3.949418e+00  -5.556928e+00  -9.977274e-01;
  -3.185185e+00  -7.953146e-01  -5.086811e+00]
sigmaDot=[ ... 
   1.556226e+04  -1.016926e+04  -4.062576e+04;
  -1.102072e+04  -1.733615e+04   4.203901e+04;
  -4.604172e+04   5.213086e+04  -1.098263e+04]
intgraE=[ ...  
  -1.336903e-03   1.573163e-02  -6.224921e-03;
   1.573163e-02   2.259246e-02   1.664580e-03;
  -6.224921e-03   1.664580e-03   5.369820e-02]
E=[ ...        
   1.513473e-02  -6.785377e-03   4.457353e-03;
  -6.785377e-03   5.861290e-02   4.848947e-02;
   4.457353e-03   4.848947e-02  -3.844354e-02]
e=[ ...        
   1.465700e-02  -8.417865e-03   5.331951e-03;
  -8.417865e-03   4.455885e-02   5.059816e-02;
   5.331951e-03   5.059816e-02  -4.308466e-02]
intgraF=[ ...  
   9.981341e-01   1.996767e-03   3.194795e-03;
   2.911406e-02   1.022144e+00  -1.740191e-02;
  -1.438160e-02   2.006314e-02   1.052180e+00]
F=[ ...        
   1.014496e+00  -3.274828e-02  -1.819403e-02;
   1.641454e-02   1.053157e+00   1.513389e-02;
   2.823964e-02   8.375334e-02   9.604962e-01]
R=[ ...        
   9.994632e-01  -2.367711e-02  -2.264456e-02;
   2.288883e-02   9.991440e-01  -3.445855e-02;
   2.344105e-02   3.392175e-02   9.991496e-01]
U=[ ...        
   1.014989e+00  -6.661907e-03   4.677179e-03;
  -6.661907e-03   1.055871e+00   4.813343e-02;
   4.677179e-03   4.813343e-02   9.595698e-01]
l=[ ...        
   3.108007e-02  -2.312647e-04   1.935381e-01;
   1.548728e-01  -1.425122e-01   1.755124e-01;
   6.276218e-02   1.085113e-01  -8.945085e-02]
d=[ ...        
   3.108007e-02   7.732075e-02   1.281501e-01;
   7.732075e-02  -1.425122e-01   1.420118e-01;
   1.281501e-01   1.420118e-01  -8.945085e-02]
     iteration=        1199999       process=              5       (i,j,k)=              1              0              1       (x,y,z)=   1.497002e-02   5.029938e-03   1.428117e-02     particles=             40
fabric=[ ...   
   3.542589e-01   1.092271e-01   6.945210e-02;
   1.092271e-01   2.223049e-01   4.195489e-03;
   6.945210e-02   4.195489e-03   3.234362e-01]
sigma=[ ...    
  -2.105911e+00  -8.314645e-01   6.670873e-02;
  -9.757842e-01  -1.621933e+00  -1.688987e-01;
  -8.180823e-03  -1.705538e-01   2.966097e-02]
sigmaDot=[ ... 
  -1.837431e+04  -3.751182e+04   6.723308e+03;
  -1.267998e+05  -5.145840e+03   1.589117e+04;
  -4.949802e+03   1.079825e+05  -6.875223e+03]
intgraE=[ ...  
   7.961956e-02   7.775997e-02  -9.172709e-02;
   7.775997e-02  -1.705089e-02  -4.823210e-02;
  -9.172709e-02  -4.823210e-02   2.734262e-02]
E=[ ...        
   1.296663e-01  -4.007798e-02   2.468794e-02;
  -4.007798e-02   4.536492e-02   3.400541e-02;
   2.468794e-02   3.400541e-02  -1.684947e-01]
e=[ ...        
   1.015229e-01  -2.737781e-02  -4.310469e-03;
  -2.737781e-02   4.114169e-02   4.019700e-02;
  -4.310469e-03   4.019700e-02  -2.685524e-01]
intgraF=[ ...  
   1.074775e+00   1.321429e-01  -1.104437e-01;
   1.679108e-03   9.559823e-01   1.116476e-01;
  -6.398613e-02  -1.858340e-01   1.014900e+00]
F=[ ...        
   1.116622e+00  -1.313357e-02   1.145043e-01;
  -6.299455e-02   1.044293e+00   6.901647e-02;
  -9.229855e-02  -3.185643e-03   8.032036e-01]
R=[ ...        
   9.939777e-01   1.928666e-02   1.078718e-01;
  -2.372177e-02   9.989187e-01   3.998361e-02;
  -1.069840e-01  -4.230172e-02   9.933604e-01]
U=[ ...        
   1.121266e+00  -3.748613e-02   2.624759e-02;
  -3.748613e-02   1.043045e+00   3.717335e-02;
   2.624759e-02   3.717335e-02   8.129820e-01]
l=[ ...        
  -1.806290e-01   2.831988e-01  -5.860720e-02;
  -1.585682e-01   6.173054e-02   8.505299e-03;
  -3.978325e-01  -4.022126e-02  -8.859471e-02]
d=[ ...        
  -1.806290e-01   6.231529e-02  -2.282199e-01;
   6.231529e-02   6.173054e-02  -1.585798e-02;
  -2.282199e-01  -1.585798e-02  -8.859471e-02]
     iteration=        1199999       process=              6       (i,j,k)=              1              1              0       (x,y,z)=   1.497002e-02   1.497003e-02   4.800329e-03     particles=             59
fabric=[ ...   
   3.728733e-01   1.075718e-02   6.436789e-02;
   1.075718e-02   2.434771e-01   9.623893e-02;
   6.436789e-02   9.623893e-02   3.836496e-01]
sigma=[ ...    
  -3.842338e-01   6.409629e-02  -2.066200e-01;
   4.891521e-02  -1.086219e-01  -3.706756e-02;
  -1.713466e-01  -8.794257e-02  -5.014466e-01]
sigmaDot=[ ... 
  -4.895487e+03   1.078524e+03  -4.988453e+03;
   3.523513e+03  -9.027882e+02  -5.487991e+03;
  -1.256687e+04  -9.911667e+03  -5.510228e+03]
intgraE=[ ...  
  -4.761465e-02   7.415856e-02  -2.889049e-02;
   7.415856e-02  -7.784734e-02  -1.439816e-03;
  -2.889049e-02  -1.439816e-03   5.531004e-04]
E=[ ...        
   1.112526e-01   2.691981e-02  -6.294874e-02;
   2.691981e-02  -1.381848e-01  -1.118876e-01;
  -6.294874e-02  -1.118876e-01  -7.767087e-02]
e=[ ...        
   9.594300e-02   2.031766e-02  -3.961849e-02;
   2.031766e-02  -2.724637e-01  -1.888920e-01;
  -3.961849e-02  -1.888920e-01  -1.451137e-01]
intgraF=[ ...  
   9.476829e-01   7.872212e-02  -4.671961e-02;
   7.908296e-02   9.122081e-01   8.532548e-02;
  -2.033856e-02  -7.736028e-02   9.958128e-01]
F=[ ...        
   1.104157e+00   6.492871e-02  -1.612043e-01;
  -1.035509e-02   8.325135e-01  -8.054718e-02;
   5.688261e-02  -1.622835e-01   9.012123e-01]
R=[ ...        
   9.938100e-01   3.318699e-02  -1.060204e-01;
  -2.809470e-02   9.983952e-01   4.916930e-02;
   1.074820e-01  -4.588633e-02   9.931476e-01]
U=[ ...        
   1.103727e+00   2.369504e-02  -6.107942e-02;
   2.369504e-02   8.407789e-01  -1.271211e-01;
  -6.107942e-02  -1.271211e-01   9.081673e-01]
l=[ ...        
   5.009355e-02  -6.230904e-02   1.157679e-01;
  -6.506296e-02   6.103804e-02   4.470095e-03;
  -1.180147e-01  -5.563972e-02  -2.375335e-02]
d=[ ...        
   5.009355e-02  -6.368600e-02  -1.123404e-03;
  -6.368600e-02   6.103804e-02  -2.558481e-02;
  -1.123404e-03  -2.558481e-02  -2.375335e-02]
     iteration=        1199999       process=              7       (i,j,k)=              1              1              1       (x,y,z)=   1.497002e-02   1.497003e-02   1.428117e-02     particles=             49
fabric=[ ...   
   1.876335e-01  -3.510802e-02   8.512877e-02;
  -3.510802e-02   4.563258e-01  -9.607034e-02;
   8.512877e-02  -9.607034e-02   3.560407e-01]
sigma=[ ...    
  -4.792069e-01  -1.677775e-01   5.803309e-02;
   3.802809e-01  -1.085231e+00   2.789194e-01;
  -2.792865e-01   2.003499e-01  -4.672127e-01]
sigmaDot=[ ... 
  -1.570622e+05  -5.665770e+05   2.061430e+05;
   1.480407e+06  -1.753273e+05   6.353415e+04;
  -4.164444e+04  -2.631332e+05   4.062479e+04]
intgraE=[ ...  
   4.070079e-02   1.499126e-02  -4.080262e-02;
   1.499126e-02   1.433027e-01  -1.007558e-01;
  -4.080262e-02  -1.007558e-01  -3.064139e-02]
E=[ ...        
   1.123049e-01  -1.335729e-02  -1.762231e-01;
  -1.335729e-02   1.274936e-02   2.541316e-01;
  -1.762231e-01   2.541316e-01   9.729691e-01]
e=[ ...        
   1.002563e-01  -1.847293e-02  -8.044837e-02;
  -1.847293e-02  -8.016424e-03   1.322135e-01;
  -8.044837e-02   1.322135e-01   2.584395e-01]
intgraF=[ ...  
   1.037863e+00   9.183692e-02  -1.154584e-01;
  -5.632352e-02   1.129335e+00  -1.245530e-01;
   3.271865e-02  -5.267602e-02   9.538727e-01]
F=[ ...        
   1.102260e+00   3.460088e-02  -3.968802e-01;
  -6.964846e-02   1.009034e+00   3.911294e-01;
   6.915133e-02   7.843562e-02   1.623404e+00]
R=[ ...        
   9.834140e-01   6.804184e-02  -1.681286e-01;
  -4.873223e-02   9.920036e-01   1.164215e-01;
   1.747057e-01  -1.062973e-01   9.788661e-01]
U=[ ...        
   1.099453e+00  -1.442336e-03  -1.257401e-01;
  -1.442336e-03   9.949821e-01   1.884338e-01;
  -1.257401e-01   1.884338e-01   1.701358e+00]
l=[ ...        
  -4.443867e-01   2.065567e-01  -1.243253e-01;
  -1.137647e+00   5.163734e-01   6.815170e-02;
  -1.878465e-01  -9.235377e-02  -8.837509e-02]
d=[ ...        
  -4.443867e-01  -4.655454e-01  -1.560859e-01;
  -4.655454e-01   5.163734e-01  -1.210103e-02;
  -1.560859e-01  -1.210103e-02  -8.837509e-02]
