     iteration=        1999999       process=              0       (i,j,k)=              0              0              0       (x,y,z)=   5.049936e-03   5.049938e-03   4.820329e-03     particles=             72
fabric=[ ...   
   3.034869e-01  -1.731046e-03  -6.021103e-02;
  -1.731046e-03   3.246864e-01   1.719408e-02;
  -6.021103e-02   1.719408e-02   3.451600e-01]
sigma=[ ...    
  -8.420259e+00   8.548512e-01   3.827962e+00;
   1.249245e+00  -8.942112e+00   9.463366e-01;
   3.071222e+00   1.499880e+00  -1.238465e+01]
sigmaDot=[ ... 
   4.640588e+04  -1.554324e+05   1.506035e+06;
  -3.588297e+05  -6.315056e+04   1.826891e+04;
   1.629450e+05   1.404385e+06  -2.124002e+05]
intgraE=[ ...  
   1.563140e-02  -1.305718e-02   8.532281e-03;
  -1.305718e-02   5.364350e-03  -1.595982e-02;
   8.532281e-03  -1.595982e-02   1.140438e-02]
E=[ ...        
   8.363150e-03   9.400601e-03  -9.165648e-02;
   9.400601e-03  -8.417354e-04  -1.101599e-02;
  -9.165648e-02  -1.101599e-02  -1.432189e-01]
e=[ ...        
   3.251422e-04   6.434899e-03  -1.166783e-01;
   6.434899e-03  -1.380295e-03  -1.790448e-02;
  -1.166783e-01  -1.790448e-02  -2.510877e-01]
intgraF=[ ...  
   1.015486e+00  -2.971388e-02   2.280685e-02;
   3.864542e-03   1.004477e+00  -1.386330e-03;
  -6.023361e-03  -2.952226e-02   1.011082e+00]
F=[ ...        
   1.007447e+00  -6.933183e-03  -1.538949e-01;
   2.507573e-02   9.988965e-01  -5.017575e-03;
  -3.388771e-02  -2.177641e-02   8.305741e-01]
R=[ ...        
   9.977227e-01  -1.649904e-02  -6.540008e-02;
   1.717423e-02   9.998047e-01   9.775191e-03;
   6.522603e-02  -1.087613e-02   9.978112e-01]
U=[ ...        
   1.003373e+00   8.817495e-03  -9.945552e-02;
   8.817495e-03   9.990527e-01  -1.151091e-02;
  -9.945552e-02  -1.151091e-02   8.387719e-01]
l=[ ...        
   5.036452e-03   1.401483e-02   9.891069e-03;
  -6.213503e-03  -2.591100e-02   1.577449e-02;
   1.786437e-02  -3.169826e-02   2.740299e-02]
d=[ ...        
   5.036452e-03   3.900665e-03   1.387772e-02;
   3.900665e-03  -2.591100e-02  -7.961883e-03;
   1.387772e-02  -7.961883e-03   2.740299e-02]
     iteration=        1999999       process=              1       (i,j,k)=              0              0              1       (x,y,z)=   5.049936e-03   5.049938e-03   1.426117e-02     particles=             56
fabric=[ ...   
   2.829353e-01  -4.970239e-02   2.927193e-02;
  -4.970239e-02   3.607185e-01   1.244174e-02;
   2.927193e-02   1.244174e-02   2.779149e-01]
sigma=[ ...    
  -5.407024e+00   1.501871e+00  -3.504464e-01;
   1.896369e+00  -5.684774e+00  -1.021476e+00;
  -9.015063e-01  -1.794502e+00  -6.448999e+00]
sigmaDot=[ ... 
  -6.670216e+03   1.584570e+04   1.526782e+04;
   3.214463e+04   1.520807e+04  -1.484220e+04;
  -1.474446e+04  -1.270147e+04   8.979784e+03]
intgraE=[ ...  
  -1.300535e-01  -4.656199e-03  -2.157868e-01;
  -4.656199e-03   6.729216e-02  -2.595009e-02;
  -2.157868e-01  -2.595009e-02   6.602577e-01]
E=[ ...        
  -1.748293e-01  -1.313604e-01  -7.330218e-04;
  -1.313604e-01  -3.167847e-01  -2.511252e-02;
  -7.330218e-04  -2.511252e-02   3.423927e-01]
e=[ ...        
  -3.320109e-01  -5.703133e-01   9.039987e-02;
  -5.703133e-01  -1.654907e+00   2.397237e-01;
   9.039987e-02   2.397237e-01   1.718677e-01]
intgraF=[ ...  
   8.595760e-01   1.435336e-02  -5.438828e-01;
  -2.103493e-02   1.064623e+00  -8.265874e-02;
   2.407309e-02   3.090898e-02   1.420519e+00]
F=[ ...        
   8.045659e-01  -2.961345e-01   4.148437e-02;
  -5.098333e-02   5.188428e-01   1.689833e-01;
  -2.039033e-02  -9.765845e-02   1.286277e+00]
R=[ ...        
   9.826458e-01  -1.829529e-01   3.058661e-02;
   1.763932e-01   9.726634e-01   1.510343e-01;
  -5.738265e-02  -1.430180e-01   9.880552e-01]
U=[ ...        
   7.827802e-01  -1.938711e-01  -3.238065e-03;
  -1.938711e-01   5.728050e-01  -2.718661e-02;
  -3.238065e-03  -2.718661e-02   1.297704e+00]
l=[ ...        
   6.398849e-02   1.367686e-01  -1.504294e-01;
  -2.019792e-02   1.099309e-02   1.500518e-02;
   6.104753e-02   1.592629e-02  -6.323983e-02]
d=[ ...        
   6.398849e-02   5.828536e-02  -4.469093e-02;
   5.828536e-02   1.099309e-02   1.546574e-02;
  -4.469093e-02   1.546574e-02  -6.323983e-02]
     iteration=        1999999       process=              2       (i,j,k)=              0              1              0       (x,y,z)=   5.049936e-03   1.495003e-02   4.820329e-03     particles=             74
fabric=[ ...   
   2.957155e-01  -4.500195e-03   1.917386e-02;
  -4.500195e-03   2.999629e-01   2.750703e-02;
   1.917386e-02   2.750703e-02   3.802252e-01]
sigma=[ ...    
  -6.919252e+00  -6.567001e-01   9.882976e-01;
  -6.590141e-01  -5.599379e+00  -2.742074e+00;
   5.536588e-01  -2.143940e+00  -1.227982e+01]
sigmaDot=[ ... 
   4.819814e+03  -3.505438e+04   6.446275e+04;
  -9.413802e+04  -4.821838e+03  -6.060264e+03;
   5.315464e+04   7.807263e+03  -1.560850e+04]
intgraE=[ ...  
   1.137794e-02   1.564275e-02   1.892119e-03;
   1.564275e-02  -2.484517e-02   5.211430e-04;
   1.892119e-03   5.211430e-04  -8.928632e-03]
E=[ ...        
   6.430259e-03   1.645906e-02   3.347172e-03;
   1.645906e-02  -3.209961e-03   6.867774e-03;
   3.347172e-03   6.867774e-03  -9.058030e-03]
e=[ ...        
   5.641959e-03   1.627696e-02   3.304161e-03;
   1.627696e-02  -3.801212e-03   7.125171e-03;
   3.304161e-03   7.125171e-03  -9.254860e-03]
intgraF=[ ...  
   1.011135e+00   2.263995e-02  -1.291430e-02;
   8.452809e-03   9.745325e-01  -7.921543e-03;
   1.706431e-02   9.137477e-03   9.909153e-01]
F=[ ...        
   1.006133e+00   1.366724e-02  -7.117011e-03;
   1.911249e-02   9.966546e-01   5.389919e-03;
   1.387883e-02   8.538974e-03   9.908604e-01]
R=[ ...        
   9.999414e-01  -2.692609e-03  -1.048939e-02;
   2.676847e-03   9.999953e-01  -1.516460e-03;
   1.049343e-02   1.488292e-03   9.999438e-01]
U=[ ...        
   1.006270e+00   1.642393e-02   3.295353e-03;
   1.642393e-02   9.966258e-01   6.883747e-03;
   3.295353e-03   6.883747e-03   9.908712e-01]
l=[ ...        
   2.238276e-02  -1.650276e-02   2.073925e-02;
   1.592619e-03  -2.624421e-02   2.961347e-03;
   8.145783e-04  -5.497691e-03   8.124511e-03]
d=[ ...        
   2.238276e-02  -7.455072e-03   1.077692e-02;
  -7.455072e-03  -2.624421e-02  -1.268172e-03;
   1.077692e-02  -1.268172e-03   8.124511e-03]
     iteration=        1999999       process=              3       (i,j,k)=              0              1              1       (x,y,z)=   5.049936e-03   1.495003e-02   1.426117e-02     particles=             46
fabric=[ ...   
   2.916553e-01   4.802166e-02   3.369689e-02;
   4.802166e-02   3.415776e-01   3.607468e-02;
   3.369689e-02   3.607468e-02   3.450280e-01]
sigma=[ ...    
  -1.187044e+01  -3.126758e+00  -4.285303e+00;
  -3.767948e+00  -7.673842e+00  -1.305450e+00;
  -4.207164e+00  -8.805597e-01  -1.223841e+01]
sigmaDot=[ ... 
  -1.806309e+04  -7.677599e+04  -1.540023e+05;
  -2.086330e+05   1.493839e+04   1.068325e+04;
  -2.427225e+04   8.689317e+04  -9.600729e+03]
intgraE=[ ...  
  -3.835158e-02   6.644505e-02  -7.823176e-02;
   6.644505e-02   2.452024e-03  -2.528150e-02;
  -7.823176e-02  -2.528150e-02   1.785706e-01]
E=[ ...        
   2.655408e-02   6.896089e-02   3.977218e-02;
   6.896089e-02  -2.881153e-03  -6.567133e-02;
   3.977218e-02  -6.567133e-02   1.031523e-01]
e=[ ...        
   8.520414e-03   8.152394e-02   2.298551e-02;
   8.152394e-02  -3.071964e-02  -4.682292e-02;
   2.298551e-02  -4.682292e-02   8.986500e-02]
intgraF=[ ...  
   9.585971e-01   7.442409e-02  -1.310917e-01;
   6.173328e-02   9.996590e-01  -4.875821e-02;
  -2.402808e-02   6.860976e-03   1.156537e+00]
F=[ ...        
   1.003130e+00   1.256525e-01  -1.523729e-01;
   2.763731e-02   9.865639e-01  -3.471607e-02;
   2.146484e-01  -7.169888e-02   1.087144e+00]
R=[ ...        
   9.840124e-01   4.637940e-02  -1.719549e-01;
  -4.211411e-02   9.987099e-01   2.837231e-02;
   1.730490e-01  -2.067698e-02   9.846962e-01]
U=[ ...        
   1.023073e+00   6.968796e-02   3.965436e-02;
   6.968796e-02   9.926014e-01  -6.421709e-02;
   3.965436e-02  -6.421709e-02   1.095723e+00]
l=[ ...        
   3.885103e-02  -5.205441e-03  -4.010997e-03;
   1.723464e-02  -5.746887e-02   5.099202e-02;
   1.908924e-02  -5.932055e-02  -2.081202e-02]
d=[ ...        
   3.885103e-02   6.014597e-03   7.539123e-03;
   6.014597e-03  -5.746887e-02  -4.164265e-03;
   7.539123e-03  -4.164265e-03  -2.081202e-02]
     iteration=        1999999       process=              4       (i,j,k)=              1              0              0       (x,y,z)=   1.495002e-02   5.049938e-03   4.820329e-03     particles=             64
fabric=[ ...   
   4.650701e-01   1.696028e-02   8.028482e-03;
   1.696028e-02   3.113590e-01   1.561787e-03;
   8.028482e-03   1.561787e-03   2.057137e-01]
sigma=[ ...    
  -1.746438e+01  -6.954505e+00  -4.713962e+00;
  -4.821119e+00  -8.996454e+00  -7.695614e-01;
  -4.194902e+00  -5.859370e-01  -1.099845e+01]
sigmaDot=[ ... 
  -1.249262e+05   1.976627e+05   1.372847e+06;
   1.712003e+06   1.711991e+05  -1.713640e+05;
   9.583942e+03   1.359236e+06   1.642188e+05]
intgraE=[ ...  
  -5.840480e-03   3.151017e-02  -6.646138e-03;
   3.151017e-02   3.307625e-02   9.811862e-03;
  -6.646138e-03   9.811862e-03   6.170164e-02]
E=[ ...        
  -2.096617e-04   1.686175e-02   2.461953e-02;
   1.686175e-02   6.149024e-02   7.043326e-03;
   2.461953e-02   7.043326e-03  -4.298877e-02]
e=[ ...        
  -4.521140e-03   1.349098e-02   2.784621e-02;
   1.349098e-02   5.518103e-02   5.495953e-03;
   2.784621e-02   5.495953e-03  -4.702134e-02]
intgraF=[ ...  
   9.930189e-01   1.568699e-02  -2.536663e-03;
   4.621313e-02   1.032105e+00  -7.449702e-03;
  -9.839857e-03   2.580711e-02   1.059878e+00]
F=[ ...        
   9.972488e-01  -1.161591e-02  -5.816248e-03;
   4.336039e-02   1.059584e+00   2.338782e-02;
   5.652701e-02  -1.126065e-02   9.557414e-01]
R=[ ...        
   9.991409e-01  -2.612412e-02  -3.217211e-02;
   2.667051e-02   9.995052e-01   1.667292e-02;
   3.172063e-02  -1.751664e-02   9.993433e-01]
U=[ ...        
   9.993416e-01   1.629653e-02   2.512923e-02;
   1.629653e-02   1.059561e+00   6.786812e-03;
   2.512923e-02   6.786812e-03   9.556908e-01]
l=[ ...        
  -2.318155e-02   1.675334e-02  -7.134962e-03;
   4.353592e-04   2.317554e-02  -6.973508e-03;
  -1.325425e-02   1.983761e-02   8.266391e-03]
d=[ ...        
  -2.318155e-02   8.594347e-03  -1.019461e-02;
   8.594347e-03   2.317554e-02   6.432050e-03;
  -1.019461e-02   6.432050e-03   8.266391e-03]
     iteration=        1999999       process=              5       (i,j,k)=              1              0              1       (x,y,z)=   1.495002e-02   5.049938e-03   1.426117e-02     particles=             45
fabric=[ ...   
   2.698506e-01   8.986796e-02  -1.958896e-02;
   8.986796e-02   3.915615e-01  -7.950223e-02;
  -1.958896e-02  -7.950223e-02   1.510879e-01]
sigma=[ ...    
  -2.115391e+00  -1.278011e+00  -3.507300e-03;
  -1.040195e+00  -1.318490e+00   1.196851e-01;
   2.218948e-02   3.811520e-01   5.534538e-03]
sigmaDot=[ ... 
  -1.858201e+04  -2.892592e+04   1.546011e+04;
   2.130575e+05  -9.122650e+03  -3.638319e+04;
  -4.058619e+03  -2.619921e+05  -6.742948e+03]
intgraE=[ ...  
   7.851902e-02   6.595018e-02  -1.097033e-01;
   6.595018e-02   1.341004e-02  -6.074474e-02;
  -1.097033e-01  -6.074474e-02   6.494047e-03]
E=[ ...        
   7.904087e-02  -1.093018e-01  -3.577512e-02;
  -1.093018e-01  -5.514721e-02   5.104898e-02;
  -3.577512e-02   5.104898e-02  -1.391844e-01]
e=[ ...        
   5.665809e-02  -7.648029e-02  -7.174898e-02;
  -7.648029e-02  -1.390473e-01   8.654132e-02;
  -7.174898e-02   8.654132e-02  -1.748785e-01]
intgraF=[ ...  
   1.073725e+00   1.212770e-01  -1.447428e-01;
  -1.302444e-02   9.796703e-01   1.247125e-01;
  -6.311478e-02  -2.288190e-01   9.881723e-01]
F=[ ...        
   1.068005e+00  -1.926375e-01   3.790000e-02;
   1.432274e-02   9.022333e-01  -6.296792e-02;
  -1.313072e-01   1.963960e-01   8.463037e-01]
R=[ ...        
   9.911249e-01  -9.682243e-02   9.108710e-02;
   1.085533e-01   9.849962e-01  -1.341591e-01;
  -7.673083e-02   1.428563e-01   9.867646e-01]
U=[ ...        
   1.070157e+00  -1.080571e-01  -3.420933e-02;
  -1.080571e-01   9.354044e-01   5.520704e-02;
  -3.420933e-02   5.520704e-02   8.470025e-01]
l=[ ...        
  -1.028304e-02  -8.323232e-02  -3.781484e-03;
  -3.589299e-02   2.832232e-02  -9.828502e-02;
   2.930778e-02  -5.104919e-02  -5.667649e-02]
d=[ ...        
  -1.028304e-02  -5.956266e-02   1.276315e-02;
  -5.956266e-02   2.832232e-02  -7.466710e-02;
   1.276315e-02  -7.466710e-02  -5.667649e-02]
     iteration=        1999999       process=              6       (i,j,k)=              1              1              0       (x,y,z)=   1.495002e-02   1.495003e-02   4.820329e-03     particles=             60
fabric=[ ...   
   2.814036e-01  -4.118367e-03   1.782112e-02;
  -4.118367e-03   3.542789e-01   1.543912e-02;
   1.782112e-02   1.543912e-02   2.911468e-01]
sigma=[ ...    
  -9.138684e-01   6.806693e-02  -2.266991e-01;
   8.875513e-02  -2.299663e+00  -6.779460e-01;
  -2.979098e-01  -8.017162e-01  -1.694979e+00]
sigmaDot=[ ... 
  -3.757226e+03   3.949448e+02   9.334687e+02;
   7.262178e+03   1.938432e+03  -3.749548e+04;
  -1.746147e+04  -3.261413e+04  -1.327941e+04]
intgraE=[ ...  
  -4.884233e-02   6.909853e-02  -3.499175e-02;
   6.909853e-02  -7.788656e-02  -1.043477e-02;
  -3.499175e-02  -1.043477e-02  -7.267846e-03]
E=[ ...        
   3.417508e-01   4.529988e-02  -9.074712e-02;
   4.529988e-02  -2.552134e-01  -2.211468e-01;
  -9.074712e-02  -2.211468e-01  -1.727784e-01]
e=[ ...        
  -2.025697e-01  -8.644926e-01  -7.882164e-01;
  -8.644926e-01  -1.952998e+00  -1.589926e+00;
  -7.882164e-01  -1.589926e+00  -1.291585e+00]
intgraF=[ ...  
   9.467357e-01   7.421500e-02  -4.893563e-02;
   7.141780e-02   9.107715e-01   8.518679e-02;
  -3.010453e-02  -9.599147e-02   9.878324e-01]
F=[ ...        
   1.227621e+00   9.818226e-02  -1.137105e-03;
  -2.440785e-01   6.022326e-01  -3.091924e-01;
  -3.418675e-01  -3.424169e-01   7.475573e-01]
R=[ ...        
   9.560869e-01   2.129296e-01   2.013923e-01;
  -2.144794e-01   9.766230e-01  -1.435504e-02;
  -1.997410e-01  -2.946984e-02   9.794055e-01]
U=[ ...        
   1.294347e+00   3.309896e-02  -8.408962e-02;
   3.309896e-02   6.191511e-01  -3.242369e-01;
  -8.408962e-02  -3.242369e-01   7.363712e-01]
l=[ ...        
  -4.124401e-02  -2.329204e-02   1.715631e-02;
  -5.237917e-03  -2.064152e-02   1.882495e-02;
  -2.131303e-02  -2.190520e-03  -1.593294e-02]
d=[ ...        
  -4.124401e-02  -1.426498e-02  -2.078360e-03;
  -1.426498e-02  -2.064152e-02   8.317217e-03;
  -2.078360e-03   8.317217e-03  -1.593294e-02]
     iteration=        1999999       process=              7       (i,j,k)=              1              1              1       (x,y,z)=   1.495002e-02   1.495003e-02   1.426117e-02     particles=             48
fabric=[ ...   
   3.070494e-01   4.633656e-02  -4.254102e-02;
   4.633656e-02   3.577546e-01   3.021120e-03;
  -4.254102e-02   3.021120e-03   3.351959e-01]
sigma=[ ...    
  -7.773273e-01   1.158575e-01   1.467482e-01;
  -7.338567e-02  -1.320783e+00  -1.039295e-01;
   8.702023e-03  -1.266504e-01  -3.161090e-02]
sigmaDot=[ ... 
   7.121211e+03   2.497859e+04   5.912070e+03;
   3.641747e+04   1.085268e+04  -3.532722e+03;
   4.642222e+03  -5.539671e+03  -9.109209e+02]
intgraE=[ ...  
   3.584355e-02  -3.498063e-02  -1.668946e-02;
  -3.498063e-02   1.842120e-01  -1.368925e-01;
  -1.668946e-02  -1.368925e-01  -5.521880e-02]
E=[ ...        
   2.314401e+00  -1.848448e+00   3.916995e+00;
  -1.848448e+00   1.682724e+00  -3.373352e+00;
   3.916995e+00  -3.373352e+00   5.759970e+00]
e=[ ...        
  -2.225797e+00   9.916852e-01   1.579987e+00;
   9.916852e-01  -3.034979e-01  -7.658353e-01;
   1.579987e+00  -7.658353e-01  -5.306575e-01]
intgraF=[ ...  
   1.021527e+00   1.195118e-01  -9.634285e-02;
  -1.621889e-01   1.160219e+00  -1.545636e-01;
   4.319078e-02  -8.962843e-02   9.254137e-01]
F=[ ...        
   1.324101e+00  -4.379192e-01   1.069356e+00;
  -2.685790e-01   1.494944e+00  -1.301505e+00;
   1.950237e+00  -1.392414e+00   3.111672e+00]
R=[ ...        
   9.415396e-01  -2.240183e-01  -2.516326e-01;
   2.052651e-01   9.737061e-01  -9.880580e-02;
   2.671505e-01   4.137819e-02   9.627660e-01]
U=[ ...        
   1.712570e+00  -4.774425e-01   1.570972e+00;
  -4.774425e-01   1.496123e+00  -1.378083e+00;
   1.570972e+00  -1.378083e+00   2.855324e+00]
l=[ ...        
   7.997108e-02   3.675662e-03   7.244468e-02;
  -1.578174e-01  -2.489699e-02   6.217647e-02;
   1.125952e-02  -6.776870e-02  -4.000702e-03]
d=[ ...        
   7.997108e-02  -7.707087e-02   4.185210e-02;
  -7.707087e-02  -2.489699e-02  -2.796119e-03;
   4.185210e-02  -2.796119e-03  -4.000702e-03]
