     iteration=        3699999       process=              0       (i,j,k)=              0              0              0       (x,y,z)=   5.092436e-03   5.092438e-03   4.862829e-03     particles=             71
fabric=[ ...   
   2.927876e-01  -3.794143e-02   1.005642e-02;
  -3.794143e-02   3.538186e-01   8.779954e-03;
   1.005642e-02   8.779954e-03   3.122978e-01]
sigma=[ ...    
  -4.728244e+00   7.845238e-01   8.449148e-01;
   8.915892e-01  -1.037729e+01   1.897969e+00;
   7.458754e-01   3.023098e+00  -6.600696e+00]
sigmaDot=[ ... 
  -6.199712e+03   6.730131e+04   4.116797e+05;
  -2.134863e+05  -3.479201e+02   8.926454e+04;
  -2.656379e+04  -1.113119e+05   5.755976e+03]
intgraE=[ ...  
   1.354027e-02  -7.945926e-03   1.953032e-02;
  -7.945926e-03  -5.794404e-03  -4.631007e-03;
   1.953032e-02  -4.631007e-03   2.586097e-02]
E=[ ...        
   2.646776e-02   6.155034e-03  -5.190920e-04;
   6.155034e-03  -1.039066e-02  -7.356919e-04;
  -5.190920e-04  -7.356919e-04   1.354122e-02]
e=[ ...        
   2.493708e-02   6.347839e-03  -5.101941e-04;
   6.347839e-03  -1.056903e-02  -4.272885e-04;
  -5.101941e-04  -4.272885e-04   1.319413e-02]
intgraF=[ ...  
   1.013359e+00  -1.923300e-02   2.531217e-02;
   3.762551e-03   9.939436e-01   2.352015e-03;
   1.307182e-02  -1.083958e-02   1.025220e+00]
F=[ ...        
   1.025982e+00  -4.498195e-03  -3.106536e-03;
   1.713009e-02   9.894631e-01   1.150551e-02;
   1.926201e-03  -1.269970e-02   1.013381e+00]
R=[ ...        
   9.999392e-01  -1.071896e-02  -2.572988e-03;
   1.074929e-02   9.998692e-01   1.208141e-02;
   2.443151e-03  -1.210834e-02   9.999237e-01]
U=[ ...        
   1.026108e+00   6.107079e-03  -5.068289e-04;
   6.107079e-03   9.895357e-01  -7.330498e-04;
  -5.068289e-04  -7.330498e-04   1.013450e+00]
l=[ ...        
   1.330812e-03   4.080292e-02   7.407744e-03;
   5.967272e-03  -6.590043e-03  -7.949617e-04;
   2.222046e-02   3.558342e-02  -7.066313e-03]
d=[ ...        
   1.330812e-03   2.338510e-02   1.481410e-02;
   2.338510e-02  -6.590043e-03   1.739423e-02;
   1.481410e-02   1.739423e-02  -7.066313e-03]
     iteration=        3699999       process=              1       (i,j,k)=              0              0              1       (x,y,z)=   5.092436e-03   5.092438e-03   1.421867e-02     particles=             54
fabric=[ ...   
   2.886808e-01   4.556114e-03  -6.059563e-03;
   4.556114e-03   3.818823e-01   4.481958e-02;
  -6.059563e-03   4.481958e-02   3.294369e-01]
sigma=[ ...    
  -3.976885e+00   2.064502e-01  -3.108452e-01;
   8.308334e-01  -2.357391e+00  -1.367073e+00;
  -3.860475e-01  -1.529239e+00  -4.755153e+00]
sigmaDot=[ ... 
  -3.800777e+03   2.989390e+04  -9.118768e+04;
   1.182448e+05   2.519065e+04   3.152436e+04;
  -3.979828e+04  -1.816965e+05   1.462982e+03]
intgraE=[ ...  
  -1.049291e-01   1.421213e-02  -2.536489e-01;
   1.421213e-02   7.433828e-02  -2.130655e-02;
  -2.536489e-01  -2.130655e-02   5.996638e-01]
E=[ ...        
  -2.613233e-01  -1.015466e-01   8.440550e-02;
  -1.015466e-01   3.003815e-01   1.308846e+00;
   8.440550e-02   1.308846e+00   2.619560e+00]
e=[ ...        
  -4.023489e-01  -6.285499e-01  -5.524396e-01;
  -6.285499e-01  -1.492890e+00  -6.191619e-01;
  -5.524396e-01  -6.191619e-01   3.862111e-02]
intgraF=[ ...  
   8.873712e-01   3.980170e-02  -6.494703e-01;
  -8.441840e-03   1.070215e+00  -6.745207e-02;
   5.141010e-02   4.162521e-02   1.331528e+00]
F=[ ...        
   5.897965e-01  -8.051619e-01  -1.085584e+00;
  -9.731509e-02   3.908063e-01  -5.372112e-01;
   3.464437e-01   8.942862e-01   2.184498e+00]
R=[ ...        
   8.494341e-01  -3.772904e-01  -3.689358e-01;
   1.515301e-01   8.440981e-01  -5.143316e-01;
   5.054704e-01   3.809859e-01   7.741766e-01]
U=[ ...        
   6.613641e-01  -1.726779e-01   1.006638e-01;
  -1.726779e-01   9.743692e-01   7.883844e-01;
   1.006638e-01   7.883844e-01   2.368003e+00]
l=[ ...        
   1.359105e-03   2.325375e-02  -6.199645e-02;
   2.106218e-02   4.196173e-03  -2.943315e-02;
   2.934445e-02   2.068950e-02  -4.333434e-02]
d=[ ...        
   1.359105e-03   2.215797e-02  -1.632600e-02;
   2.215797e-02   4.196173e-03  -4.371827e-03;
  -1.632600e-02  -4.371827e-03  -4.333434e-02]
     iteration=        3699999       process=              2       (i,j,k)=              0              1              0       (x,y,z)=   5.092436e-03   1.490753e-02   4.862829e-03     particles=             73
fabric=[ ...   
   2.395477e-01   3.243625e-02  -4.998719e-02;
   3.243625e-02   3.532754e-01   5.327019e-02;
  -4.998719e-02   5.327019e-02   3.302539e-01]
sigma=[ ...    
  -3.516344e+00  -1.305947e+00  -3.214663e-01;
  -1.486018e+00  -3.282018e+00  -5.857503e-01;
   4.925259e-01  -6.249167e-01  -3.660117e+00]
sigmaDot=[ ... 
   3.087475e+05   6.932990e+05   6.764767e+05;
  -3.977102e+05   5.353840e+04   8.574963e+04;
   8.715106e+04   2.838630e+05  -7.701546e+04]
intgraE=[ ...  
   2.265242e-02   1.656967e-02   1.045376e-02;
   1.656967e-02  -3.816158e-02  -1.698586e-03;
   1.045376e-02  -1.698586e-03   1.165578e-03]
E=[ ...        
   3.087409e-02   4.201155e-02   1.938353e-02;
   4.201155e-02   1.040883e-02   1.171441e-02;
   1.938353e-02   1.171441e-02   3.040675e-02]
e=[ ...        
   2.429915e-02   3.917650e-02   1.502581e-02;
   3.917650e-02   8.067923e-03   1.096815e-02;
   1.502581e-02   1.096815e-02   2.769463e-02]
intgraF=[ ...  
   1.022015e+00   2.301510e-02  -5.237126e-03;
   9.978489e-03   9.608048e-01  -4.606728e-03;
   2.627594e-02   1.148217e-03   1.001141e+00]
F=[ ...        
   1.028628e+00   3.381794e-02   5.722452e-04;
   4.956386e-02   1.009529e+00   4.655040e-02;
   3.486347e-02  -2.292193e-02   1.028905e+00]
R=[ ...        
   9.998234e-01  -7.023613e-03  -1.743294e-02;
   7.618264e-03   9.993832e-01   3.428208e-02;
   1.718140e-02  -3.440883e-02   9.992601e-01]
U=[ ...        
   1.029423e+00   4.110899e-02   1.860481e-02;
   4.110899e-02   1.009457e+00   1.111423e-02;
   1.860481e-02   1.111423e-02   1.029730e+00]
l=[ ...        
   3.793951e-03  -1.479104e-02   9.582292e-03;
   1.358733e-03  -1.718305e-02  -1.810824e-02;
  -6.337257e-03  -1.589686e-02   3.066434e-03]
d=[ ...        
   3.793951e-03  -6.716152e-03   1.622518e-03;
  -6.716152e-03  -1.718305e-02  -1.700255e-02;
   1.622518e-03  -1.700255e-02   3.066434e-03]
     iteration=        3699999       process=              3       (i,j,k)=              0              1              1       (x,y,z)=   5.092436e-03   1.490753e-02   1.421867e-02     particles=             48
fabric=[ ...   
   3.345008e-01   4.774578e-02   2.708642e-02;
   4.774578e-02   2.754518e-01   2.929439e-02;
   2.708642e-02   2.929439e-02   3.456030e-01]
sigma=[ ...    
  -6.478808e+00  -2.820760e+00  -1.149601e+00;
  -2.977635e+00  -6.380172e+00  -1.728608e+00;
  -1.236757e+00  -1.042644e+00  -3.027438e+00]
sigmaDot=[ ... 
  -3.702730e+04  -7.858546e+04  -5.189249e+04;
  -6.121175e+04  -1.992074e+04   2.517908e+03;
  -2.404090e+04  -2.210742e+04  -1.869518e+04]
intgraE=[ ...  
  -2.200374e-02   7.344513e-02  -6.770669e-02;
   7.344513e-02  -2.216086e-02  -1.954655e-02;
  -6.770669e-02  -1.954655e-02   1.565614e-01]
E=[ ...        
  -1.686018e-03   1.960627e-02   9.230667e-02;
   1.960627e-02  -7.481711e-02   7.261141e-02;
   9.230667e-02   7.261141e-02   2.339284e-01]
e=[ ...        
  -2.906773e-02   1.884868e-03   3.991110e-02;
   1.884868e-03  -9.180740e-02   7.017026e-02;
   3.991110e-02   7.017026e-02   1.542300e-01]
intgraF=[ ...  
   9.753518e-01   8.295239e-02  -1.255530e-01;
   6.758901e-02   9.739547e-01  -1.252053e-02;
  -1.063152e-02  -1.447278e-02   1.138948e+00]
F=[ ...        
   9.696929e-01   6.309376e-02  -9.689437e-02;
  -2.901325e-02   9.197739e-01   1.384179e-01;
   2.355458e-01   2.002407e-02   1.199712e+00]
R=[ ...        
   9.865267e-01   6.095948e-02  -1.518191e-01;
  -5.197753e-02   9.966939e-01   6.244750e-02;
   1.551239e-01  -5.371495e-02   9.864336e-01]
U=[ ...        
   9.946748e-01   1.754232e-02   8.332055e-02;
   1.754232e-02   9.195035e-01   6.761115e-02;
   8.332055e-02   6.761115e-02   1.206790e+00]
l=[ ...        
   2.104298e-02   7.777772e-03  -9.622115e-04;
   2.836681e-02  -2.646067e-02   2.974371e-02;
  -5.802187e-03  -7.356478e-03  -9.505310e-04]
d=[ ...        
   2.104298e-02   1.807229e-02  -3.382199e-03;
   1.807229e-02  -2.646067e-02   1.119361e-02;
  -3.382199e-03   1.119361e-02  -9.505310e-04]
     iteration=        3699999       process=              4       (i,j,k)=              1              0              0       (x,y,z)=   1.490752e-02   5.092438e-03   4.862829e-03     particles=             64
fabric=[ ...   
   4.441948e-01   4.871930e-02  -3.964954e-03;
   4.871930e-02   3.017887e-01  -2.398792e-02;
  -3.964954e-03  -2.398792e-02   2.195337e-01]
sigma=[ ...    
  -1.266924e+01  -6.640115e+00  -4.762550e+00;
  -5.992650e+00  -8.258838e+00  -1.950762e+00;
  -4.472566e+00  -5.644849e-01  -6.919996e+00]
sigmaDot=[ ... 
   3.598322e+04  -2.162865e+04  -2.517472e+04;
  -3.619598e+04  -2.561411e+04   5.670024e+04;
  -7.369955e+04  -4.956193e+04   7.748592e+03]
intgraE=[ ...  
  -8.728600e-03   3.405736e-02  -1.246838e-02;
   3.405736e-02   2.797442e-02   5.249919e-03;
  -1.246838e-02   5.249919e-03   5.890240e-02]
E=[ ...        
  -4.684531e-02   4.447385e-03  -3.484688e-02;
   4.447385e-03   5.202340e-02   2.517709e-03;
  -3.484688e-02   2.517709e-03  -6.698532e-02]
e=[ ...        
  -5.662312e-02   1.341055e-04  -4.513915e-02;
   1.341055e-04   4.725503e-02  -1.911519e-03;
  -4.513915e-02  -1.911519e-03  -7.969700e-02]
intgraF=[ ...  
   9.896101e-01   1.720162e-02   3.388635e-03;
   5.040478e-02   1.027116e+00  -1.678201e-02;
  -2.596128e-02   2.618294e-02   1.057124e+00]
F=[ ...        
   9.500090e-01  -2.971321e-02  -2.413271e-02;
   3.411236e-02   1.050008e+00   2.664356e-02;
  -5.126972e-02  -2.544067e-02   9.299124e-01]
R=[ ...        
   9.993714e-01  -3.258576e-02   1.396398e-02;
   3.219850e-02   9.991136e-01   2.711424e-02;
  -1.483514e-02  -2.664757e-02   9.995348e-01]
U=[ ...        
   9.512708e-01   4.491567e-03  -3.705504e-02;
   4.491567e-03   1.050723e+00   2.626417e-03;
  -3.705504e-02   2.626417e-03   9.298653e-01]
l=[ ...        
  -7.879815e-03   1.132015e-02   2.689378e-03;
  -1.599019e-03  -8.589017e-03   1.663467e-02;
  -6.418833e-03  -7.914183e-03   2.897249e-03]
d=[ ...        
  -7.879815e-03   4.860564e-03  -1.864727e-03;
   4.860564e-03  -8.589017e-03   4.360244e-03;
  -1.864727e-03   4.360244e-03   2.897249e-03]
     iteration=        3699999       process=              5       (i,j,k)=              1              0              1       (x,y,z)=   1.490752e-02   5.092438e-03   1.421867e-02     particles=             43
fabric=[ ...   
   3.095651e-01  -1.897702e-02   1.183095e-02;
  -1.897702e-02   3.286314e-01   2.100837e-02;
   1.183095e-02   2.100837e-02   2.848804e-01]
sigma=[ ...    
  -2.461597e+00  -7.623571e-01  -2.266586e-01;
  -8.606091e-01  -1.725585e+00   8.758445e-02;
  -3.604205e-01  -3.719388e-01  -5.830018e-01]
sigmaDot=[ ... 
   7.318312e+05   1.408303e+06  -6.449173e+04;
  -1.177688e+06  -5.785123e+04   1.516325e+05;
  -2.297557e+03   8.457353e+05   2.948817e+04]
intgraE=[ ...  
   5.798898e-02   4.977977e-02  -1.144270e-01;
   4.977977e-02   1.818182e-02  -5.479474e-02;
  -1.144270e-01  -5.479474e-02   2.163249e-03]
E=[ ...        
   2.659726e-01  -5.257757e-02  -2.348410e-01;
  -5.257757e-02  -8.150064e-02   2.158934e-02;
  -2.348410e-01   2.158934e-02  -6.425105e-02]
e=[ ...        
   1.299067e-01  -1.451489e-02  -1.932483e-01;
  -1.451489e-02  -1.082207e-01   3.642060e-02;
  -1.932483e-01   3.642060e-02  -2.052560e-01]
intgraF=[ ...  
   1.054072e+00   1.034369e-01  -1.529695e-01;
  -2.500282e-02   9.858487e-01   1.356436e-01;
  -6.545988e-02  -2.318768e-01   9.810849e-01]
F=[ ...        
   1.225465e+00  -2.626497e-03  -2.823998e-01;
  -8.173060e-02   8.954430e-01  -1.367584e-01;
  -1.533028e-01   1.875463e-01   8.792300e-01]
R=[ ...        
   9.962860e-01   5.030323e-02  -6.988371e-02;
  -6.252199e-02   9.806647e-01  -1.854393e-01;
   5.920429e-02   1.891198e-01   9.801676e-01]
U=[ ...        
   1.216947e+00  -4.749808e-02  -2.207464e-01;
  -4.749808e-02   9.134660e-01   1.796005e-02;
  -2.207464e-01   1.796005e-02   9.068883e-01]
l=[ ...        
  -6.388419e-02  -4.695856e-02  -3.303082e-02;
  -3.657580e-03   2.374782e-02  -1.636382e-02;
  -1.053437e-02  -4.112999e-02   5.919150e-02]
d=[ ...        
  -6.388419e-02  -2.530807e-02  -2.178259e-02;
  -2.530807e-02   2.374782e-02  -2.874691e-02;
  -2.178259e-02  -2.874691e-02   5.919150e-02]
     iteration=        3699999       process=              6       (i,j,k)=              1              1              0       (x,y,z)=   1.490752e-02   1.490753e-02   4.862829e-03     particles=             61
fabric=[ ...   
   2.466763e-01  -5.011138e-02  -3.113284e-02;
  -5.011138e-02   3.586798e-01   1.642570e-02;
  -3.113284e-02   1.642570e-02   2.483024e-01]
sigma=[ ...    
  -1.527388e+00   7.679623e-03  -2.693896e-01;
  -1.336527e-01  -1.201080e+00  -2.691492e-01;
  -1.414505e-01  -5.579766e-01  -1.285067e+00]
sigmaDot=[ ... 
   2.152601e+03   3.584180e+02  -5.606936e+03;
  -1.928345e+03   3.756068e+03  -2.153713e+04;
  -2.535782e+04   7.378222e+03   2.591685e+03]
intgraE=[ ...  
  -6.398976e-02   6.748633e-02  -3.901573e-02;
   6.748633e-02  -9.354293e-02  -7.421965e-04;
  -3.901573e-02  -7.421965e-04  -2.138951e-02]
E=[ ...        
   1.450912e-01   2.123864e-02  -1.471595e-01;
   2.123864e-02  -1.328139e-01   9.345343e-02;
  -1.471595e-01   9.345343e-02  -4.615078e-02]
e=[ ...        
   6.038946e-02   7.080964e-02  -1.631124e-01;
   7.080964e-02  -2.182127e-01   1.671219e-01;
  -1.631124e-01   1.671219e-01  -1.285598e-01]
intgraF=[ ...  
   9.288618e-01   6.757509e-02  -2.847115e-02;
   7.491144e-02   8.949871e-01   9.371451e-02;
  -6.020369e-02  -8.570827e-02   9.734618e-01]
F=[ ...        
   1.118334e+00   2.137821e-02  -1.047544e-01;
   4.153004e-02   8.523040e-01   1.266117e-01;
  -1.943909e-01   8.656226e-02   9.384532e-01]
R=[ ...        
   9.989325e-01  -1.481272e-02   4.375522e-02;
   1.381259e-02   9.996384e-01   2.307194e-02;
  -4.408116e-02  -2.244294e-02   9.987758e-01]
U=[ ...        
   1.126282e+00   2.931216e-02  -1.442619e-01;
   2.931216e-02   8.497364e-01   1.070560e-01;
  -1.442619e-01   1.070560e-01   9.356420e-01]
l=[ ...        
  -5.776688e-03  -4.549048e-04   4.334429e-04;
  -2.714829e-02  -7.100905e-03  -8.063263e-04;
  -2.318605e-02  -4.152069e-02   2.880018e-03]
d=[ ...        
  -5.776688e-03  -1.380160e-02  -1.137630e-02;
  -1.380160e-02  -7.100905e-03  -2.116351e-02;
  -1.137630e-02  -2.116351e-02   2.880018e-03]
     iteration=        3699999       process=              7       (i,j,k)=              1              1              1       (x,y,z)=   1.490752e-02   1.490753e-02   1.421867e-02     particles=             51
fabric=[ ...   
   3.138760e-01   2.258440e-02  -1.988297e-02;
   2.258440e-02   2.688049e-01  -5.639542e-02;
  -1.988297e-02  -5.639542e-02   2.839858e-01]
sigma=[ ...    
  -4.772808e-01  -6.414598e-02   5.233496e-02;
  -2.484395e-02  -5.572219e-01  -1.688896e-02;
   3.905834e-02  -8.112083e-02  -4.034431e-02]
sigmaDot=[ ... 
   6.251464e+03   1.638439e+04   3.577291e+03;
   1.330134e+04   4.899089e+03  -1.576015e+03;
   1.278572e+03  -1.517637e+03   1.159867e+03]
intgraE=[ ...  
   4.093388e-02  -6.278175e-02  -6.174665e-03;
  -6.278175e-02   1.403367e-01  -1.051227e-01;
  -6.174665e-03  -1.051227e-01  -6.716268e-02]
E=[ ...        
   1.403950e-01   1.215632e-01   1.802247e-01;
   1.215632e-01  -2.116618e-01  -5.571059e-01;
   1.802247e-01  -5.571059e-01   3.419781e+00]
e=[ ...        
  -9.150910e-01   2.171051e-01   3.638627e-01;
   2.171051e-01   1.107433e-01  -1.608282e-01;
   3.638627e-01  -1.608282e-01   3.038777e-01]
intgraF=[ ...  
   1.020264e+00   9.903043e-02  -6.811217e-02;
  -1.988554e-01   1.124445e+00  -1.150084e-01;
   3.722232e-02  -8.056307e-02   9.207651e-01]
F=[ ...        
   1.840940e-01   5.166872e-01   6.317242e-01;
   1.016222e+00   3.446440e-01  -9.279198e-01;
   4.628090e-01  -4.369568e-01   2.565044e+00]
R=[ ...        
   1.521218e-03   9.409909e-01   3.384285e-01;
   9.266057e-01   1.259336e-01  -3.543199e-01;
   3.760313e-01  -3.141287e-01   8.717359e-01]
U=[ ...        
   1.115948e+00   1.558257e-01   1.056821e-01;
   1.558257e-01   6.668609e-01  -3.281636e-01;
   1.056821e-01  -3.281636e-01   2.778615e+00]
l=[ ...        
   3.358484e-03   3.328472e-03   9.254098e-02;
  -2.200679e-02  -6.128915e-02   5.505548e-02;
   1.132188e-02   5.239679e-02   2.023422e-03]
d=[ ...        
   3.358484e-03  -9.339159e-03   5.193143e-02;
  -9.339159e-03  -6.128915e-02   5.372614e-02;
   5.193143e-02   5.372614e-02   2.023422e-03]
