     iteration=         299999       process=              0       (i,j,k)=              0              0              0       (x,y,z)=   5.007500e-03   5.007500e-03   4.777873e-03     particles=             76
fabric=[ ...   
   3.125749e-01  -1.340782e-03  -2.237255e-02;
  -1.340782e-03   3.062434e-01   1.359861e-02;
  -2.237255e-02   1.359861e-02   3.145151e-01]
sigma=[ ...    
  -6.601359e-01   1.700564e-01   2.338010e-01;
   7.514654e-02  -2.726320e+00   2.916878e-01;
   7.088699e-02   6.476437e-01  -1.375715e+00]
sigmaDot=[ ... 
  -6.191869e+03   1.104770e+04   9.152183e+03;
   2.234218e+04  -5.064263e+03   3.705476e+04;
   1.045778e+04   7.937997e+04   7.559247e+02]
intgraE=[ ...  
  -8.540544e-04   6.271682e-04  -1.982491e-03;
   6.271682e-04   8.289019e-04  -2.472714e-03;
  -1.982491e-03  -2.472714e-03  -3.842233e-03]
E=[ ...        
  -1.735862e-03   1.051628e-03  -2.504452e-03;
   1.051628e-03   4.768502e-05  -1.890198e-03;
  -2.504452e-03  -1.890198e-03  -5.698256e-03]
e=[ ...        
  -1.761486e-03   1.036853e-03  -2.539769e-03;
   1.036853e-03   3.218700e-05  -1.923351e-03;
  -2.539769e-03  -1.923351e-03  -5.773397e-03]
intgraF=[ ...  
   9.991417e-01  -9.396622e-04  -2.225632e-03;
   2.183416e-03   1.000818e+00  -3.910419e-04;
  -1.747137e-03  -4.573777e-03   9.961478e-01]
F=[ ...        
   9.982557e-01  -2.065650e-04  -2.120869e-03;
   2.297250e-03   1.000039e+00   3.620032e-04;
  -2.909198e-03  -4.166671e-03   9.942831e-01]
R=[ ...        
   9.999991e-01  -1.255904e-03   3.918220e-04;
   1.255010e-03   9.999966e-01   2.272400e-03;
  -3.946746e-04  -2.271906e-03   9.999973e-01]
U=[ ...        
   9.982589e-01   1.050139e-03  -2.512831e-03;
   1.050139e-03   1.000045e+00  -1.894252e-03;
  -2.512831e-03  -1.894252e-03   9.942804e-01]
l=[ ...        
   1.311935e-02  -7.872526e-03  -2.303289e-02;
   2.765363e-02   3.965714e-03  -1.150679e-02;
  -2.147635e-02  -5.176634e-02  -4.800370e-02]
d=[ ...        
   1.311935e-02   9.890553e-03  -2.225462e-02;
   9.890553e-03   3.965714e-03  -3.163657e-02;
  -2.225462e-02  -3.163657e-02  -4.800370e-02]
     iteration=         299999       process=              1       (i,j,k)=              0              0              1       (x,y,z)=   5.007500e-03   5.007500e-03   1.430362e-02     particles=             51
fabric=[ ...   
   3.713069e-01   5.695351e-03   1.654868e-02;
   5.695351e-03   2.809273e-01   4.326901e-02;
   1.654868e-02   4.326901e-02   1.810991e-01]
sigma=[ ...    
  -2.130737e+00  -2.747091e-01  -4.316708e-01;
  -5.680810e-04  -2.733021e-01  -1.468960e-02;
  -1.121278e+00  -7.112901e-02  -1.272352e+00]
sigmaDot=[ ... 
  -1.222843e+04   8.008248e+03  -8.321550e+03;
   3.359219e+04  -4.663896e+03  -4.894287e+03;
  -1.955286e+04   4.432819e+02  -3.624303e+03]
intgraE=[ ...  
  -1.525639e-02  -2.296598e-03  -1.383120e-02;
  -2.296598e-03   7.339765e-03  -9.420572e-03;
  -1.383120e-02  -9.420572e-03   3.884484e-03]
E=[ ...        
  -8.786974e-03   3.440271e-04  -1.181515e-02;
   3.440271e-04   1.837892e-03  -6.449843e-03;
  -1.181515e-02  -6.449843e-03  -8.120264e-03]
e=[ ...        
  -9.313066e-03   1.095573e-04  -1.223367e-02;
   1.095573e-04   1.670430e-03  -6.579087e-03;
  -1.223367e-02  -6.579087e-03  -8.482386e-03]
intgraF=[ ...  
   9.844782e-01  -6.407131e-03  -1.079265e-02;
   1.399871e-03   1.007133e+00  -8.857156e-04;
  -1.697123e-02  -1.794972e-02   1.003819e+00]
F=[ ...        
   9.910612e-01   1.100769e-03  -8.884236e-03;
  -5.859029e-04   1.001760e+00  -6.766364e-04;
  -1.494836e-02  -1.231297e-02   9.918065e-01]
R=[ ...        
   9.999950e-01   8.125361e-04   3.062521e-03;
  -8.303815e-04   9.999827e-01   5.830250e-03;
  -3.057731e-03  -5.832764e-03   9.999783e-01]
U=[ ...        
   9.911024e-01   3.065705e-04  -1.191631e-02;
   3.065705e-04   1.001815e+00  -6.468816e-03;
  -1.191631e-02  -6.468816e-03   9.917538e-01]
l=[ ...        
  -9.859314e-02  -8.425560e-03  -1.450230e-01;
   1.387243e-02   2.943292e-02   1.556015e-02;
  -1.119188e-01  -1.570184e-01  -5.891623e-02]
d=[ ...        
  -9.859314e-02   2.723438e-03  -1.284709e-01;
   2.723438e-03   2.943292e-02  -7.072912e-02;
  -1.284709e-01  -7.072912e-02  -5.891623e-02]
     iteration=         299999       process=              2       (i,j,k)=              0              1              0       (x,y,z)=   5.007500e-03   1.499250e-02   4.777873e-03     particles=             74
fabric=[ ...   
   2.866587e-01   2.597113e-02  -6.209613e-02;
   2.597113e-02   3.104983e-01  -4.184759e-03;
  -6.209613e-02  -4.184759e-03   3.772020e-01]
sigma=[ ...    
  -3.455008e+00  -6.927906e-01   3.628910e-01;
  -7.613100e-01  -2.275673e+00  -3.594264e-01;
   1.290020e+00   2.563809e-01  -5.373729e+00]
sigmaDot=[ ... 
  -1.240535e+05   1.641416e+05  -7.739982e+05;
   9.934809e+04   1.616839e+04  -4.167998e+04;
   5.001953e+04  -9.280114e+03  -1.014972e+04]
intgraE=[ ...  
  -5.598833e-04   5.572208e-03  -1.091840e-03;
   5.572208e-03  -4.052022e-03   1.927285e-03;
  -1.091840e-03   1.927285e-03  -3.294089e-03]
E=[ ...        
  -7.387437e-04   3.125812e-03  -9.225781e-04;
   3.125812e-03  -2.386170e-03   1.563078e-03;
  -9.225781e-04   1.563078e-03  -3.334131e-03]
e=[ ...        
  -7.707447e-04   3.151249e-03  -9.444048e-04;
   3.151249e-03  -2.412864e-03   1.584001e-03;
  -9.444048e-04   1.584001e-03  -3.363307e-03]
intgraF=[ ...  
   9.993970e-01   2.167114e-03  -1.009574e-04;
   9.014281e-03   9.959373e-01   4.317150e-03;
  -2.128742e-03  -4.462985e-04   9.966911e-01]
F=[ ...        
   9.992499e-01   1.774592e-03  -4.609877e-04;
   4.490880e-03   9.976086e-01   1.863155e-03;
  -1.397551e-03   1.272527e-03   9.966584e-01]
R=[ ...        
   9.999990e-01  -1.360855e-03   4.696442e-04;
   1.360716e-03   9.999990e-01   2.963780e-04;
  -4.700470e-04  -2.957386e-04   9.999998e-01]
U=[ ...        
   9.992556e-01   3.131454e-03  -9.269283e-04;
   3.131454e-03   9.976048e-01   1.569030e-03;
  -9.269283e-04   1.569030e-03   9.966586e-01]
l=[ ...        
  -1.456389e-03   2.063585e-02   1.465965e-03;
   7.126127e-02  -3.881038e-02   3.592162e-02;
  -5.245228e-03  -4.421843e-03  -2.617667e-02]
d=[ ...        
  -1.456389e-03   4.594856e-02  -1.889631e-03;
   4.594856e-02  -3.881038e-02   1.574989e-02;
  -1.889631e-03   1.574989e-02  -2.617667e-02]
     iteration=         299999       process=              3       (i,j,k)=              0              1              1       (x,y,z)=   5.007500e-03   1.499250e-02   1.430362e-02     particles=             44
fabric=[ ...   
   4.193639e-01   4.696200e-02   4.058812e-02;
   4.696200e-02   3.842360e-01  -6.482306e-03;
   4.058812e-02  -6.482306e-03   1.964001e-01]
sigma=[ ...    
  -6.644485e-01  -3.868847e-01   1.075867e-01;
  -3.932998e-01  -6.275800e-01   2.313323e-01;
   9.909918e-02   8.786908e-02  -1.854470e-02]
sigmaDot=[ ... 
  -5.398509e+03  -1.577216e+04   6.252167e+03;
  -1.553983e+04  -5.625374e+03   1.357217e+03;
   6.719690e+03   6.868396e+03  -2.278817e+03]
intgraE=[ ...  
  -1.836941e-03   3.951681e-03  -5.162924e-04;
   3.951681e-03  -3.814870e-03  -2.629862e-03;
  -5.162924e-04  -2.629862e-03  -1.044195e-02]
E=[ ...        
  -2.084097e-03   4.432868e-03  -1.426805e-03;
   4.432868e-03  -2.322456e-03   1.226691e-03;
  -1.426805e-03   1.226691e-03  -7.560496e-03]
e=[ ...        
  -2.121781e-03   4.478110e-03  -1.450549e-03;
   4.478110e-03  -2.394866e-03   1.281217e-03;
  -1.450549e-03   1.281217e-03  -7.680476e-03]
intgraF=[ ...  
   9.981541e-01   5.259190e-03   1.678961e-03;
   2.668420e-03   9.961627e-01  -6.860100e-03;
  -2.718749e-03   1.581866e-03   9.894778e-01]
F=[ ...        
   9.979090e-01   5.895088e-03  -2.133375e-03;
   2.992485e-03   9.976516e-01  -9.225285e-04;
  -7.274585e-04   3.412227e-03   9.924080e-01]
R=[ ...        
   9.999987e-01   1.455759e-03  -7.040106e-04;
  -1.457289e-03   9.999966e-01  -2.177163e-03;
   7.008388e-04   2.178186e-03   9.999974e-01]
U=[ ...        
   9.979028e-01   4.443605e-03  -1.436510e-03;
   4.443605e-03   9.976642e-01   1.236018e-03;
  -1.436510e-03   1.236018e-03   9.924089e-01]
l=[ ...        
   1.023714e-02   8.741194e-02  -5.868718e-02;
   2.525168e-02  -3.442668e-02   3.606159e-02;
  -7.304677e-02   8.035220e-02   5.930479e-02]
d=[ ...        
   1.023714e-02   5.633181e-02  -6.586697e-02;
   5.633181e-02  -3.442668e-02   5.820689e-02;
  -6.586697e-02   5.820689e-02   5.930479e-02]
     iteration=         299999       process=              4       (i,j,k)=              1              0              0       (x,y,z)=   1.499250e-02   5.007500e-03   4.777873e-03     particles=             71
fabric=[ ...   
   2.508800e-01   2.941170e-02   1.480608e-03;
   2.941170e-02   3.888459e-01   2.414000e-02;
   1.480608e-03   2.414000e-02   3.290241e-01]
sigma=[ ...    
  -1.024862e+01  -5.804527e+00  -4.927697e+00;
  -4.788486e+00  -7.928483e+00  -2.028979e+00;
  -4.281401e+00  -1.318703e+00  -6.476590e+00]
sigmaDot=[ ... 
   8.102209e+04   3.781545e+05   5.633750e+05;
  -3.743833e+05  -1.462918e+04   4.063315e+04;
  -5.784872e+04  -1.599124e+03  -3.179256e+03]
intgraE=[ ...  
  -1.648238e-04   1.182841e-03   4.296437e-03;
   1.182841e-03   3.876780e-03  -2.638889e-03;
   4.296437e-03  -2.638889e-03  -1.516388e-02]
E=[ ...        
   1.682195e-03   8.644664e-04   2.602869e-03;
   8.644664e-04   3.096230e-03  -1.638725e-03;
   2.602869e-03  -1.638725e-03  -9.664046e-03]
e=[ ...        
   1.655464e-03   8.839220e-04   2.661994e-03;
   8.839220e-04   3.050205e-03  -1.730266e-03;
   2.661994e-03  -1.730266e-03  -9.848219e-03]
intgraF=[ ...  
   9.998176e-01   4.428639e-03   3.101080e-03;
  -2.001566e-03   1.003815e+00   4.026856e-03;
   5.585848e-03  -9.478694e-03   9.847063e-01]
F=[ ...        
   1.001669e+00   3.316837e-03   7.279939e-04;
  -1.560116e-03   1.003066e+00   2.957276e-03;
   4.525108e-03  -6.307492e-03   9.902841e-01]
R=[ ...        
   9.999952e-01   2.441614e-03  -1.900529e-03;
  -2.432747e-03   9.999862e-01   4.654139e-03;
   1.911867e-03  -4.649493e-03   9.999874e-01]
U=[ ...        
   1.001677e+00   8.645563e-04   2.614087e-03;
   8.645563e-04   1.003090e+00  -1.645306e-03;
   2.614087e-03  -1.645306e-03   9.902840e-01]
l=[ ...        
  -5.737335e-03   4.619973e-02   3.633932e-02;
  -2.505294e-02   4.305044e-02   2.747358e-02;
   4.661315e-02  -8.813373e-02  -1.081651e-01]
d=[ ...        
  -5.737335e-03   1.057339e-02   4.147623e-02;
   1.057339e-02   4.305044e-02  -3.033008e-02;
   4.147623e-02  -3.033008e-02  -1.081651e-01]
     iteration=         299999       process=              5       (i,j,k)=              1              0              1       (x,y,z)=   1.499250e-02   5.007500e-03   1.430362e-02     particles=             42
fabric=[ ...   
   3.755286e-01   1.113003e-01  -1.704775e-02;
   1.113003e-01   3.795371e-01  -3.564196e-02;
  -1.704775e-02  -3.564196e-02   1.893788e-01]
sigma=[ ...    
  -2.192796e+00  -9.465025e-01   2.577264e-02;
  -1.632848e+00  -1.851667e+00  -4.321709e-02;
  -1.759226e-02  -2.216617e-02  -2.083820e-02]
sigmaDot=[ ... 
  -2.570354e+04  -4.414716e+04   2.563949e+02;
  -5.972126e+04  -7.062291e+03   6.271408e+03;
  -3.098761e+02   4.047504e+04  -6.237588e+02]
intgraE=[ ...  
   1.039986e-02  -5.434718e-04   2.533367e-02;
  -5.434718e-04   1.148867e-02  -7.196846e-03;
   2.533367e-02  -7.196846e-03   1.379745e-03]
E=[ ...        
   2.396875e-02   5.226711e-03  -1.793094e-03;
   5.226711e-03   6.239192e-03  -1.149421e-02;
  -1.793094e-03  -1.149421e-02   5.154689e-02]
e=[ ...        
   2.283429e-02   5.010239e-03  -1.788730e-03;
   5.010239e-03   5.531914e-03  -9.467901e-03;
  -1.788730e-03  -9.467901e-03   4.684107e-02]
intgraF=[ ...  
   1.009623e+00  -6.119138e-03   1.268137e-02;
   6.160739e-03   1.010956e+00   1.569231e-02;
   3.772293e-02  -3.014489e-02   1.001176e+00]
F=[ ...        
   1.023616e+00   3.278944e-03  -1.349329e-02;
   7.343287e-03   1.005773e+00   8.324028e-03;
   9.679102e-03  -2.982036e-02   1.050163e+00]
R=[ ...        
   9.999348e-01  -1.974854e-03  -1.124902e-02;
   2.183525e-03   9.998252e-01   1.856815e-02;
   1.121038e-02  -1.859150e-02   9.997643e-01]
U=[ ...        
   1.023674e+00   5.140562e-03  -1.701504e-03;
   5.140562e-03   1.006145e+00  -1.117489e-02;
  -1.701504e-03  -1.117489e-02   1.050222e+00]
l=[ ...        
  -1.741164e-02  -9.623490e-02   1.156415e-01;
   2.703069e-02   5.648666e-02   1.321296e-01;
   1.618608e-01  -1.835587e-01   7.799837e-02]
d=[ ...        
  -1.741164e-02  -3.460210e-02   1.387511e-01;
  -3.460210e-02   5.648666e-02  -2.571454e-02;
   1.387511e-01  -2.571454e-02   7.799837e-02]
     iteration=         299999       process=              6       (i,j,k)=              1              1              0       (x,y,z)=   1.499250e-02   1.499250e-02   4.777873e-03     particles=             55
fabric=[ ...   
   3.942594e-01  -1.232032e-02   5.582727e-02;
  -1.232032e-02   1.751388e-01   3.022994e-03;
   5.582727e-02   3.022994e-03   3.806018e-01]
sigma=[ ...    
  -4.432471e-01   4.583099e-02  -1.447228e-01;
   4.144246e-02  -2.215983e-01  -5.671586e-02;
  -2.703372e-01  -5.434866e-02  -6.069215e-01]
sigmaDot=[ ... 
  -6.356391e+03   3.256964e+03  -3.460213e+03;
   3.441203e+03   3.148711e+03  -4.491704e+02;
  -8.078836e+03  -1.300818e+04  -5.956397e+03]
intgraE=[ ...  
  -6.186062e-03  -3.811687e-03   1.689012e-03;
  -3.811687e-03  -4.335490e-03   3.565115e-03;
   1.689012e-03   3.565115e-03  -1.066492e-02]
E=[ ...        
  -4.192501e-03  -4.461466e-03  -1.101864e-03;
  -4.461466e-03   1.199479e-03   6.178746e-03;
  -1.101864e-03   6.178746e-03  -5.256906e-03]
e=[ ...        
  -4.259513e-03  -4.476443e-03  -1.099338e-03;
  -4.476443e-03   1.000750e-03   6.254506e-03;
  -1.099338e-03   6.254506e-03  -5.324590e-03]
intgraF=[ ...  
   9.937853e-01  -3.606151e-03   1.948920e-03;
  -4.069002e-03   9.956169e-01  -7.136997e-04;
   1.453905e-03   7.932907e-03   9.892754e-01]
F=[ ...        
   9.957928e-01  -5.697161e-03  -1.128977e-03;
  -3.233499e-03   1.001115e+00   7.410611e-04;
  -1.082813e-03   1.167070e-02   9.947283e-01]
R=[ ...        
   9.999992e-01  -1.230675e-03  -2.826925e-05;
   1.230502e-03   9.999843e-01  -5.475523e-03;
   3.500740e-05   5.475484e-03   9.999850e-01]
U=[ ...        
   9.957881e-01  -4.464875e-03  -1.093242e-03;
  -4.464875e-03   1.001170e+00   6.189058e-03;
  -1.093242e-03   6.189058e-03   9.947093e-01]
l=[ ...        
  -4.200767e-02  -5.021684e-02   3.675741e-02;
  -5.304033e-02  -2.868524e-03   5.824975e-03;
  -2.242178e-02   1.067361e-01  -1.497814e-01]
d=[ ...        
  -4.200767e-02  -5.162859e-02   7.167817e-03;
  -5.162859e-02  -2.868524e-03   5.628056e-02;
   7.167817e-03   5.628056e-02  -1.497814e-01]
     iteration=         299999       process=              7       (i,j,k)=              1              1              1       (x,y,z)=   1.499250e-02   1.499250e-02   1.430362e-02     particles=             52
fabric=[ ...   
   3.732270e-01  -3.639219e-03  -2.939542e-02;
  -3.639219e-03   2.485439e-01  -1.024166e-01;
  -2.939542e-02  -1.024166e-01   3.068005e-01]
sigma=[ ...    
  -3.636389e-01   2.893376e-01  -9.866128e-02;
   4.099212e-02  -7.143870e-01   1.588196e-01;
  -5.842100e-03   1.945903e-01  -6.563410e-02]
sigmaDot=[ ... 
  -1.269856e+04   2.215086e+04  -1.533385e+05;
   9.036004e+04  -1.255597e+04  -4.164989e+04;
   1.614072e+05  -7.803819e+05   7.208152e+04]
intgraE=[ ...  
   5.649061e-03  -2.750979e-03  -5.521989e-03;
  -2.750979e-03  -1.210069e-02   6.096051e-04;
  -5.521989e-03   6.096051e-04  -1.947561e-02]
E=[ ...        
   6.927286e-03  -2.983916e-03  -8.805487e-03;
  -2.983916e-03  -2.219497e-03   1.008372e-03;
  -8.805487e-03   1.008372e-03  -2.444837e-02]
e=[ ...        
   6.748220e-03  -2.961651e-03  -8.935663e-03;
  -2.961651e-03  -2.235375e-03   1.031900e-03;
  -8.935663e-03   1.031900e-03  -2.598160e-02]
intgraF=[ ...  
   1.005607e+00   1.606091e-03  -1.087809e-02;
  -7.204633e-03   9.878229e-01  -1.584303e-04;
  -1.081699e-04   1.421222e-03   9.802706e-01]
F=[ ...        
   1.006884e+00  -4.376639e-04  -1.463106e-02;
  -5.534563e-03   9.977766e-01   3.920115e-04;
  -2.950391e-03   1.660488e-03   9.751354e-01]
R=[ ...        
   9.999794e-01   2.546443e-03  -5.896356e-03;
  -2.550353e-03   9.999965e-01  -6.556985e-04;
   5.894666e-03   6.707227e-04   9.999824e-01]
U=[ ...        
   1.006860e+00  -2.972550e-03  -8.883656e-03;
  -2.972550e-03   9.977731e-01   1.008799e-03;
  -8.883656e-03   1.008799e-03   9.752042e-01]
l=[ ...        
   6.086306e-02   3.167919e-02  -6.458198e-02;
  -5.276592e-02  -7.571602e-02   4.449234e-02;
   2.154780e-02   4.615197e-02   4.380866e-02]
d=[ ...        
   6.086306e-02  -1.054336e-02  -2.151709e-02;
  -1.054336e-02  -7.571602e-02   4.532216e-02;
  -2.151709e-02   4.532216e-02   4.380866e-02]
