     iteration=        4799999       process=              0       (i,j,k)=              0              0              0       (x,y,z)=   5.119311e-03   5.118421e-03   4.887727e-03     particles=             70
fabric=[ ...   
   3.538887e-01  -3.643261e-02  -3.497973e-02;
  -3.643261e-02   3.332251e-01  -1.699386e-03;
  -3.497973e-02  -1.699386e-03   3.128861e-01]
sigma=[ ...    
  -9.044270e+01   4.426739e+00   3.483901e+01;
   4.289124e+00  -1.226747e+02   1.975413e+01;
   3.571650e+01   2.283678e+01  -7.713765e+01]
sigmaDot=[ ... 
   7.486470e+04   3.030695e+05  -5.562940e+05;
  -2.749934e+06  -2.039265e+05   2.544399e+05;
   1.430339e+05  -2.491996e+05  -7.579632e+05]
intgraE=[ ...  
   1.308531e-02  -1.203990e-02   2.665307e-02;
  -1.203990e-02  -1.422025e-02  -3.734524e-04;
   2.665307e-02  -3.734524e-04   3.028002e-02]
E=[ ...        
   3.126727e-02   8.455297e-03   1.927026e-02;
   8.455297e-03  -1.164969e-02   4.652628e-04;
   1.927026e-02   4.652628e-04   4.537888e-02]
e=[ ...        
   2.902622e-02   8.507142e-03   1.678597e-02;
   8.507142e-03  -1.193945e-02   3.062717e-04;
   1.678597e-02   3.062717e-04   4.055292e-02]
intgraF=[ ...  
   1.012776e+00  -1.923284e-02   3.144770e-02;
  -4.654867e-03   9.854893e-01   5.538168e-04;
   2.084729e-02  -6.682408e-04   1.029355e+00]
F=[ ...        
   1.030655e+00   7.588337e-04   3.294341e-02;
   1.633018e-02   9.882785e-01   3.414264e-03;
   4.341050e-03  -2.364970e-03   1.043868e+00]
R=[ ...        
   9.998755e-01  -7.708875e-03   1.376600e-02;
   7.671468e-03   9.999667e-01   2.768049e-03;
  -1.378688e-02  -2.662099e-03   9.999014e-01]
U=[ ...        
   1.030592e+00   8.372892e-03   1.857382e-02;
   8.372892e-03   9.882461e-01   3.813131e-04;
   1.857382e-02   3.813131e-04   1.044228e+00]
l=[ ...        
   1.223570e-02   6.090546e-03  -6.252920e-04;
  -4.247252e-02  -1.739373e-02   5.602613e-03;
   1.503771e-02   2.536608e-02   3.596509e-02]
d=[ ...        
   1.223570e-02  -1.819099e-02   7.206208e-03;
  -1.819099e-02  -1.739373e-02   1.548435e-02;
   7.206208e-03   1.548435e-02   3.596509e-02]
     iteration=        4799999       process=              1       (i,j,k)=              0              0              1       (x,y,z)=   5.119311e-03   5.118421e-03   1.419031e-02     particles=             56
fabric=[ ...   
   2.193546e-01  -8.404057e-03  -7.116893e-03;
  -8.404057e-03   3.696092e-01   9.404988e-03;
  -7.116893e-03   9.404988e-03   4.110361e-01]
sigma=[ ...    
  -1.290850e+01  -1.941958e+00   8.827858e-01;
  -6.236426e-01  -1.690096e+01  -3.174191e-01;
   9.098366e-01  -5.107157e-02  -2.679540e+01]
sigmaDot=[ ... 
   3.333682e+04   1.750811e+05  -7.216445e+05;
   1.925685e+05   3.050073e+04   2.037204e+04;
  -3.927665e+04  -3.945439e+04   5.398377e+04]
intgraE=[ ...  
  -1.026271e-01   1.319828e-02  -2.701155e-01;
   1.319828e-02   5.847538e-02  -1.296298e-02;
  -2.701155e-01  -1.296298e-02   5.882647e-01]
E=[ ...        
   9.110274e-02  -8.775436e-02  -2.990379e-01;
  -8.775436e-02   1.755875e-02   1.819273e-01;
  -2.990379e-01   1.819273e-01  -1.217210e-01]
e=[ ...        
  -3.838816e-01   4.495193e-01  -5.302795e-01;
   4.495193e-01  -5.003998e-01   4.077430e-01;
  -5.302795e-01   4.077430e-01  -2.481147e-01]
intgraF=[ ...  
   8.902253e-01   3.454933e-02  -6.763719e-01;
  -6.289885e-03   1.055181e+00  -6.260211e-02;
   4.695880e-02   4.848602e-02   1.309630e+00]
F=[ ...        
   9.938405e-01  -8.803198e-02  -2.395343e-01;
   2.233854e-01   7.557297e-01  -2.574795e-01;
  -3.802439e-01   6.754558e-01   7.955410e-01]
R=[ ...        
   9.916601e-01  -5.573298e-02   1.162073e-01;
   1.066988e-01   8.607632e-01  -4.976967e-01;
  -7.228887e-02   5.059451e-01   8.595312e-01]
U=[ ...        
   1.036874e+00  -5.549031e-02  -3.225182e-01;
  -5.549031e-02   9.971542e-01   1.942212e-01;
  -3.225182e-01   1.942212e-01   7.841034e-01]
l=[ ...        
   1.761919e-02   2.363991e-02  -7.266811e-02;
  -2.068718e-02  -2.640731e-02  -7.435012e-03;
  -3.893907e-03   1.399765e-02  -6.376184e-02]
d=[ ...        
   1.761919e-02   1.476363e-03  -3.828101e-02;
   1.476363e-03  -2.640731e-02   3.281320e-03;
  -3.828101e-02   3.281320e-03  -6.376184e-02]
     iteration=        4799999       process=              2       (i,j,k)=              0              1              0       (x,y,z)=   5.119311e-03   1.487953e-02   4.887727e-03     particles=             74
fabric=[ ...   
   3.239641e-01   1.258647e-02  -9.043131e-03;
   1.258647e-02   3.585270e-01   1.008378e-02;
  -9.043131e-03   1.008378e-02   3.096349e-01]
sigma=[ ...    
  -5.939514e+01  -4.224878e+00   2.466995e+00;
  -6.839952e+00  -8.627647e+01  -1.025822e+01;
   4.684590e+00  -1.058351e+01  -5.939821e+01]
sigmaDot=[ ... 
   3.904523e+03  -1.079409e+05  -5.804546e+05;
  -1.173709e+06  -1.282991e+04   8.362371e+04;
  -8.727484e+04  -1.038334e+06  -2.147982e+04]
intgraE=[ ...  
   2.046309e-02   1.302511e-02   1.267790e-02;
   1.302511e-02  -4.394606e-02  -5.568848e-03;
   1.267790e-02  -5.568848e-03   2.456324e-03]
E=[ ...        
   4.651053e-03  -7.759095e-03   1.135491e-02;
  -7.759095e-03  -2.156322e-02   2.815507e-05;
   1.135491e-02   2.815507e-05   2.024036e-03]
e=[ ...        
   3.691677e-03  -8.570831e-03   1.125128e-02;
  -8.570831e-03  -2.231784e-02  -4.363949e-05;
   1.125128e-02  -4.363949e-05   1.955140e-03]
intgraF=[ ...  
   1.019855e+00   1.408822e-02  -4.684427e-04;
   1.239899e-02   9.549199e-01  -5.245662e-03;
   2.583556e-02  -6.107010e-03   1.002439e+00]
F=[ ...        
   1.004029e+00   1.262726e-02   2.720603e-03;
  -2.878685e-02   9.781157e-01   2.043426e-03;
   1.999677e-02  -1.972773e-03   1.002016e+00]
R=[ ...        
   9.997446e-01   2.090955e-02  -8.579629e-03;
  -2.089138e-02   9.997793e-01   2.202409e-03;
   8.623787e-03  -2.022606e-03   9.999608e-01]
U=[ ...        
   1.004546e+00  -7.827160e-03   1.131839e-02;
  -7.827160e-03   9.781678e-01   7.317767e-05;
   1.131839e-02   7.317767e-05   1.001958e+00]
l=[ ...        
  -5.919948e-03  -3.118984e-02   3.858170e-03;
   2.589029e-02  -1.516691e-02  -5.553758e-04;
  -1.535276e-02  -1.338074e-02   2.906219e-03]
d=[ ...        
  -5.919948e-03  -2.649777e-03  -5.747293e-03;
  -2.649777e-03  -1.516691e-02  -6.968059e-03;
  -5.747293e-03  -6.968059e-03   2.906219e-03]
     iteration=        4799999       process=              3       (i,j,k)=              0              1              1       (x,y,z)=   5.119311e-03   1.487953e-02   1.419031e-02     particles=             47
fabric=[ ...   
   2.917308e-01   7.404801e-02  -4.013926e-03;
   7.404801e-02   3.585079e-01   1.864713e-02;
  -4.013926e-03   1.864713e-02   3.497613e-01]
sigma=[ ...    
  -2.899501e+01  -1.238352e+01   3.000345e+00;
  -1.419361e+01  -3.509008e+01  -2.113874e-02;
   1.872355e+00   1.623037e+00  -3.987569e+01]
sigmaDot=[ ... 
  -9.277870e+04  -9.750238e+04  -6.575592e+05;
   9.145073e+04   2.655029e+04  -1.078192e+04;
   6.326507e+04  -9.635700e+05   5.815322e+03]
intgraE=[ ...  
   6.416232e-03   8.515803e-02  -9.159009e-02;
   8.515803e-02  -2.608689e-02  -3.488261e-02;
  -9.159009e-02  -3.488261e-02   1.600774e-01]
E=[ ...        
   1.577924e-02   9.014454e-02   9.409896e-02;
   9.014454e-02  -3.574894e-02   5.652982e-02;
   9.409896e-02   5.652982e-02   2.725035e-01]
e=[ ...        
  -2.898857e-02   8.653749e-02   1.360533e-02;
   8.653749e-02  -5.175882e-02   5.720900e-02;
   1.360533e-02   5.720900e-02   1.771319e-01]
intgraF=[ ...  
   1.002293e+00   8.307580e-02  -1.620465e-01;
   8.943803e-02   9.698046e-01  -3.450331e-02;
  -1.554673e-02  -2.008986e-02   1.136972e+00]
F=[ ...        
   9.725057e-01   5.775625e-02  -1.549954e-01;
   1.228699e-01   9.615936e-01   9.817945e-02;
   2.658836e-01   2.245291e-02   1.229367e+00]
R=[ ...        
   9.817270e-01  -2.211169e-02  -1.890059e-01;
   2.990331e-02   9.988121e-01   3.847216e-02;
   1.879307e-01  -4.342106e-02   9.812220e-01]
U=[ ...        
   1.008377e+00   8.967529e-02   8.180856e-02;
   8.967529e-02   9.581993e-01   4.810960e-02;
   8.180856e-02   4.810960e-02   1.239355e+00]
l=[ ...        
   2.176641e-02   1.180002e-02  -3.718323e-03;
   2.981460e-02   3.874169e-03   3.602450e-03;
   1.574225e-02  -1.056056e-02  -1.688280e-02]
d=[ ...        
   2.176641e-02   2.080731e-02   6.011962e-03;
   2.080731e-02   3.874169e-03  -3.479054e-03;
   6.011962e-03  -3.479054e-03  -1.688280e-02]
     iteration=        4799999       process=              4       (i,j,k)=              1              0              0       (x,y,z)=   1.487983e-02   5.118421e-03   4.887727e-03     particles=             67
fabric=[ ...   
   4.014804e-01  -4.529922e-03  -2.059122e-02;
  -4.529922e-03   3.455161e-01  -1.158354e-03;
  -2.059122e-02  -1.158354e-03   2.328016e-01]
sigma=[ ...    
  -8.655324e+01  -4.256781e+00  -1.577875e+01;
  -7.210591e-01  -6.695943e+01   1.397485e+01;
  -9.620269e+00   1.216930e+01  -4.082197e+01]
sigmaDot=[ ... 
   4.720300e+04  -6.447515e+04  -2.995026e+05;
  -2.718064e+05  -6.259324e+04   1.652843e+04;
  -2.578314e+05   2.441684e+05  -5.848308e+04]
intgraE=[ ...  
  -1.939237e-02   4.243462e-02  -2.169868e-02;
   4.243462e-02   1.149434e-02  -7.163318e-03;
  -2.169868e-02  -7.163318e-03   6.729181e-02]
E=[ ...        
  -1.039201e-02   4.579724e-03   3.482356e-02;
   4.579724e-03   1.817587e-02   2.268320e-02;
   3.482356e-02   2.268320e-02  -2.001776e-01]
e=[ ...        
  -1.218758e-02  -4.754169e-04   5.000966e-02;
  -4.754169e-04   1.150006e-02   5.549642e-02;
   5.000966e-02   5.549642e-02  -3.417677e-01]
intgraF=[ ...  
   9.782614e-01   3.812624e-02   5.073755e-03;
   4.666680e-02   1.010670e+00  -4.872884e-03;
  -4.518954e-02  -9.008351e-03   1.065145e+00]
F=[ ...        
   9.888118e-01  -2.772806e-02   5.843568e-02;
   3.487087e-02   1.014874e+00  -1.070714e-02;
   1.585136e-02   7.493100e-02   7.720851e-01]
R=[ ...        
   9.991636e-01  -3.187563e-02   2.561336e-02;
   3.308209e-02   9.982922e-01  -4.814755e-02;
  -2.403488e-02   4.895462e-02   9.985118e-01]
U=[ ...        
   9.887574e-01   4.068311e-03   3.947561e-02;
   4.068311e-03   1.017692e+00   2.524561e-02;
   3.947561e-02   2.524561e-02   7.729483e-01]
l=[ ...        
  -2.001631e-02  -1.427441e-02   2.824924e-02;
  -4.938759e-02  -2.263042e-02   1.657275e-02;
  -4.700008e-02  -4.168815e-02   5.290948e-03]
d=[ ...        
  -2.001631e-02  -3.183100e-02  -9.375420e-03;
  -3.183100e-02  -2.263042e-02  -1.255770e-02;
  -9.375420e-03  -1.255770e-02   5.290948e-03]
     iteration=        4799999       process=              5       (i,j,k)=              1              0              1       (x,y,z)=   1.487983e-02   5.118421e-03   1.419031e-02     particles=             40
fabric=[ ...   
   3.169368e-01  -4.787910e-02  -2.685040e-02;
  -4.787910e-02   3.221474e-01  -2.191940e-03;
  -2.685040e-02  -2.191940e-03   3.331380e-01]
sigma=[ ...    
  -6.312275e+00   8.520697e-01  -7.721787e-01;
   4.263492e-01  -7.678446e+00   6.142886e-01;
  -5.725752e-01   2.963453e-02  -9.150591e+00]
sigmaDot=[ ... 
  -4.651679e+03  -3.283991e+04  -3.020718e+04;
  -5.897069e+04   6.404109e+02   6.272099e+04;
  -4.443023e+04   1.246552e+04  -7.068472e+04]
intgraE=[ ...  
   4.063660e-02   1.521605e-02  -1.041358e-01;
   1.521605e-02   1.887639e-02  -5.447095e-02;
  -1.041358e-01  -5.447095e-02  -7.090758e-04]
E=[ ...        
   3.818453e-01  -4.096703e-01  -9.255399e-01;
  -4.096703e-01   3.187351e-01   3.065633e-01;
  -9.255399e-01   3.065633e-01   1.660862e+00]
e=[ ...        
  -9.388108e-02  -2.872873e-01  -2.044841e-01;
  -2.872873e-01   3.521715e-02  -2.881574e-02;
  -2.044841e-01  -2.881574e-02   2.894526e-01]
intgraF=[ ...  
   1.037007e+00   4.904847e-02  -1.324017e-01;
  -3.492302e-02   9.956530e-01   1.046610e-01;
  -6.834473e-02  -2.098146e-01   9.849354e-01]
F=[ ...        
   1.193631e+00  -4.188919e-01  -6.361729e-01;
  -2.986358e-01   1.206356e+00   4.186453e-01;
  -4.997532e-01  -8.188570e-02   1.934359e+00]
R=[ ...        
   9.959394e-01  -8.608536e-02  -2.634441e-02;
   8.931764e-02   9.814895e-01   1.694131e-01;
   1.127277e-02  -1.710782e-01   9.851930e-01]
U=[ ...        
   1.156477e+00  -3.103652e-01  -5.743917e-01;
  -3.103652e-01   1.234095e+00   1.347347e-01;
  -5.743917e-01   1.347347e-01   1.993400e+00]
l=[ ...        
  -3.786400e-02   1.264839e-02  -3.554931e-02;
   4.753546e-02   1.691179e-02  -3.887007e-03;
  -2.921888e-02   4.869562e-02  -2.578512e-02]
d=[ ...        
  -3.786400e-02   3.009192e-02  -3.238409e-02;
   3.009192e-02   1.691179e-02   2.240431e-02;
  -3.238409e-02   2.240431e-02  -2.578512e-02]
     iteration=        4799999       process=              6       (i,j,k)=              1              1              0       (x,y,z)=   1.487983e-02   1.487953e-02   4.887727e-03     particles=             58
fabric=[ ...   
   3.869804e-01  -1.057941e-02   1.523989e-03;
  -1.057941e-02   3.446702e-01   3.658067e-02;
   1.523989e-03   3.658067e-02   2.683494e-01]
sigma=[ ...    
  -2.588301e+01   6.542200e+00   1.382235e+00;
   6.515692e+00  -2.832866e+01  -2.732700e+00;
   1.905160e+00  -1.943618e+00  -7.707608e+00]
sigmaDot=[ ... 
   2.470146e+05  -6.220170e+04  -1.713179e+05;
  -5.053776e+05   1.129739e+05  -5.765678e+05;
  -1.333957e+05   7.073149e+05  -2.600754e+04]
intgraE=[ ...  
  -7.613815e-02   6.472909e-02  -4.599942e-02;
   6.472909e-02  -9.399049e-02  -4.916783e-04;
  -4.599942e-02  -4.916783e-04  -2.146643e-02]
E=[ ...        
  -2.490603e-02  -9.068082e-03   2.509736e-02;
  -9.068082e-03  -1.222934e-01  -1.853205e-02;
   2.509736e-02  -1.853205e-02   5.245173e-03]
e=[ ...        
  -3.437381e-02  -9.746321e-03   2.212718e-02;
  -9.746321e-03  -1.663258e-01   1.532137e-03;
   2.212718e-02   1.532137e-03   1.261564e-02]
intgraF=[ ...  
   9.147081e-01   6.292891e-02  -2.786201e-02;
   7.317889e-02   8.948869e-01   9.339366e-02;
  -7.534962e-02  -8.506691e-02   9.734313e-01]
F=[ ...        
   9.629980e-01   2.406104e-02  -9.869030e-02;
  -2.137526e-02   8.550559e-01   1.378745e-01;
   1.495520e-01  -1.539923e-01   9.908285e-01]
R=[ ...        
   9.918249e-01   3.584612e-02  -1.224681e-01;
  -1.630866e-02   9.874715e-01   1.569526e-01;
   1.265599e-01  -1.536722e-01   9.799834e-01]
U=[ ...        
   9.744013e-01  -9.569714e-03   2.526708e-02;
  -9.569714e-03   8.688701e-01  -1.965332e-02;
   2.526708e-02  -1.965332e-02   1.004722e+00]
l=[ ...        
  -2.458148e-02   2.152613e-02   1.101719e-02;
   4.883497e-02  -8.066867e-04   1.765043e-02;
  -1.240675e-02  -4.242805e-03  -9.966686e-03]
d=[ ...        
  -2.458148e-02   3.518055e-02  -6.947827e-04;
   3.518055e-02  -8.066867e-04   6.703815e-03;
  -6.947827e-04   6.703815e-03  -9.966686e-03]
     iteration=        4799999       process=              7       (i,j,k)=              1              1              1       (x,y,z)=   1.487983e-02   1.487953e-02   1.419031e-02     particles=             53
fabric=[ ...   
   4.419299e-01   6.591126e-02  -1.582335e-02;
   6.591126e-02   1.854146e-01  -2.373958e-02;
  -1.582335e-02  -2.373958e-02   3.440841e-01]
sigma=[ ...    
  -7.042184e+00  -5.251234e-01   1.147187e+00;
  -3.585601e-01  -1.802468e+00  -6.160007e-02;
   5.170670e-01   9.924769e-02  -4.178262e+00]
sigmaDot=[ ... 
   4.803317e+04   3.451283e+04  -9.917124e+05;
   3.473577e+05   1.219602e+02   1.104525e+05;
   1.901426e+05  -5.953773e+05   3.811320e+04]
intgraE=[ ...  
   3.193014e-02  -6.352499e-02   1.540782e-03;
  -6.352499e-02   1.031677e-01  -9.069050e-02;
   1.540782e-03  -9.069050e-02  -7.028080e-02]
E=[ ...        
   1.376165e-01   2.757979e-01   2.107516e-01;
   2.757979e-01  -3.016026e-01  -5.537853e-02;
   2.107516e-01  -5.537853e-02  -1.157777e-01]
e=[ ...        
  -1.134814e+01   9.947022e+00   1.354350e+01;
   9.947022e+00  -8.502507e+00  -1.148101e+01;
   1.354350e+01  -1.148101e+01  -1.593136e+01]
intgraF=[ ...  
   1.011278e+00   9.355410e-02  -4.048637e-02;
  -2.013466e-01   1.092082e+00  -1.033870e-01;
   2.521543e-02  -7.028158e-02   9.203860e-01]
F=[ ...        
   9.205575e-01   2.446733e-01   4.618531e-01;
   5.995879e-01   5.759103e-01  -3.028280e-01;
   2.613452e-01  -7.250511e-02   6.807580e-01]
R=[ ...        
   9.489813e-01  -2.427666e-01   2.012435e-01;
   2.920737e-01   9.172650e-01  -2.707726e-01;
  -1.188591e-01   3.157361e-01   9.413731e-01]
U=[ ...        
   1.017652e+00   4.090166e-01   2.689276e-01;
   4.090166e-01   4.459714e-01  -1.749562e-01;
   2.689276e-01  -1.749562e-01   8.157897e-01]
l=[ ...        
  -5.828548e-02   3.441674e-02   7.682654e-02;
  -2.383010e-02  -6.850910e-02   9.518293e-02;
  -3.183102e-02  -4.988707e-02   5.430177e-02]
d=[ ...        
  -5.828548e-02   5.293321e-03   2.249776e-02;
   5.293321e-03  -6.850910e-02   2.264793e-02;
   2.249776e-02   2.264793e-02   5.430177e-02]
