     iteration=        3299999       process=              0       (i,j,k)=              0              0              0       (x,y,z)=   5.082436e-03   5.082438e-03   4.852829e-03     particles=             72
fabric=[ ...   
   3.429887e-01  -2.498870e-02  -3.637976e-02;
  -2.498870e-02   3.337297e-01   4.421728e-03;
  -3.637976e-02   4.421728e-03   3.148070e-01]
sigma=[ ...    
  -8.362718e+01  -4.409375e+00   2.704382e+01;
  -6.678075e+00  -8.641187e+01   1.202769e+01;
   2.528277e+01   1.049389e+01  -6.659916e+01]
sigmaDot=[ ... 
  -6.427880e+04   1.544648e+05  -2.911828e+05;
   8.506125e+05   1.031790e+05   2.545006e+04;
   2.082747e+05   1.739212e+06  -8.133310e+04]
intgraE=[ ...  
   1.409724e-02  -1.119355e-02   1.813551e-02;
  -1.119355e-02  -5.714439e-03  -8.954879e-03;
   1.813551e-02  -8.954879e-03   2.459843e-02]
E=[ ...        
   2.997324e-02   1.426046e-03   2.568173e-03;
   1.426046e-03  -8.776089e-03  -8.747784e-03;
   2.568173e-03  -8.747784e-03   2.006606e-02]
e=[ ...        
   2.820412e-02   2.077911e-03   2.470759e-03;
   2.077911e-03  -9.255580e-03  -8.146465e-03;
   2.470759e-03  -8.146465e-03   1.936080e-02]
intgraF=[ ...  
   1.013935e+00  -2.499843e-02   2.469330e-02;
   3.181532e-03   9.937840e-01   1.587094e-03;
   1.096537e-02  -1.842736e-02   1.024004e+00]
F=[ ...        
   1.029361e+00  -1.539523e-02   2.638357e-03;
   1.892331e-02   9.908202e-01   5.079277e-03;
   2.279162e-03  -2.204985e-02   1.019853e+00]
R=[ ...        
   9.998560e-01  -1.696772e-02  -2.087218e-05;
   1.696646e-02   9.997653e-01   1.346936e-02;
  -2.076769e-04  -1.346777e-02   9.999093e-01]
U=[ ...        
   1.029533e+00   1.422272e-03   2.512355e-03;
   1.422272e-03   9.911458e-01  -8.701822e-03;
   2.512355e-03  -8.701822e-03   1.019828e+00]
l=[ ...        
  -4.387900e-03   3.807677e-02  -4.822682e-03;
   8.591905e-04  -4.121930e-03  -5.830678e-03;
   4.064109e-02   4.342807e-02   2.902596e-02]
d=[ ...        
  -4.387900e-03   1.946798e-02   1.790920e-02;
   1.946798e-02  -4.121930e-03   1.879870e-02;
   1.790920e-02   1.879870e-02   2.902596e-02]
     iteration=        3299999       process=              1       (i,j,k)=              0              0              1       (x,y,z)=   5.082436e-03   5.082438e-03   1.422867e-02     particles=             55
fabric=[ ...   
   3.270203e-01  -1.915511e-02  -2.765501e-02;
  -1.915511e-02   3.382508e-01  -1.631707e-02;
  -2.765501e-02  -1.631707e-02   3.347289e-01]
sigma=[ ...    
  -3.851824e+01  -2.335920e-01   7.606245e+00;
  -6.659566e-01  -2.916022e+01   1.911251e+00;
   7.076076e+00   2.932403e+00  -3.983219e+01]
sigmaDot=[ ... 
  -2.831917e+03   3.713630e+04   9.789751e+04;
  -1.449846e+06   1.818679e+05   2.113965e+04;
  -1.097281e+05   1.275151e+06   3.690135e+03]
intgraE=[ ...  
  -1.038811e-01   1.011151e-02  -2.508645e-01;
   1.011151e-02   7.250573e-02  -1.946008e-02;
  -2.508645e-01  -1.946008e-02   6.130887e-01]
E=[ ...        
  -1.451589e-01   2.287296e-02  -8.692429e-02;
   2.287296e-02  -1.740876e-01  -1.587686e-03;
  -8.692429e-02  -1.587686e-03   4.219143e-01]
e=[ ...        
  -1.890386e-01   6.122996e-02  -1.344260e-01;
   6.122996e-02  -2.688995e-01  -2.775800e-02;
  -1.344260e-01  -2.775800e-02   1.852211e-01]
intgraF=[ ...  
   8.885860e-01   3.797394e-02  -6.405451e-01;
  -1.452679e-02   1.068609e+00  -6.472600e-02;
   4.941349e-02   4.054312e-02   1.345990e+00]
F=[ ...        
   8.394091e-01   2.494588e-02  -3.085470e-01;
   2.474858e-02   8.036056e-01  -1.150658e-01;
   6.679842e-02   7.362495e-02   1.317341e+00]
R=[ ...        
   9.854370e-01  -3.112693e-03  -1.700124e-01;
  -1.155711e-02   9.962944e-01  -8.522886e-02;
   1.696477e-01   8.595253e-02   9.817494e-01]
U=[ ...        
   8.382310e-01   2.778554e-02  -7.923995e-02;
   2.778554e-02   8.068783e-01  -4.502542e-04;
  -7.923995e-02  -4.502542e-04   1.355562e+00]
l=[ ...        
  -5.789719e-03  -2.638671e-02  -5.387218e-02;
   2.350033e-02   2.259146e-02   2.621066e-02;
   1.983905e-02   1.750316e-02  -2.491007e-02]
d=[ ...        
  -5.789719e-03  -1.443191e-03  -1.701657e-02;
  -1.443191e-03   2.259146e-02   2.185691e-02;
  -1.701657e-02   2.185691e-02  -2.491007e-02]
     iteration=        3299999       process=              2       (i,j,k)=              0              1              0       (x,y,z)=   5.082436e-03   1.491753e-02   4.852829e-03     particles=             72
fabric=[ ...   
   3.584212e-01   1.649555e-02  -4.954090e-03;
   1.649555e-02   3.315212e-01   1.605456e-02;
  -4.954090e-03   1.605456e-02   3.020576e-01]
sigma=[ ...    
  -9.782281e+01   3.074447e-01   1.973144e+01;
  -1.875102e+00  -1.214671e+02  -1.876396e+01;
   1.737516e+01  -2.027488e+01  -6.238014e+01]
sigmaDot=[ ... 
  -1.288724e+05   5.799474e+04  -1.423810e+06;
  -2.390256e+04   1.935404e+05  -4.650709e+04;
  -3.777253e+05  -3.881823e+05  -1.016750e+05]
intgraE=[ ...  
   1.963983e-02   1.667138e-02   7.504202e-03;
   1.667138e-02  -3.605737e-02  -4.002336e-04;
   7.504202e-03  -4.002336e-04  -3.712643e-03]
E=[ ...        
   2.991728e-02   2.932315e-02   2.972666e-02;
   2.932315e-02   4.985544e-03   3.915588e-02;
   2.972666e-02   3.915588e-02   2.834404e-02]
e=[ ...        
   2.360285e-02   2.587845e-02   2.376640e-02;
   2.587845e-02   2.573687e-03   3.667896e-02;
   2.376640e-02   3.667896e-02   2.272479e-02]
intgraF=[ ...  
   1.019114e+00   2.437587e-02  -9.394994e-03;
   8.685976e-03   9.629436e-01  -6.319076e-03;
   2.473144e-02   5.534399e-03   9.962161e-01]
F=[ ...        
   1.027329e+00   5.859464e-03   1.291551e-02;
   5.120565e-02   1.004568e+00   4.934794e-02;
   4.252314e-02   2.791768e-02   1.026687e+00]
R=[ ...        
   9.996602e-01  -2.182309e-02  -1.425650e-02;
   2.197085e-02   9.997056e-01   1.029104e-02;
   1.402772e-02  -1.060077e-02   9.998454e-01]
U=[ ...        
   1.028701e+00   2.832031e-02   2.839741e-02;
   2.832031e-02   1.003849e+00   3.816788e-02;
   2.839741e-02   3.816788e-02   1.026852e+00]
l=[ ...        
   2.583132e-02  -1.966258e-02   1.490618e-02;
  -5.332710e-03  -3.241939e-03   2.036025e-02;
   3.483856e-02  -1.024501e-02   3.127920e-02]
d=[ ...        
   2.583132e-02  -1.249764e-02   2.487237e-02;
  -1.249764e-02  -3.241939e-03   5.057618e-03;
   2.487237e-02   5.057618e-03   3.127920e-02]
     iteration=        3299999       process=              3       (i,j,k)=              0              1              1       (x,y,z)=   5.082436e-03   1.491753e-02   1.422867e-02     particles=             47
fabric=[ ...   
   3.261975e-01   3.266091e-02   1.284039e-02;
   3.266091e-02   2.711282e-01   3.536455e-02;
   1.284039e-02   3.536455e-02   3.872897e-01]
sigma=[ ...    
  -3.984338e+01  -9.739701e+00  -1.065099e+01;
  -1.869059e+01  -4.049269e+01  -3.482516e+00;
  -1.369768e+01  -2.548077e+00  -5.726425e+01]
sigmaDot=[ ... 
  -1.113075e+04  -2.590354e+05  -6.294040e+04;
  -2.276819e+05   7.762590e+04  -1.565303e+04;
  -4.312500e+04  -1.844395e+05  -6.458052e+04]
intgraE=[ ...  
  -2.668516e-02   6.943016e-02  -6.737555e-02;
   6.943016e-02  -1.730234e-02  -1.978788e-02;
  -6.737555e-02  -1.978788e-02   1.630536e-01]
E=[ ...        
   1.138371e-01   9.376951e-02   1.205864e-02;
   9.376951e-02  -6.668214e-02  -9.161216e-03;
   1.205864e-02  -9.161216e-03   2.037158e-01]
e=[ ...        
   7.737418e-02   9.192333e-02  -2.877962e-03;
   9.192333e-02  -9.643329e-02   9.023139e-03;
  -2.877962e-03   9.023139e-03   1.452268e-01]
intgraF=[ ...  
   9.708419e-01   7.945563e-02  -1.237183e-01;
   6.287598e-02   9.792462e-01  -1.563796e-02;
  -1.192958e-02  -1.260683e-02   1.144795e+00]
F=[ ...        
   1.092850e+00   9.192466e-02  -1.461609e-01;
   9.744517e-02   9.261557e-01   2.080972e-02;
   1.544616e-01  -2.052422e-02   1.177130e+00]
R=[ ...        
   9.912059e-01  -9.597611e-04  -1.323252e-01;
   4.333879e-03   9.996727e-01   2.521303e-02;
   1.322577e-01  -2.556479e-02   9.908856e-01]
U=[ ...        
   1.104090e+00   9.241562e-02   1.089912e-02;
   9.241562e-02   9.262890e-01  -9.149903e-03;
   1.089912e-02  -9.149903e-03   1.186267e+00]
l=[ ...        
   1.345024e-02   1.163344e-02   4.029018e-02;
   5.476387e-02  -6.959325e-02   1.707331e-02;
   4.907770e-02   1.352641e-02  -4.092934e-02]
d=[ ...        
   1.345024e-02   3.319865e-02   4.468394e-02;
   3.319865e-02  -6.959325e-02   1.529986e-02;
   4.468394e-02   1.529986e-02  -4.092934e-02]
     iteration=        3299999       process=              4       (i,j,k)=              1              0              0       (x,y,z)=   1.491752e-02   5.082438e-03   4.852829e-03     particles=             64
fabric=[ ...   
   3.901775e-01   2.125291e-02   2.611549e-03;
   2.125291e-02   3.448469e-01  -2.622676e-02;
   2.611549e-03  -2.622676e-02   2.649756e-01]
sigma=[ ...    
  -1.902634e+02  -2.438938e+01  -9.592609e+00;
  -2.116737e+01  -1.619115e+02   2.426346e+01;
  -5.723438e+00   2.495566e+01  -6.486522e+01]
sigmaDot=[ ... 
   5.817671e+04  -2.037495e+05   1.349477e+05;
   5.616275e+05  -1.980975e+05   2.375727e+05;
  -2.348682e+05   8.627062e+05  -1.758602e+05]
intgraE=[ ...  
  -7.690945e-03   3.378639e-02  -1.174156e-02;
   3.378639e-02   3.045913e-02   4.495896e-03;
  -1.174156e-02   4.495896e-03   6.039633e-02]
E=[ ...        
  -4.654853e-02   8.940641e-03  -2.802124e-02;
   8.940641e-03   5.468801e-02  -1.245965e-03;
  -2.802124e-02  -1.245965e-03  -6.760218e-02]
e=[ ...        
  -5.503823e-02   4.885225e-03  -3.622903e-02;
   4.885225e-03   4.947740e-02  -4.460079e-03;
  -3.622903e-02  -4.460079e-03  -7.950142e-02]
intgraF=[ ...  
   9.906279e-01   1.478587e-02   2.746595e-03;
   5.204164e-02   1.029537e+00  -1.953183e-02;
  -2.379568e-02   2.745409e-02   1.058491e+00]
F=[ ...        
   9.506373e-01  -2.394701e-02  -1.849497e-02;
   3.774548e-02   1.052775e+00   1.630139e-02;
  -4.203428e-02  -2.161807e-02   9.296170e-01]
R=[ ...        
   9.994409e-01  -3.117070e-02   1.209051e-02;
   3.092837e-02   9.993267e-01   1.973706e-02;
  -1.269759e-02  -1.935209e-02   9.997321e-01]
U=[ ...        
   9.518070e-01   8.901492e-03  -2.978434e-02;
   8.901492e-03   1.053231e+00  -1.123119e-03;
  -2.978434e-02  -1.123119e-03   9.294661e-01]
l=[ ...        
  -1.962447e-02   1.272279e-02   2.517324e-02;
  -8.814008e-03  -2.588716e-02   1.406978e-02;
  -3.670449e-02  -2.317289e-02   6.299542e-03]
d=[ ...        
  -1.962447e-02   1.954391e-03  -5.765627e-03;
   1.954391e-03  -2.588716e-02  -4.551555e-03;
  -5.765627e-03  -4.551555e-03   6.299542e-03]
     iteration=        3299999       process=              5       (i,j,k)=              1              0              1       (x,y,z)=   1.491752e-02   5.082438e-03   1.422867e-02     particles=             44
fabric=[ ...   
   3.957543e-01   1.181462e-02  -2.677681e-02;
   1.181462e-02   2.545663e-01  -5.267757e-02;
  -2.677681e-02  -5.267757e-02   3.226524e-01]
sigma=[ ...    
  -9.951604e+00  -1.271742e+00   9.325501e-01;
  -1.849079e+00  -5.596658e+00   1.245194e+00;
   7.602868e-02   1.285119e+00  -1.007937e+01]
sigmaDot=[ ... 
  -8.420071e+04  -2.123792e+02  -3.279674e+04;
   2.293871e+05  -1.688495e+04  -8.505728e+04;
   2.495998e+04   6.443048e+04   4.442775e+04]
intgraE=[ ...  
   6.296667e-02   5.118432e-02  -1.126099e-01;
   5.118432e-02   1.472829e-02  -5.612096e-02;
  -1.126099e-01  -5.612096e-02  -2.519553e-03]
E=[ ...        
   1.538146e-01  -9.074589e-02  -9.373373e-02;
  -9.074589e-02  -1.175607e-01   8.274959e-02;
  -9.373373e-02   8.274959e-02  -5.356019e-02]
e=[ ...        
   8.287694e-02  -7.291709e-02  -8.619605e-02;
  -7.291709e-02  -2.198678e-01   1.025477e-01;
  -8.619605e-02   1.025477e-01  -5.916175e-02]
intgraF=[ ...  
   1.059109e+00   1.107090e-01  -1.553614e-01;
  -2.874342e-02   9.822114e-01   1.309628e-01;
  -5.827688e-02  -2.290436e-01   9.765616e-01]
F=[ ...        
   1.126801e+00  -5.411845e-02  -3.048026e-02;
  -1.030024e-01   8.498038e-01  -2.875589e-02;
  -1.653446e-01   1.994574e-01   9.439935e-01]
R=[ ...        
   9.978747e-01   3.180789e-02   5.687069e-02;
  -2.444781e-02   9.917639e-01  -1.257249e-01;
  -6.040133e-02   1.240673e-01   9.904337e-01]
U=[ ...        
   1.136912e+00  -8.682677e-02  -8.673093e-02;
  -8.682677e-02   8.658295e-01   8.763015e-02;
  -8.673093e-02   8.763015e-02   9.368449e-01]
l=[ ...        
  -2.260275e-02  -6.955171e-02   1.521985e-02;
  -8.339807e-03  -9.198520e-04   4.834117e-02;
  -3.271317e-02   5.417463e-03  -2.541526e-02]
d=[ ...        
  -2.260275e-02  -3.894576e-02  -8.746659e-03;
  -3.894576e-02  -9.198520e-04   2.687932e-02;
  -8.746659e-03   2.687932e-02  -2.541526e-02]
     iteration=        3299999       process=              6       (i,j,k)=              1              1              0       (x,y,z)=   1.491752e-02   1.491753e-02   4.852829e-03     particles=             61
fabric=[ ...   
   3.440789e-01  -1.192582e-02  -1.434384e-02;
  -1.192582e-02   3.565128e-01   4.251647e-02;
  -1.434384e-02   4.251647e-02   2.851226e-01]
sigma=[ ...    
  -3.883888e+01   1.692748e+01   3.190323e+00;
   1.790218e+01  -3.728758e+01  -5.764199e+00;
   3.482698e+00  -6.033764e+00  -1.488854e+01]
sigmaDot=[ ... 
   1.097991e+04  -3.102229e+04  -1.694363e+04;
   2.469083e+05   9.237493e+02  -3.273786e+04;
  -1.475174e+04  -1.089669e+05  -1.961367e+04]
intgraE=[ ...  
  -5.877734e-02   7.033505e-02  -3.775826e-02;
   7.033505e-02  -8.965698e-02  -1.396185e-03;
  -3.775826e-02  -1.396185e-03  -2.337448e-02]
E=[ ...        
   6.582585e-02   8.964332e-02  -1.517622e-01;
   8.964332e-02  -1.709520e-01  -1.174001e-01;
  -1.517622e-01  -1.174001e-01  -1.324995e-01]
e=[ ...        
  -4.348365e-02   2.138600e-02  -2.049098e-01;
   2.138600e-02  -4.821660e-01  -2.206204e-01;
  -2.049098e-01  -2.206204e-01  -1.803464e-01]
intgraF=[ ...  
   9.340283e-01   6.670871e-02  -2.837614e-02;
   8.159362e-02   8.993902e-01   9.151280e-02;
  -5.812818e-02  -8.563432e-02   9.716333e-01]
F=[ ...        
   1.024725e+00   2.325950e-02  -7.627513e-02;
   8.775296e-02   7.392669e-01   6.845585e-02;
  -2.718251e-01  -3.332259e-01   8.511738e-01]
R=[ ...        
   9.944797e-01  -6.375946e-02   8.333599e-02;
   4.124465e-02   9.678114e-01   2.482741e-01;
  -9.648334e-02  -2.434664e-01   9.650985e-01]
U=[ ...        
   1.048915e+00   8.577265e-02  -1.551547e-01;
   8.577265e-02   7.951172e-01  -1.361166e-01;
  -1.551547e-01  -1.361166e-01   8.321059e-01]
l=[ ...        
  -3.205434e-02   8.559115e-03   2.828794e-03;
   1.912558e-02  -3.441188e-02  -1.624682e-03;
  -3.773741e-02   1.955105e-02  -3.131013e-02]
d=[ ...        
  -3.205434e-02   1.384235e-02  -1.745431e-02;
   1.384235e-02  -3.441188e-02   8.963186e-03;
  -1.745431e-02   8.963186e-03  -3.131013e-02]
     iteration=        3299999       process=              7       (i,j,k)=              1              1              1       (x,y,z)=   1.491752e-02   1.491753e-02   1.422867e-02     particles=             50
fabric=[ ...   
   3.586068e-01   1.234280e-02  -3.435852e-02;
   1.234280e-02   3.242657e-01  -1.772417e-02;
  -3.435852e-02  -1.772417e-02   2.800905e-01]
sigma=[ ...    
  -1.970012e+00  -1.623003e-01   2.937544e-01;
  -7.372326e-01  -2.509444e+00   3.644690e-01;
   2.622566e-01   4.018213e-01  -1.686512e+00]
sigmaDot=[ ... 
   9.424510e+02   1.996281e+04   1.687047e+04;
  -1.869839e+04   1.780483e+04  -7.652793e+03;
   5.474606e+03  -3.963419e+04   7.074595e+01]
intgraE=[ ...  
   3.776631e-02  -5.834437e-02  -8.931286e-03;
  -5.834437e-02   1.443648e-01  -1.176870e-01;
  -8.931286e-03  -1.176870e-01  -6.526505e-02]
E=[ ...        
  -1.246963e-02   5.426472e-02   4.792215e-01;
   5.426472e-02  -2.229512e-01  -7.419110e-01;
   4.792215e-01  -7.419110e-01   3.427011e+00]
e=[ ...        
  -2.084076e+00   8.449033e-01   1.035211e+00;
   8.449033e-01  -3.346571e-01  -5.259861e-01;
   1.035211e+00  -5.259861e-01  -5.070277e-02]
intgraF=[ ...  
   1.018491e+00   1.005315e-01  -7.887756e-02;
  -1.910682e-01   1.127176e+00  -1.283163e-01;
   4.124758e-02  -8.998969e-02   9.202082e-01]
F=[ ...        
   3.809578e-01   3.297074e-01   7.839015e-01;
   7.243992e-01   3.896295e-01  -9.954553e-01;
   5.524290e-01  -5.418298e-01   2.499718e+00]
R=[ ...        
   1.284900e-01   8.972014e-01   4.225162e-01;
   8.945900e-01   7.901935e-02  -4.398462e-01;
   4.280176e-01  -4.344946e-01   7.924742e-01]
U=[ ...        
   9.334388e-01   1.590101e-01   2.801223e-01;
   1.590101e-01   5.620243e-01  -4.614564e-01;
   2.801223e-01  -4.614564e-01   2.750020e+00]
l=[ ...        
   1.276211e-02  -3.988457e-02   3.719675e-02;
  -9.508502e-02  -2.480425e-02  -1.707733e-02;
   3.006806e-02   1.501851e-02  -1.832400e-02]
d=[ ...        
   1.276211e-02  -6.748480e-02   3.363240e-02;
  -6.748480e-02  -2.480425e-02  -1.029410e-03;
   3.363240e-02  -1.029410e-03  -1.832400e-02]
