     iteration=        3199999       process=              0       (i,j,k)=              0              0              0       (x,y,z)=   5.079936e-03   5.079938e-03   4.850329e-03     particles=             72
fabric=[ ...   
   3.373036e-01  -2.317121e-02  -3.466543e-02;
  -2.317121e-02   3.094566e-01   4.055236e-03;
  -3.466543e-02   4.055236e-03   3.434358e-01]
sigma=[ ...    
  -2.201090e+01  -1.702280e+00   6.709600e+00;
  -7.929165e-01  -2.542303e+01   3.469110e-01;
   4.943510e+00  -1.221843e+00  -3.214247e+01]
sigmaDot=[ ... 
  -4.774437e+04   2.982604e+04   4.327268e+05;
   2.136840e+04   4.738357e+03   4.694564e+04;
   1.197572e+05   3.761292e+05   3.347158e+03]
intgraE=[ ...  
   1.429819e-02  -1.217113e-02   1.719255e-02;
  -1.217113e-02  -5.425870e-03  -9.879834e-03;
   1.719255e-02  -9.879834e-03   2.303068e-02]
E=[ ...        
   3.173918e-02   5.154101e-03  -4.279916e-04;
   5.154101e-03  -8.836479e-03  -8.496686e-03;
  -4.279916e-04  -8.496686e-03   1.751721e-02]
e=[ ...        
   2.957021e-02   5.719652e-03  -2.493877e-04;
   5.719652e-03  -9.194220e-03  -8.016388e-03;
  -2.493877e-04  -8.016388e-03   1.701578e-02]
intgraF=[ ...  
   1.014154e+00  -2.690166e-02   2.494173e-02;
   3.141202e-03   9.939840e-01   1.884494e-03;
   8.884836e-03  -2.050128e-02   1.022466e+00]
F=[ ...        
   1.030895e+00  -1.586359e-02   2.839953e-03;
   2.682418e-02   9.907486e-01   5.683988e-03;
  -3.869029e-03  -2.219472e-02   1.017347e+00]
R=[ ...        
   9.997724e-01  -2.112108e-02   3.005881e-03;
   2.107733e-02   9.996811e-01   1.390872e-02;
  -3.298690e-03  -1.384219e-02   9.998988e-01]
U=[ ...        
   1.031238e+00   5.095573e-03  -3.968008e-04;
   5.095573e-03   9.910749e-01  -8.460117e-03;
  -3.968008e-04  -8.460117e-03   1.017331e+00]
l=[ ...        
  -1.860524e-03   2.338136e-02  -6.698149e-03;
  -2.008602e-02  -1.239081e-02   2.118941e-02;
   4.759405e-02   2.827342e-02   4.815024e-02]
d=[ ...        
  -1.860524e-03   1.647673e-03   2.044795e-02;
   1.647673e-03  -1.239081e-02   2.473142e-02;
   2.044795e-02   2.473142e-02   4.815024e-02]
     iteration=        3199999       process=              1       (i,j,k)=              0              0              1       (x,y,z)=   5.079936e-03   5.079938e-03   1.423117e-02     particles=             54
fabric=[ ...   
   3.306979e-01  -1.906683e-02  -1.270350e-02;
  -1.906683e-02   2.715140e-01   1.084160e-02;
  -1.270350e-02   1.084160e-02   3.299916e-01]
sigma=[ ...    
  -1.877374e+01  -2.802724e+00  -8.616390e-01;
  -8.006263e-01  -8.476062e+00  -8.515593e-01;
  -2.354516e+00  -1.473123e+00  -1.592358e+01]
sigmaDot=[ ... 
   1.577877e+04  -2.863776e+05   1.288705e+05;
   7.498369e+05   1.362470e+05  -2.235764e+04;
   1.831592e+04  -1.025080e+03   1.359539e+04]
intgraE=[ ...  
  -1.035775e-01   1.018554e-02  -2.499317e-01;
   1.018554e-02   7.113528e-02  -2.091905e-02;
  -2.499317e-01  -2.091905e-02   6.141945e-01]
E=[ ...        
  -1.432120e-01   8.673922e-02  -4.665341e-02;
   8.673922e-02  -1.050257e-01  -1.267593e-01;
  -4.665341e-02  -1.267593e-01   1.477256e-01]
e=[ ...        
  -2.160956e-01   1.672440e-01  -7.312446e-02;
   1.672440e-01  -2.309870e-01  -9.252366e-02;
  -7.312446e-02  -9.252366e-02   8.507894e-02]
intgraF=[ ...  
   8.889536e-01   3.950023e-02  -6.371842e-01;
  -1.561738e-02   1.067305e+00  -6.567019e-02;
   4.860590e-02   3.961923e-02   1.348359e+00]
F=[ ...        
   8.403877e-01   1.513817e-01  -1.824346e-01;
   6.332485e-02   8.635001e-01  -7.167243e-02;
   5.757142e-02  -1.462861e-01   1.121174e+00]
R=[ ...        
   9.917353e-01   4.449707e-02  -1.203371e-01;
  -3.932485e-02   9.982118e-01   4.502062e-02;
   1.221252e-01  -3.991630e-02   9.917117e-01]
U=[ ...        
   8.379829e-01   9.830836e-02  -4.118466e-02;
   9.830836e-02   8.745312e-01  -1.244152e-01;
  -4.118466e-02  -1.244152e-01   1.130609e+00]
l=[ ...        
   1.893502e-03  -3.506269e-02  -4.859331e-02;
   3.939744e-02   4.297854e-02   1.720849e-02;
   4.702614e-02   9.306787e-03  -6.144704e-02]
d=[ ...        
   1.893502e-03   2.167376e-03  -7.835828e-04;
   2.167376e-03   4.297854e-02   1.325764e-02;
  -7.835828e-04   1.325764e-02  -6.144704e-02]
     iteration=        3199999       process=              2       (i,j,k)=              0              1              0       (x,y,z)=   5.079936e-03   1.492003e-02   4.850329e-03     particles=             72
fabric=[ ...   
   3.615719e-01   8.542528e-03  -2.317539e-02;
   8.542528e-03   3.485421e-01   1.604323e-02;
  -2.317539e-02   1.604323e-02   2.807116e-01]
sigma=[ ...    
  -3.617465e+01   1.730503e+00   7.700941e+00;
   1.866474e+00  -4.392633e+01  -8.617460e+00;
   7.185514e+00  -8.253841e+00  -1.760004e+01]
sigmaDot=[ ... 
  -4.037538e+02  -2.238472e+05   1.098527e+06;
  -3.408822e+05  -1.404399e+04   2.866630e+04;
   6.228126e+04   8.567604e+05   6.902600e+04]
intgraE=[ ...  
   1.825178e-02   1.723909e-02   6.214451e-03;
   1.723909e-02  -3.588127e-02  -6.892456e-04;
   6.214451e-03  -6.892456e-04  -5.233243e-03]
E=[ ...        
   2.989523e-02   2.921199e-02   2.994226e-02;
   2.921199e-02   3.252876e-03   3.892981e-02;
   2.994226e-02   3.892981e-02   2.792195e-02]
e=[ ...        
   2.358504e-02   2.589445e-02   2.401295e-02;
   2.589445e-02   8.650798e-04   3.661627e-02;
   2.401295e-02   3.661627e-02   2.233996e-02]
intgraF=[ ...  
   1.017791e+00   2.528562e-02  -1.013046e-02;
   8.935463e-03   9.631004e-01  -7.335557e-03;
   2.292724e-02   5.974359e-03   9.946744e-01]
F=[ ...        
   1.027326e+00   6.172771e-03   1.330142e-02;
   5.075702e-02   1.002845e+00   4.918624e-02;
   4.260353e-02   2.772281e-02   1.026279e+00]
R=[ ...        
   9.996698e-01  -2.146954e-02  -1.411776e-02;
   2.161624e-02   9.997131e-01   1.032240e-02;
   1.389209e-02  -1.062416e-02   9.998471e-01]
U=[ ...        
   1.028676e+00   2.823361e-02   2.861740e-02;
   2.823361e-02   1.002131e+00   3.798320e-02;
   2.861740e-02   3.798320e-02   1.026442e+00]
l=[ ...        
   2.602010e-02  -2.973624e-03  -5.464798e-03;
   8.854511e-03  -1.338909e-02   1.671802e-02;
   1.589346e-02  -2.171872e-02   1.157636e-02]
d=[ ...        
   2.602010e-02   2.940443e-03   5.214331e-03;
   2.940443e-03  -1.338909e-02  -2.500350e-03;
   5.214331e-03  -2.500350e-03   1.157636e-02]
     iteration=        3199999       process=              3       (i,j,k)=              0              1              1       (x,y,z)=   5.079936e-03   1.492003e-02   1.423117e-02     particles=             47
fabric=[ ...   
   3.791630e-01   2.454776e-02  -8.927572e-03;
   2.454776e-02   2.792566e-01   1.833698e-02;
  -8.927572e-03   1.833698e-02   3.251869e-01]
sigma=[ ...    
  -1.289176e+01  -5.706171e+00  -1.797261e+00;
  -8.220236e+00  -1.420582e+01  -4.212298e+00;
  -3.880918e+00  -3.835162e+00  -8.323034e+00]
sigmaDot=[ ... 
  -7.632558e+04  -7.415397e+04  -3.611337e+04;
  -1.745147e+03  -5.898581e+04  -2.826676e+04;
  -2.187429e+04  -3.210776e+04  -2.556354e+04]
intgraE=[ ...  
  -2.744222e-02   6.804147e-02  -6.983445e-02;
   6.804147e-02  -1.418539e-02  -2.072810e-02;
  -6.983445e-02  -2.072810e-02   1.663997e-01]
E=[ ...        
   3.205512e-02   5.350823e-02   6.367167e-03;
   5.350823e-02  -6.608117e-02  -1.674423e-02;
   6.367167e-03  -1.674423e-02   1.974584e-01]
e=[ ...        
   2.935668e-02   5.573439e-02  -1.177525e-02;
   5.573439e-02  -8.864662e-02  -1.914662e-03;
  -1.177525e-02  -1.914662e-03   1.406047e-01]
intgraF=[ ...  
   9.701832e-01   7.885831e-02  -1.259357e-01;
   6.044203e-02   9.824605e-01  -1.632949e-02;
  -1.438060e-02  -1.349241e-02   1.147464e+00]
F=[ ...        
   1.020564e+00   9.263091e-02  -1.587807e-01;
   1.732815e-02   9.266513e-01   1.000681e-02;
   1.491981e-01  -2.397099e-02   1.170301e+00]
R=[ ...        
   9.895103e-01   3.906371e-02  -1.390804e-01;
  -3.631887e-02   9.990932e-01   2.222015e-02;
   1.398222e-01  -1.693583e-02   9.900318e-01]
U=[ ...        
   1.030090e+00   5.465264e-02   6.155560e-03;
   5.465264e-02   9.298354e-01  -1.602485e-02;
   6.155560e-03  -1.602485e-02   1.180941e+00]
l=[ ...        
   2.281139e-02   2.502285e-02   3.472432e-02;
  -2.029508e-02  -7.259699e-02   5.221617e-02;
   2.381948e-02  -4.723993e-03  -4.323930e-02]
d=[ ...        
   2.281139e-02   2.363889e-03   2.927190e-02;
   2.363889e-03  -7.259699e-02   2.374609e-02;
   2.927190e-02   2.374609e-02  -4.323930e-02]
     iteration=        3199999       process=              4       (i,j,k)=              1              0              0       (x,y,z)=   1.492002e-02   5.079938e-03   4.850329e-03     particles=             64
fabric=[ ...   
   3.885357e-01   4.404925e-03   3.133575e-03;
   4.404925e-03   3.484060e-01  -2.274928e-02;
   3.133575e-03  -2.274928e-02   2.630583e-01]
sigma=[ ...    
  -6.720470e+01  -7.979505e+00  -1.385367e+01;
  -4.724716e+00  -5.858648e+01   1.776840e+01;
  -1.022191e+01   1.812326e+01  -4.436683e+01]
sigmaDot=[ ... 
   1.144374e+04  -7.626031e+04   1.334137e+05;
  -9.799519e+04  -4.333942e+04   8.293340e+04;
  -1.288886e+05   6.636766e+04   2.061262e+04]
intgraE=[ ...  
  -6.748342e-03   3.377264e-02  -1.141589e-02;
   3.377264e-02   3.184354e-02   4.711855e-03;
  -1.141589e-02   4.711855e-03   6.003407e-02]
E=[ ...        
  -4.897955e-02   7.506991e-03  -2.831781e-02;
   7.506991e-03   5.256594e-02  -3.596974e-03;
  -2.831781e-02  -3.596974e-03  -6.743011e-02]
e=[ ...        
  -5.780148e-02   3.447584e-03  -3.656559e-02;
   3.447584e-03   4.759459e-02  -6.704344e-03;
  -3.656559e-02  -6.704344e-03  -7.940400e-02]
intgraF=[ ...  
   9.915950e-01   1.410786e-02   1.429075e-03;
   5.256208e-02   1.030857e+00  -2.030186e-02;
  -2.190808e-02   2.866535e-02   1.058137e+00]
F=[ ...        
   9.482254e-01  -2.456825e-02  -2.045850e-02;
   3.561049e-02   1.050734e+00   1.218204e-02;
  -4.051321e-02  -2.204359e-02   9.298241e-01]
R=[ ...        
   9.994844e-01  -3.042226e-02   1.027090e-02;
   3.023558e-02   9.993831e-01   1.786642e-02;
  -1.080810e-02  -1.754666e-02   9.997876e-01]
U=[ ...        
   9.492511e-01   7.452232e-03  -3.012925e-02;
   7.452232e-03   1.051220e+00  -3.518390e-03;
  -3.012925e-02  -3.518390e-03   9.296341e-01]
l=[ ...        
   1.200530e-02   1.975238e-03  -7.899386e-03;
   5.318248e-03  -1.784021e-02  -2.448177e-03;
  -3.487557e-02  -8.455177e-03   1.381315e-02]
d=[ ...        
   1.200530e-02   3.646743e-03  -2.138748e-02;
   3.646743e-03  -1.784021e-02  -5.451677e-03;
  -2.138748e-02  -5.451677e-03   1.381315e-02]
     iteration=        3199999       process=              5       (i,j,k)=              1              0              1       (x,y,z)=   1.492002e-02   5.079938e-03   1.423117e-02     particles=             45
fabric=[ ...   
   3.501292e-01   4.387575e-02   1.449436e-03;
   4.387575e-02   3.118408e-01   1.919907e-02;
   1.449436e-03   1.919907e-02   2.824745e-01]
sigma=[ ...    
  -5.817462e+00  -1.033910e-01  -8.954484e-01;
  -7.522071e-01  -4.804542e+00   2.401537e-03;
  -1.702269e+00  -1.335102e-01  -5.328239e+00]
sigmaDot=[ ... 
  -2.748282e+04  -4.056400e+04  -2.793620e+04;
  -2.348330e+04  -8.815708e+03   4.412988e+03;
  -4.470466e+03   1.073581e+04  -1.221757e+04]
intgraE=[ ...  
   6.406591e-02   5.331449e-02  -1.120891e-01;
   5.331449e-02   1.586833e-02  -5.787509e-02;
  -1.120891e-01  -5.787509e-02  -1.829581e-03]
E=[ ...        
   1.512884e-01  -7.582878e-02  -8.921841e-02;
  -7.582878e-02  -1.294683e-01   9.296070e-02;
  -8.921841e-02   9.296070e-02  -4.756054e-02]
e=[ ...        
   8.743469e-02  -6.243279e-02  -7.733416e-02;
  -6.243279e-02  -2.514523e-01   1.193372e-01;
  -7.733416e-02   1.193372e-01  -5.184130e-02]
intgraF=[ ...  
   1.060252e+00   1.144308e-01  -1.558344e-01;
  -2.816578e-02   9.828588e-01   1.285410e-01;
  -5.660698e-02  -2.294142e-01   9.775140e-01]
F=[ ...        
   1.126872e+00  -3.137478e-02  -3.374730e-02;
  -1.006767e-01   8.327326e-01  -2.445558e-02;
  -1.503361e-01   2.159522e-01   9.503378e-01]
R=[ ...        
   9.980083e-01   4.214427e-02   4.693910e-02;
  -3.549389e-02   9.902828e-01  -1.344625e-01;
  -5.214980e-02   1.325287e-01   9.898063e-01]
U=[ ...        
   1.136041e+00  -7.213108e-02  -8.237200e-02;
  -7.213108e-02   8.519384e-01   1.003068e-01;
  -8.237200e-02   1.003068e-01   9.423547e-01]
l=[ ...        
   2.786920e-03  -2.495576e-02  -2.455686e-02;
  -4.158137e-02   2.113472e-02   4.254660e-02;
  -9.312281e-03   2.044564e-02  -3.216503e-03]
d=[ ...        
   2.786920e-03  -3.326856e-02  -1.693457e-02;
  -3.326856e-02   2.113472e-02   3.149612e-02;
  -1.693457e-02   3.149612e-02  -3.216503e-03]
     iteration=        3199999       process=              6       (i,j,k)=              1              1              0       (x,y,z)=   1.492002e-02   1.492003e-02   4.850329e-03     particles=             61
fabric=[ ...   
   3.465210e-01  -1.578198e-02  -2.787667e-03;
  -1.578198e-02   3.489602e-01   2.618070e-02;
  -2.787667e-03   2.618070e-02   3.045188e-01]
sigma=[ ...    
  -1.921569e+01   1.779873e+00   9.028438e-01;
   2.201081e+00  -1.667013e+01  -1.604455e+00;
   6.266045e-02  -2.523581e+00  -7.857472e+00]
sigmaDot=[ ... 
  -8.725923e+03   1.066238e+04  -2.170415e+04;
   6.619787e+03  -2.473248e+04  -4.604887e+04;
  -2.205123e+03  -8.906545e+04  -2.857233e+04]
intgraE=[ ...  
  -5.755399e-02   6.993412e-02  -3.717027e-02;
   6.993412e-02  -8.826635e-02  -1.705471e-03;
  -3.717027e-02  -1.705471e-03  -2.200251e-02]
E=[ ...        
   1.422048e-01   5.351093e-02  -1.493674e-01;
   5.351093e-02  -1.627186e-01  -1.205980e-01;
  -1.493674e-01  -1.205980e-01  -1.146482e-01]
e=[ ...        
   4.409991e-02  -4.062071e-02  -1.779698e-01;
  -4.062071e-02  -4.447205e-01  -2.218376e-01;
  -1.779698e-01  -2.218376e-01  -1.546575e-01]
intgraF=[ ...  
   9.355011e-01   6.644191e-02  -2.859887e-02;
   8.083351e-02   9.008697e-01   9.177710e-02;
  -5.653053e-02  -8.652505e-02   9.730129e-01]
F=[ ...        
   1.105662e+00   1.067602e-02  -7.535780e-02;
   2.128684e-02   7.567266e-01   5.052046e-02;
  -2.479280e-01  -3.190824e-01   8.731967e-01]
R=[ ...        
   9.964206e-01  -2.786465e-02   7.980931e-02;
   9.479628e-03   9.749882e-01   2.220544e-01;
  -8.400060e-02  -2.205030e-01   9.717625e-01]
U=[ ...        
   1.122732e+00   4.461441e-02  -1.479582e-01;
   4.461441e-02   8.078607e-01  -1.411858e-01;
  -1.479582e-01  -1.411858e-01   8.537438e-01]
l=[ ...        
  -9.794076e-03   1.409591e-02   5.196232e-02;
  -5.667144e-03   2.144757e-02   9.314729e-03;
  -5.791540e-02   3.188997e-02  -5.212471e-02]
d=[ ...        
  -9.794076e-03   4.214383e-03  -2.976541e-03;
   4.214383e-03   2.144757e-02   2.060235e-02;
  -2.976541e-03   2.060235e-02  -5.212471e-02]
     iteration=        3199999       process=              7       (i,j,k)=              1              1              1       (x,y,z)=   1.492002e-02   1.492003e-02   1.423117e-02     particles=             50
fabric=[ ...   
   3.498894e-01   6.568919e-03  -4.837386e-02;
   6.568919e-03   2.417937e-01  -6.495005e-03;
  -4.837386e-02  -6.495005e-03   3.002088e-01]
sigma=[ ...    
  -2.662244e+00  -1.168696e-01   3.340084e-01;
  -7.384636e-01  -2.341591e+00   1.564752e-01;
  -1.270907e-01  -4.045740e-02  -2.233850e+00]
sigmaDot=[ ... 
  -3.750451e+03   1.661242e+04  -1.260628e+04;
   3.218144e+04   1.285285e+04  -2.945757e+03;
  -1.081345e+03   3.368051e+04  -1.307135e+04]
intgraE=[ ...  
   3.572083e-02  -5.471604e-02  -1.078515e-02;
  -5.471604e-02   1.467462e-01  -1.184051e-01;
  -1.078515e-02  -1.184051e-01  -6.416567e-02]
E=[ ...        
   5.553271e-02   2.548543e-02   7.418559e-01;
   2.548543e-02  -1.751900e-01  -8.823406e-01;
   7.418559e-01  -8.823406e-01   3.608882e+00]
e=[ ...        
  -3.565445e+00   1.799068e+00   1.984941e+00;
   1.799068e+00  -8.826913e-01  -1.078551e+00;
   1.984941e+00  -1.078551e+00  -6.070574e-01]
intgraF=[ ...  
   1.017396e+00   1.028867e-01  -8.079482e-02;
  -1.864283e-01   1.128987e+00  -1.280726e-01;
   3.989457e-02  -9.107560e-02   9.212699e-01]
F=[ ...        
   5.155248e-01   2.533585e-01   8.813861e-01;
   6.358504e-01   4.891864e-01  -1.022383e+00;
   6.640738e-01  -5.883248e-01   2.528963e+00]
R=[ ...        
   1.581327e-01   8.704153e-01   4.662309e-01;
   8.706976e-01   9.977659e-02  -4.815914e-01;
   4.657035e-01  -4.821014e-01   7.420906e-01]
U=[ ...        
   9.444162e-01   1.920127e-01   4.269363e-01;
   1.920127e-01   5.529687e-01  -5.540547e-01;
   4.269363e-01  -5.540547e-01   2.780020e+00]
l=[ ...        
   1.412225e-02  -7.119163e-03   3.975535e-02;
  -8.959943e-02  -3.561493e-02  -1.055818e-02;
   1.294882e-02  -2.426959e-02  -5.481030e-02]
d=[ ...        
   1.412225e-02  -4.835930e-02   2.635209e-02;
  -4.835930e-02  -3.561493e-02  -1.741389e-02;
   2.635209e-02  -1.741389e-02  -5.481030e-02]
