     iteration=         799999       process=              0       (i,j,k)=              0              0              0       (x,y,z)=   5.020000e-03   5.020000e-03   4.790373e-03     particles=             75
fabric=[ ...   
   3.855063e-01   4.748282e-03  -3.923072e-02;
   4.748282e-03   2.762775e-01  -2.748550e-02;
  -3.923072e-02  -2.748550e-02   2.973999e-01]
sigma=[ ...    
  -2.757165e+00   1.522404e-01  -1.515143e-01;
   4.502364e-01  -1.232895e+00  -1.487383e-01;
   1.237194e-01   1.828085e-01  -1.201925e+00]
sigmaDot=[ ... 
  -6.232814e+03   3.171930e+04   5.335966e+04;
   6.363986e+03  -3.306663e+03   6.884679e+03;
   3.014529e+04  -3.422859e+04  -2.668807e+03]
intgraE=[ ...  
  -4.163624e-03   2.545640e-03  -2.839643e-03;
   2.545640e-03   1.738037e-03  -4.701094e-03;
  -2.839643e-03  -4.701094e-03  -6.393718e-03]
E=[ ...        
  -4.748003e-03   3.447625e-03  -3.995249e-03;
   3.447625e-03   1.700860e-03  -3.584158e-03;
  -3.995249e-03  -3.584158e-03  -8.941001e-03]
e=[ ...        
  -4.853538e-03   3.419628e-03  -4.082509e-03;
   3.419628e-03   1.634186e-03  -3.647532e-03;
  -4.082509e-03  -3.647532e-03  -9.148735e-03]
intgraF=[ ...  
   9.958171e-01   6.215784e-04  -4.643725e-03;
   4.456269e-03   1.001704e+00  -1.453537e-03;
  -1.055289e-03  -7.994663e-03   9.935738e-01]
F=[ ...        
   9.952229e-01   1.719844e-03  -5.071813e-03;
   5.154782e-03   1.001675e+00  -4.109333e-04;
  -2.967486e-03  -6.809216e-03   9.910056e-01]
R=[ ...        
   9.999979e-01  -1.726812e-03  -1.070938e-03;
   1.730248e-03   9.999933e-01   3.215275e-03;
   1.065379e-03  -3.217122e-03   9.999943e-01]
U=[ ...        
   9.952266e-01   3.445731e-03  -4.016717e-03;
   3.445731e-03   1.001687e+00  -3.590358e-03;
  -4.016717e-03  -3.590358e-03   9.910040e-01]
l=[ ...        
  -1.271832e-02   1.463513e-02  -2.779458e-03;
   1.077758e-02  -1.912891e-03   2.933168e-03;
   2.780898e-03  -8.002339e-03   1.230793e-02]
d=[ ...        
  -1.271832e-02   1.270636e-02   7.202572e-07;
   1.270636e-02  -1.912891e-03  -2.534585e-03;
   7.202572e-07  -2.534585e-03   1.230793e-02]
     iteration=         799999       process=              1       (i,j,k)=              0              0              1       (x,y,z)=   5.020000e-03   5.020000e-03   1.429112e-02     particles=             54
fabric=[ ...   
   3.551327e-01  -8.850105e-02   4.131756e-02;
  -8.850105e-02   3.680232e-01   1.212111e-02;
   4.131756e-02   1.212111e-02   2.351774e-01]
sigma=[ ...    
  -2.053944e+00  -1.489605e-01  -4.646747e-01;
  -3.275014e-02  -3.155368e-01  -6.315708e-03;
  -6.299014e-01  -8.752644e-03  -1.236154e+00]
sigmaDot=[ ... 
  -9.211075e+03  -5.166080e+03   8.568774e+04;
   7.224326e+04  -6.038840e+03  -3.362311e+03;
  -2.777979e+04  -9.464362e+03  -3.029500e+03]
intgraE=[ ...  
  -3.039285e-02  -2.387420e-03  -3.448463e-02;
  -2.387420e-03   1.021399e-02  -1.357696e-02;
  -3.448463e-02  -1.357696e-02   1.615330e-02]
E=[ ...        
  -4.426999e-02   8.388745e-03  -3.130069e-02;
   8.388745e-03   2.286447e-03  -1.072381e-02;
  -3.130069e-02  -1.072381e-02   1.212022e-02]
e=[ ...        
  -5.045197e-02   8.283804e-03  -3.405957e-02;
   8.283804e-03   1.904936e-03  -9.916285e-03;
  -3.405957e-02  -9.916285e-03   9.020417e-03]
intgraF=[ ...  
   9.688976e-01  -1.042383e-02  -4.947669e-02;
   4.704367e-03   1.009728e+00   4.621650e-04;
  -2.072644e-02  -2.772544e-02   1.014819e+00]
F=[ ...        
   9.543602e-01   5.238287e-03  -4.121274e-02;
   1.142946e-02   1.002171e+00  -6.930806e-03;
  -2.293386e-02  -1.412788e-02   1.011184e+00]
R=[ ...        
   9.999511e-01  -3.257388e-03  -9.338218e-03;
   3.291594e-03   9.999879e-01   3.649982e-03;
   9.326216e-03  -3.680542e-03   9.999497e-01]
U=[ ...        
   9.541373e-01   8.405010e-03  -3.180301e-02;
   8.405010e-03   1.002193e+00  -1.051818e-02;
  -3.180301e-02  -1.051818e-02   1.011493e+00]
l=[ ...        
  -3.973702e-02  -2.424463e-03  -1.188135e-01;
   3.298539e-03  -1.820065e-02   1.098874e-02;
   2.409568e-02  -1.508430e-02   3.844804e-02]
d=[ ...        
  -3.973702e-02   4.370382e-04  -4.735891e-02;
   4.370382e-04  -1.820065e-02  -2.047781e-03;
  -4.735891e-02  -2.047781e-03   3.844804e-02]
     iteration=         799999       process=              2       (i,j,k)=              0              1              0       (x,y,z)=   5.020000e-03   1.498000e-02   4.790373e-03     particles=             74
fabric=[ ...   
   2.698608e-01  -1.112208e-02  -5.242338e-03;
  -1.112208e-02   3.170069e-01   4.874238e-02;
  -5.242338e-03   4.874238e-02   3.655132e-01]
sigma=[ ...    
  -5.918157e+00  -8.909036e-01   1.283095e+00;
  -6.448515e-01  -4.902064e+00  -2.537142e+00;
   1.820834e+00  -1.728222e+00  -9.542976e+00]
sigmaDot=[ ... 
  -1.548338e+04  -3.364184e+04   6.164850e+04;
  -3.162434e+04  -1.696512e+04  -6.150695e+03;
   6.136493e+04  -4.747074e+04  -5.301221e+03]
intgraE=[ ...  
   3.844009e-03   8.814227e-03   1.117787e-03;
   8.814227e-03  -1.097723e-02   1.829715e-03;
   1.117787e-03   1.829715e-03  -4.843589e-03]
E=[ ...        
   5.461088e-03   4.516502e-03   1.554375e-03;
   4.516502e-03  -9.226488e-03   7.262871e-04;
   1.554375e-03   7.262871e-04  -5.260900e-03]
e=[ ...        
   5.359749e-03   4.562717e-03   1.511604e-03;
   4.562717e-03  -9.435699e-03   7.258725e-04;
   1.511604e-03   7.258725e-04  -5.333062e-03]
intgraF=[ ...  
   1.003743e+00   4.300659e-03   4.760596e-03;
   1.345486e-02   9.889503e-01   5.785584e-03;
  -2.633547e-03  -2.092921e-03   9.951164e-01]
F=[ ...        
   1.005432e+00   3.910068e-03   4.392051e-03;
   5.149024e-03   9.907228e-01   1.783454e-03;
  -1.323338e-03  -3.332695e-04   9.947139e-01]
R=[ ...        
   9.999957e-01  -6.224034e-04   2.854969e-03;
   6.193792e-04   9.999992e-01   1.060012e-03;
  -2.855627e-03  -1.058240e-03   9.999954e-01]
U=[ ...        
   1.005435e+00   4.524636e-03   1.552605e-03;
   4.524636e-03   9.907200e-01   7.280737e-04;
   1.552605e-03   7.280737e-04   9.947237e-01]
l=[ ...        
   1.578518e-02   2.997101e-03   1.968086e-02;
   1.540885e-02  -2.120911e-02  -1.263973e-03;
   2.938078e-03  -3.899005e-03   2.980298e-03]
d=[ ...        
   1.578518e-02   9.202977e-03   1.130947e-02;
   9.202977e-03  -2.120911e-02  -2.581489e-03;
   1.130947e-02  -2.581489e-03   2.980298e-03]
     iteration=         799999       process=              3       (i,j,k)=              0              1              1       (x,y,z)=   5.020000e-03   1.498000e-02   1.429112e-02     particles=             42
fabric=[ ...   
   3.355603e-01   1.310384e-02   7.914494e-02;
   1.310384e-02   2.267129e-01   3.409329e-02;
   7.914494e-02   3.409329e-02   3.127268e-01]
sigma=[ ...    
  -3.561174e+00  -2.155714e+00  -8.056294e-02;
  -1.499060e+00  -4.110209e+00  -9.593013e-01;
  -2.634662e-02  -3.690217e-01  -1.647024e-01]
sigmaDot=[ ... 
  -1.649331e+04  -6.630880e+04  -4.545960e+04;
  -2.339446e+04  -1.629357e+04   6.392884e+03;
  -1.468812e+03   4.204760e+04   5.177285e+03]
intgraE=[ ...  
  -1.787340e-03   1.180892e-02  -3.147729e-03;
   1.180892e-02  -6.087369e-03  -7.746477e-03;
  -3.147729e-03  -7.746477e-03   6.210206e-03]
E=[ ...        
   8.774383e-03   1.377678e-02   1.112204e-02;
   1.377678e-02  -7.276093e-03   3.664202e-03;
   1.112204e-02   3.664202e-03   5.630309e-02]
e=[ ...        
   7.791165e-03   1.371940e-02   8.960469e-03;
   1.371940e-02  -7.740044e-03   3.923650e-03;
   8.960469e-03   3.923650e-03   5.058904e-02]
intgraF=[ ...  
   9.981575e-01   1.460976e-02  -1.113065e-02;
   9.102165e-03   9.937843e-01  -1.323986e-02;
   4.905559e-03  -2.159721e-03   1.006042e+00]
F=[ ...        
   1.008329e+00   1.487266e-02  -4.935797e-03;
   1.284490e-02   9.925575e-01   1.543190e-02;
   2.562184e-02  -7.504887e-03   1.054677e+00]
R=[ ...        
   9.998886e-01   1.185370e-03  -1.488145e-02;
  -1.017003e-03   9.999355e-01   1.131636e-02;
   1.489391e-02  -1.129996e-02   9.998252e-01]
U=[ ...        
   1.008585e+00   1.374979e-02   1.075732e-02;
   1.374979e-02   9.925958e-01   3.507236e-03;
   1.075732e-02   3.507236e-03   1.054741e+00]
l=[ ...        
   4.913678e-03   7.578582e-03  -1.326984e-02;
   3.505494e-02  -6.831780e-03  -4.120914e-02;
   5.681224e-02  -6.574322e-02   1.083559e-01]
d=[ ...        
   4.913678e-03   2.131676e-02   2.177120e-02;
   2.131676e-02  -6.831780e-03  -5.347618e-02;
   2.177120e-02  -5.347618e-02   1.083559e-01]
     iteration=         799999       process=              4       (i,j,k)=              1              0              0       (x,y,z)=   1.498000e-02   5.020000e-03   4.790373e-03     particles=             70
fabric=[ ...   
   4.314633e-01   1.964293e-02   5.722274e-03;
   1.964293e-02   2.616247e-01  -1.529447e-02;
   5.722274e-03  -1.529447e-02   3.069120e-01]
sigma=[ ...    
  -1.337474e+01  -5.543432e+00  -4.875930e+00;
  -6.034548e+00  -7.160408e+00  -1.585433e+00;
  -4.507053e+00  -9.173672e-01  -7.954068e+00]
sigmaDot=[ ... 
  -6.719872e+03  -4.839118e+04  -6.363442e+04;
  -5.506588e+04  -2.057108e+04   4.870233e+04;
  -5.184547e+04   5.414627e+03  -1.421831e+02]
intgraE=[ ...  
  -1.327259e-03   9.031391e-04   4.120296e-03;
   9.031391e-04   4.222888e-03  -4.180660e-03;
   4.120296e-03  -4.180660e-03  -1.946873e-02]
E=[ ...        
  -6.833206e-05   1.488628e-03   2.086953e-03;
   1.488628e-03   5.243522e-03  -3.370687e-03;
   2.086953e-03  -3.370687e-03  -1.631922e-02]
e=[ ...        
  -7.435125e-05   1.554447e-03   2.182503e-03;
   1.554447e-03   5.077305e-03  -3.660624e-03;
   2.182503e-03  -3.660624e-03  -1.682636e-02]
intgraF=[ ...  
   9.986388e-01   8.271461e-03   3.320655e-03;
  -6.359858e-03   1.004090e+00   4.791313e-03;
   5.054396e-03  -1.346467e-02   9.803206e-01]
F=[ ...        
   9.999032e-01   8.488094e-03  -9.696340e-04;
  -5.417540e-03   1.005119e+00   5.347907e-03;
   5.259033e-03  -1.231119e-02   9.835304e-01]
R=[ ...        
   9.999710e-01   6.952928e-03  -3.103988e-03;
  -6.925061e-03   9.999364e-01   8.900115e-03;
   3.165673e-03  -8.878362e-03   9.999556e-01]
U=[ ...        
   9.999283e-01   1.488367e-03   2.106895e-03;
   1.488367e-03   1.005223e+00  -3.391314e-03;
   2.106895e-03  -3.391314e-03   9.835373e-01]
l=[ ...        
  -5.154816e-05  -9.767169e-03  -7.085076e-03;
  -2.129060e-02  -7.108197e-03   1.682129e-02;
  -1.413375e-02   1.002423e-02   1.441177e-02]
d=[ ...        
  -5.154816e-05  -1.552888e-02  -1.060941e-02;
  -1.552888e-02  -7.108197e-03   1.342276e-02;
  -1.060941e-02   1.342276e-02   1.441177e-02]
     iteration=         799999       process=              5       (i,j,k)=              1              0              1       (x,y,z)=   1.498000e-02   5.020000e-03   1.429112e-02     particles=             41
fabric=[ ...   
   3.955352e-01   2.621447e-02   3.204973e-02;
   2.621447e-02   3.229155e-01   1.684037e-02;
   3.204973e-02   1.684037e-02   2.148826e-01]
sigma=[ ...    
  -2.163551e+00  -7.808771e-01   6.587801e-02;
  -7.018790e-01  -1.755249e+00  -1.165128e-01;
  -6.053294e-03  -3.273198e-01  -4.293857e-03]
sigmaDot=[ ... 
   7.762283e+05   1.518566e+06   1.676816e+05;
  -1.074496e+06   5.359481e+03   1.440585e+05;
  -3.576603e+03   9.538500e+05  -2.735324e+04]
intgraE=[ ...  
   1.598965e-02  -1.285305e-03   2.584399e-02;
  -1.285305e-03   1.494341e-02   2.694927e-03;
   2.584399e-02   2.694927e-03   6.434544e-03]
E=[ ...        
   2.737132e-02   3.391994e-03   2.495248e-02;
   3.391994e-03   1.318839e-02   8.293928e-03;
   2.495248e-02   8.293928e-03   2.514928e-02]
e=[ ...        
   2.466881e-02   3.549635e-03   2.242116e-02;
   3.549635e-03   1.326316e-02   7.941123e-03;
   2.242116e-02   7.941123e-03   2.239845e-02]
intgraF=[ ...  
   1.015332e+00  -6.818072e-03   1.859763e-02;
   5.328360e-03   1.014291e+00   3.761849e-02;
   3.242517e-02  -3.245966e-02   1.005539e+00]
F=[ ...        
   1.026597e+00   2.142389e-03   1.993856e-02;
   5.305224e-03   1.012723e+00   4.426458e-02;
   2.852549e-02  -2.762812e-02   1.023690e+00]
R=[ ...        
   9.999904e-01  -1.038711e-03  -4.264702e-03;
   1.188506e-03   9.993770e-01   3.527341e-02;
   4.225406e-03  -3.527814e-02   9.993686e-01]
U=[ ...        
   1.026714e+00   3.229256e-03   2.431649e-02;
   3.229256e-03   1.013065e+00   8.102401e-03;
   2.431649e-02   8.102401e-03   1.024520e+00]
l=[ ...        
   2.659748e-02   3.443290e-03   2.388936e-03;
   4.066579e-04  -1.212654e-03   6.494430e-02;
  -7.955416e-02   2.276264e-02   4.203164e-03]
d=[ ...        
   2.659748e-02   1.924974e-03  -3.858261e-02;
   1.924974e-03  -1.212654e-03   4.385347e-02;
  -3.858261e-02   4.385347e-02   4.203164e-03]
     iteration=         799999       process=              6       (i,j,k)=              1              1              0       (x,y,z)=   1.498000e-02   1.498000e-02   4.790373e-03     particles=             59
fabric=[ ...   
   2.437566e-01  -5.746128e-02   2.171843e-02;
  -5.746128e-02   2.979552e-01   6.962027e-02;
   2.171843e-02   6.962027e-02   3.471771e-01]
sigma=[ ...    
  -4.552536e-01   8.525270e-02  -1.011500e-01;
   1.563735e-01  -7.978166e-01  -6.114752e-01;
  -2.069619e-01  -4.915051e-01  -1.361748e+00]
sigmaDot=[ ... 
  -6.123257e+03   1.714023e+03  -1.648184e+04;
  -5.705307e+03  -5.481907e+03  -1.372216e+04;
  -5.102805e+03  -7.956283e+03  -1.179808e+04]
intgraE=[ ...  
  -1.529681e-02  -4.354031e-03   2.568249e-03;
  -4.354031e-03  -1.097862e-02  -7.919149e-04;
   2.568249e-03  -7.919149e-04  -2.310618e-02]
E=[ ...        
  -7.910513e-03  -5.352384e-03  -2.450804e-03;
  -5.352384e-03  -2.784987e-02  -3.102127e-03;
  -2.450804e-03  -3.102127e-03  -1.338725e-02]
e=[ ...        
  -8.309738e-03  -6.077146e-03  -2.698712e-03;
  -6.077146e-03  -2.940351e-02  -3.371592e-03;
  -2.698712e-03  -3.371592e-03  -1.377100e-02]
intgraF=[ ...  
   9.845601e-01  -3.095903e-03   9.044844e-03;
  -5.717631e-03   9.889546e-01  -2.969802e-03;
  -3.876484e-03   1.414302e-03   9.765741e-01]
F=[ ...        
   9.918350e-01   7.444571e-03   4.674635e-03;
  -1.861894e-02   9.717225e-01  -6.016762e-03;
  -9.782234e-03  -3.978047e-04   9.864925e-01]
R=[ ...        
   9.998849e-01   1.329821e-02   7.301163e-03;
  -1.327723e-02   9.999076e-01  -2.914166e-03;
  -7.339242e-03   2.816891e-03   9.999691e-01]
U=[ ...        
   9.920398e-01  -5.455150e-03  -2.486124e-03;
  -5.455150e-03   9.717306e-01  -3.175199e-03;
  -2.486124e-03  -3.175199e-03   9.865137e-01]
l=[ ...        
  -2.629983e-02  -6.841147e-03   2.372588e-02;
  -1.732028e-04  -3.532306e-02  -5.075308e-03;
  -1.257672e-02  -3.020950e-02  -3.015931e-02]
d=[ ...        
  -2.629983e-02  -3.507175e-03   5.574581e-03;
  -3.507175e-03  -3.532306e-02  -1.764241e-02;
   5.574581e-03  -1.764241e-02  -3.015931e-02]
     iteration=         799999       process=              7       (i,j,k)=              1              1              1       (x,y,z)=   1.498000e-02   1.498000e-02   1.429112e-02     particles=             50
fabric=[ ...   
   2.942319e-01  -5.721285e-02  -1.787019e-02;
  -5.721285e-02   3.824287e-01   7.764287e-02;
  -1.787019e-02   7.764287e-02   1.900060e-01]
sigma=[ ...    
  -4.718822e-01   4.120477e-01  -2.175404e-01;
   1.993179e-01  -1.513784e+00  -3.903027e-01;
  -9.751202e-02  -2.709447e-01  -7.218279e-01]
sigmaDot=[ ... 
   4.134198e+01   8.425842e+03  -7.143391e+02;
   1.635041e+04   7.299756e+03   6.852321e+03;
  -4.742534e+03   2.916178e+02   2.952933e+03]
intgraE=[ ...  
  -1.379925e-03   5.670299e-03  -1.409789e-02;
   5.670299e-03  -3.153667e-02   4.516498e-03;
  -1.409789e-02   4.516498e-03  -7.396330e-03]
E=[ ...        
  -1.511067e-03   1.360851e-03  -3.454833e-02;
   1.360851e-03  -1.058368e-02   7.687281e-03;
  -3.454833e-02   7.687281e-03  -3.946103e-02]
e=[ ...        
  -2.973291e-03   1.605037e-03  -3.711247e-02;
   1.605037e-03  -1.091514e-02   8.978762e-03;
  -3.711247e-02   8.978762e-03  -4.703722e-02]
intgraF=[ ...  
   9.985879e-01   1.404484e-02  -2.085945e-02;
  -2.805337e-03   9.678389e-01   1.389897e-02;
  -7.383954e-03  -4.158190e-03   9.922596e-01]
F=[ ...        
   9.982297e-01   1.293987e-02  -4.963573e-02;
  -1.023465e-02   9.892690e-01   1.282247e-02;
  -2.026129e-02   3.476743e-03   9.583579e-01]
R=[ ...        
   9.998188e-01   1.167345e-02  -1.503509e-02;
  -1.160417e-02   9.999217e-01   4.686888e-03;
   1.508863e-02  -4.511569e-03   9.998760e-01]
U=[ ...        
   9.978619e-01   1.510344e-03  -3.531522e-02;
   1.510344e-03   9.893269e-01   7.918353e-03;
  -3.531522e-02   7.918353e-03   9.590454e-01]
l=[ ...        
  -4.172359e-02   3.087275e-02  -2.602607e-02;
   2.475484e-02  -3.930153e-02   3.485971e-02;
  -2.072232e-02  -4.714795e-02   3.849135e-02]
d=[ ...        
  -4.172359e-02   2.781379e-02  -2.337420e-02;
   2.781379e-02  -3.930153e-02  -6.144119e-03;
  -2.337420e-02  -6.144119e-03   3.849135e-02]
