     iteration=        4399999       process=              0       (i,j,k)=              0              0              0       (x,y,z)=   5.109311e-03   5.108421e-03   4.877727e-03     particles=             71
fabric=[ ...   
   3.224957e-01  -4.811345e-02  -1.628542e-02;
  -4.811345e-02   3.220683e-01   1.364455e-02;
  -1.628542e-02   1.364455e-02   3.034879e-01]
sigma=[ ...    
  -4.340327e+00   1.004167e+00  -1.845783e-01;
   1.218170e+00  -6.311406e+00   8.342740e-01;
   1.539068e-01   1.169983e+00  -3.880282e+00]
sigmaDot=[ ... 
   4.082390e+03   3.546016e+04   2.269392e+04;
   1.322696e+04  -1.006459e+04   6.234276e+04;
   3.020145e+04  -1.698007e+04   4.545039e+02]
intgraE=[ ...  
   1.176338e-02  -1.023537e-02   2.459205e-02;
  -1.023537e-02  -1.135856e-02  -2.872406e-03;
   2.459205e-02  -2.872406e-03   2.691445e-02]
E=[ ...        
   2.861952e-02   1.232016e-02   2.266687e-04;
   1.232016e-02  -1.075561e-02  -1.659683e-03;
   2.266687e-04  -1.659683e-03   2.969317e-02]
e=[ ...        
   2.646831e-02   1.241567e-02   2.238274e-04;
   1.241567e-02  -1.098264e-02  -1.530854e-03;
   2.238274e-04  -1.530854e-03   2.803245e-02]
intgraF=[ ...  
   1.011539e+00  -1.957078e-02   3.060316e-02;
  -5.839656e-04   9.883674e-01   4.599065e-04;
   1.776433e-02  -5.457958e-03   1.026105e+00]
F=[ ...        
   1.027875e+00  -1.085766e-03   6.419598e-03;
   2.600557e-02   9.891707e-01   2.245438e-03;
  -6.027344e-03  -5.376301e-03   1.029242e+00]
R=[ ...        
   9.998918e-01  -1.343586e-02   5.992043e-03;
   1.341337e-02   9.999029e-01   3.777613e-03;
  -6.042217e-03  -3.696830e-03   9.999749e-01]
U=[ ...        
   1.028149e+00   1.221495e-02   2.301157e-04;
   1.221495e-02   9.891091e-01  -1.645968e-03;
   2.301157e-04  -1.645968e-03   1.029264e+00]
l=[ ...        
  -2.674616e-03   1.900841e-03   3.018718e-02;
  -1.361739e-02  -1.803285e-02   1.147323e-02;
   1.924327e-02   2.352203e-02   8.229485e-03]
d=[ ...        
  -2.674616e-03  -5.858274e-03   2.471522e-02;
  -5.858274e-03  -1.803285e-02   1.749763e-02;
   2.471522e-02   1.749763e-02   8.229485e-03]
     iteration=        4399999       process=              1       (i,j,k)=              0              0              1       (x,y,z)=   5.109311e-03   5.108421e-03   1.420031e-02     particles=             56
fabric=[ ...   
   2.664046e-01  -4.819234e-02   9.277170e-03;
  -4.819234e-02   3.532733e-01  -2.351059e-02;
   9.277170e-03  -2.351059e-02   3.358777e-01]
sigma=[ ...    
  -2.864316e+00  -7.631929e-02  -4.826890e-01;
   6.045979e-02  -1.207983e+00  -3.314244e-02;
  -9.677179e-01  -1.839639e-01  -1.681290e+00]
sigmaDot=[ ... 
  -4.354936e+03  -2.627980e+04  -3.218997e+05;
  -3.640637e+05   7.185103e+04  -2.842005e+03;
   3.772249e+04  -1.447705e+05  -3.099158e+04]
intgraE=[ ...  
  -1.071994e-01   1.278057e-02  -2.609193e-01;
   1.278057e-02   6.241577e-02  -1.826308e-02;
  -2.609193e-01  -1.826308e-02   5.975027e-01]
E=[ ...        
   1.623635e-01  -1.766476e-01  -3.813745e-01;
  -1.766476e-01   3.655716e-02   2.269387e-01;
  -3.813745e-01   2.269387e-01  -2.745602e-02]
e=[ ...        
  -3.306407e-01   3.259183e-01  -5.425335e-01;
   3.259183e-01  -3.759474e-01   2.982476e-01;
  -5.425335e-01   2.982476e-01  -2.152049e-01]
intgraF=[ ...  
   8.852171e-01   3.039306e-02  -6.564563e-01;
  -3.091757e-03   1.059257e+00  -6.997253e-02;
   4.452218e-02   4.338595e-02   1.326339e+00]
F=[ ...        
   1.044185e+00  -2.152103e-01  -3.086742e-01;
   2.242546e-01   7.436572e-01  -2.891736e-01;
  -4.290854e-01   6.883115e-01   8.753210e-01]
R=[ ...        
   9.891552e-01  -1.073076e-01   1.002850e-01;
   1.427626e-01   8.628808e-01  -4.848253e-01;
  -3.450853e-02   4.938844e-01   8.688425e-01]
U=[ ...        
   1.079683e+00  -1.304626e-01  -3.768159e-01;
  -1.304626e-01   1.004728e+00   2.159081e-01;
  -3.768159e-01   2.159081e-01   8.697594e-01]
l=[ ...        
   3.387589e-02   2.863247e-02  -4.841137e-02;
  -3.778586e-03  -3.674548e-02   2.974464e-02;
  -3.436073e-02   4.922803e-02  -5.008739e-02]
d=[ ...        
   3.387589e-02   1.242694e-02  -4.138605e-02;
   1.242694e-02  -3.674548e-02   3.948633e-02;
  -4.138605e-02   3.948633e-02  -5.008739e-02]
     iteration=        4399999       process=              2       (i,j,k)=              0              1              0       (x,y,z)=   5.109311e-03   1.488953e-02   4.877727e-03     particles=             73
fabric=[ ...   
   3.444807e-01   4.927708e-02   1.849135e-02;
   4.927708e-02   3.229958e-01   2.259585e-02;
   1.849135e-02   2.259585e-02   3.216539e-01]
sigma=[ ...    
  -7.213433e+00  -6.859140e-01   2.971160e-01;
  -1.275936e+00  -7.509723e+00  -2.761615e+00;
   9.856423e-01  -2.575708e+00  -1.109079e+01]
sigmaDot=[ ... 
   2.278028e+03  -6.142821e+04  -3.083688e+03;
   3.156272e+04  -6.811835e+03  -5.718556e+04;
   1.957785e+04  -1.364857e+05   3.331314e+04]
intgraE=[ ...  
   2.089750e-02   1.542791e-02   1.204130e-02;
   1.542791e-02  -4.252385e-02  -3.270711e-03;
   1.204130e-02  -3.270711e-03   2.033005e-03]
E=[ ...        
   6.277468e-03   2.252390e-02   1.884977e-02;
   2.252390e-02   1.453410e-02   4.232988e-02;
   1.884977e-02   4.232988e-02   2.047285e-02]
e=[ ...        
   3.507887e-03   1.914845e-02   1.591471e-02;
   1.914845e-02   8.834742e-03   3.955468e-02;
   1.591471e-02   3.955468e-02   1.825762e-02]
intgraF=[ ...  
   1.020281e+00   1.958855e-02  -2.171727e-03;
   1.143766e-02   9.563273e-01  -4.080220e-03;
   2.629192e-02  -2.591620e-03   1.002020e+00]
F=[ ...        
   1.004903e+00   6.684146e-03  -2.065503e-03;
   3.543634e-02   1.012383e+00   1.908005e-02;
   3.832914e-02   6.407027e-02   1.020087e+00]
R=[ ...        
   9.997128e-01  -1.425742e-02  -1.926507e-02;
   1.382913e-02   9.996582e-01  -2.218440e-02;
   1.957478e-02   2.191161e-02   9.995683e-01]
U=[ ...        
   1.005855e+00   2.193676e-02   1.816693e-02;
   2.193676e-02   1.013345e+00   4.145473e-02;
   1.816693e-02   4.145473e-02   1.019263e+00]
l=[ ...        
  -7.309631e-03  -1.446079e-02  -1.386133e-02;
  -1.174137e-02  -3.836551e-03  -2.743595e-02;
  -1.320716e-03  -2.968722e-05   2.530429e-02]
d=[ ...        
  -7.309631e-03  -1.310108e-02  -7.591026e-03;
  -1.310108e-02  -3.836551e-03  -1.373282e-02;
  -7.591026e-03  -1.373282e-02   2.530429e-02]
     iteration=        4399999       process=              3       (i,j,k)=              0              1              1       (x,y,z)=   5.109311e-03   1.488953e-02   1.420031e-02     particles=             48
fabric=[ ...   
   3.894173e-01   5.356407e-03   2.669504e-02;
   5.356407e-03   2.035796e-01  -9.928999e-03;
   2.669504e-02  -9.928999e-03   3.212888e-01]
sigma=[ ...    
  -4.540054e+00  -2.625406e+00  -5.627514e-01;
  -1.615802e+00  -4.022804e+00  -1.140999e+00;
  -5.338788e-01  -7.576477e-01  -9.735361e-01]
sigmaDot=[ ... 
  -2.287330e+04  -6.471096e+04   1.684841e+04;
  -1.042459e+05  -2.287070e+04  -1.069569e+04;
  -1.627324e+04   4.082167e+04  -8.158677e+03]
intgraE=[ ...  
  -3.986346e-03   8.327980e-02  -9.060669e-02;
   8.327980e-02  -2.396162e-02  -3.731530e-02;
  -9.060669e-02  -3.731530e-02   1.691458e-01]
E=[ ...        
  -3.969501e-05   7.924070e-02   1.108664e-01;
   7.924070e-02  -6.454728e-02   6.126639e-02;
   1.108664e-01   6.126639e-02   2.906801e-01]
e=[ ...        
  -4.506357e-02   8.261971e-02   2.536689e-02;
   8.261971e-02  -8.466789e-02   7.025725e-02;
   2.536689e-02   7.025725e-02   1.780614e-01]
intgraF=[ ...  
   9.921245e-01   8.347500e-02  -1.573090e-01;
   8.578158e-02   9.719761e-01  -4.057015e-02;
  -1.891345e-02  -1.926520e-02   1.145382e+00]
F=[ ...        
   9.635955e-01   6.958070e-02  -1.052674e-01;
   1.017090e-01   9.305349e-01   1.569076e-01;
   2.471025e-01  -1.299069e-02   1.243245e+00]
R=[ ...        
   9.870589e-01  -8.799301e-04  -1.603557e-01;
   1.425622e-02   9.965069e-01   8.228497e-02;
   1.597232e-01  -8.350618e-02   9.836235e-01]
U=[ ...        
   9.920435e-01   7.987125e-02   9.690688e-02;
   7.987125e-02   9.283080e-01   5.263343e-02;
   9.690688e-02   5.263343e-02   1.252677e+00]
l=[ ...        
   7.118882e-02  -2.113995e-02  -5.767005e-02;
  -3.543578e-03   2.421869e-02   1.031279e-01;
  -7.360683e-03   5.038799e-02  -5.812925e-02]
d=[ ...        
   7.118882e-02  -1.234177e-02  -3.251536e-02;
  -1.234177e-02   2.421869e-02   7.675794e-02;
  -3.251536e-02   7.675794e-02  -5.812925e-02]
     iteration=        4399999       process=              4       (i,j,k)=              1              0              0       (x,y,z)=   1.488983e-02   5.108421e-03   4.877727e-03     particles=             66
fabric=[ ...   
   4.130443e-01  -3.752727e-02   1.090269e-02;
  -3.752727e-02   3.716715e-01  -2.856616e-02;
   1.090269e-02  -2.856616e-02   1.956764e-01]
sigma=[ ...    
  -9.543227e+00  -4.813178e+00  -4.327562e+00;
  -4.367599e+00  -8.377731e+00  -1.343721e+00;
  -3.433686e+00  -6.894200e-01  -5.189945e+00]
sigmaDot=[ ... 
   1.810297e+04  -3.901436e+04   1.107846e+05;
   5.050986e+04  -4.424651e+04   5.307341e+04;
  -2.754041e+04  -7.304975e+04  -4.263351e+03]
intgraE=[ ...  
  -1.158875e-02   4.432026e-02  -2.215050e-02;
   4.432026e-02   1.577064e-02  -1.005491e-02;
  -2.215050e-02  -1.005491e-02   5.913793e-02]
E=[ ...        
  -8.761854e-03  -2.504659e-02   3.071540e-02;
  -2.504659e-02   7.228083e-02   1.771248e-02;
   3.071540e-02   1.771248e-02  -1.705948e-01]
e=[ ...        
  -8.220600e-03  -2.576318e-02   3.649981e-02;
  -2.576318e-02   5.799160e-02   3.827869e-02;
   3.649981e-02   3.827869e-02  -2.665969e-01]
intgraF=[ ...  
   9.862972e-01   3.575145e-02  -5.598092e-03;
   5.228736e-02   1.014983e+00  -1.073262e-02;
  -3.614323e-02  -8.526680e-03   1.057416e+00]
F=[ ...        
   9.911600e-01  -5.060709e-02   6.918253e-02;
   5.140216e-04   1.067248e+00  -4.912488e-03;
  -8.826016e-03   5.461700e-02   8.087027e-01]
R=[ ...        
   9.987344e-01  -2.509518e-02   4.358768e-02;
   2.645726e-02   9.991704e-01  -3.095854e-02;
  -4.277461e-02   3.207257e-02   9.985698e-01]
U=[ ...        
   9.902967e-01  -2.464282e-02   3.437306e-02;
  -2.464282e-02   1.069384e+00   1.929261e-02;
   3.437306e-02   1.929261e-02   8.107137e-01]
l=[ ...        
  -2.660793e-02   1.758866e-01  -6.595626e-02;
   3.402081e-03  -1.426101e-01   4.134582e-02;
  -2.314829e-02  -2.402452e-01   1.243209e-01]
d=[ ...        
  -2.660793e-02   8.964434e-02  -4.455227e-02;
   8.964434e-02  -1.426101e-01  -9.944971e-02;
  -4.455227e-02  -9.944971e-02   1.243209e-01]
     iteration=        4399999       process=              5       (i,j,k)=              1              0              1       (x,y,z)=   1.488983e-02   5.108421e-03   1.420031e-02     particles=             39
fabric=[ ...   
   3.152233e-01   1.457412e-02   2.806939e-02;
   1.457412e-02   3.558099e-01  -6.001906e-02;
   2.806939e-02  -6.001906e-02   2.977168e-01]
sigma=[ ...    
  -3.237197e+00  -1.458326e+00  -2.688141e-01;
  -9.423966e-01  -2.272448e+00  -8.622506e-02;
  -1.332268e-01   1.440495e-01  -2.640774e-01]
sigmaDot=[ ... 
  -1.456904e+04  -2.801524e+04  -1.305844e+04;
   3.737148e+03  -2.177747e+04   2.534630e+03;
   2.695862e+03  -2.388487e+04   7.183758e+02]
intgraE=[ ...  
   4.808563e-02   1.604228e-02  -1.003257e-01;
   1.604228e-02   1.917742e-02  -6.300075e-02;
  -1.003257e-01  -6.300075e-02   4.454363e-03]
E=[ ...        
   1.764654e-01  -1.140324e-01  -7.754447e-01;
  -1.140324e-01  -9.562509e-02   1.260929e-01;
  -7.754447e-01   1.260929e-01   1.627175e+00]
e=[ ...        
  -1.130143e-01  -1.594934e-01  -2.490682e-01;
  -1.594934e-01  -1.269805e-01   6.583887e-02;
  -2.490682e-01   6.583887e-02   2.347066e-01]
intgraF=[ ...  
   1.044443e+00   5.812562e-02  -1.315932e-01;
  -4.224690e-02   9.923742e-01   1.042591e-01;
  -5.938047e-02  -2.239861e-01   9.903141e-01]
F=[ ...        
   1.082148e+00  -6.437772e-02  -7.051211e-01;
  -2.185824e-01   8.914561e-01   4.427169e-01;
  -3.662091e-01  -9.955530e-02   1.887103e+00]
R=[ ...        
   9.936864e-01   4.688092e-02  -1.019285e-01;
  -2.790772e-02   9.832409e-01   1.801626e-01;
   1.086665e-01  -1.761805e-01   9.783415e-01]
U=[ ...        
   1.041621e+00  -9.966811e-02  -5.079597e-01;
  -9.966811e-02   8.910377e-01   6.976991e-02;
  -5.079597e-01   6.976991e-02   1.997864e+00]
l=[ ...        
  -1.472051e-02  -1.287918e-01   8.107884e-02;
   4.472825e-02  -8.164260e-02  -1.027148e-01;
  -1.569212e-01   1.094232e-02  -5.678475e-02]
d=[ ...        
  -1.472051e-02  -4.203180e-02  -3.792118e-02;
  -4.203180e-02  -8.164260e-02  -4.588625e-02;
  -3.792118e-02  -4.588625e-02  -5.678475e-02]
     iteration=        4399999       process=              6       (i,j,k)=              1              1              0       (x,y,z)=   1.488983e-02   1.488953e-02   4.877727e-03     particles=             60
fabric=[ ...   
   3.407234e-01  -1.377439e-02  -2.071254e-02;
  -1.377439e-02   3.072032e-01  -1.382515e-04;
  -2.071254e-02  -1.382515e-04   3.332054e-01]
sigma=[ ...    
  -2.015447e+00   5.516511e-01  -2.903518e-01;
   3.389064e-01  -2.089838e+00  -4.940720e-01;
  -4.224310e-01  -5.373312e-01  -2.448597e+00]
sigmaDot=[ ... 
   3.933726e+03  -1.203518e+04  -5.685276e+04;
  -3.705190e+03  -1.120879e+04  -3.287252e+04;
  -2.308028e+04  -1.479301e+04  -1.233575e+04]
intgraE=[ ...  
  -7.247122e-02   6.377341e-02  -4.579161e-02;
   6.377341e-02  -9.397981e-02  -2.513539e-03;
  -4.579161e-02  -2.513539e-03  -2.378641e-02]
E=[ ...        
   1.297517e-01  -3.604462e-02  -7.043852e-02;
  -3.604462e-02  -1.097169e-01  -2.692611e-02;
  -7.043852e-02  -2.692611e-02   1.313410e-01]
e=[ ...        
   9.302937e-02  -6.494973e-02  -4.189873e-02;
  -6.494973e-02  -1.419171e-01  -2.095722e-03;
  -4.189873e-02  -2.095722e-03   9.523490e-02]
intgraF=[ ...  
   9.194312e-01   6.586749e-02  -3.100907e-02;
   6.791588e-02   8.944598e-01   9.158326e-02;
  -7.135300e-02  -8.742684e-02   9.711221e-01]
F=[ ...        
   1.114109e+00   4.224467e-02  -1.388010e-01;
  -1.324950e-01   8.718155e-01   1.189527e-01;
   2.662802e-02  -1.368182e-01   1.108723e+00]
R=[ ...        
   9.940233e-01   8.736571e-02  -6.545990e-02;
  -7.859223e-02   9.888679e-01   1.263467e-01;
   7.576957e-02  -1.204469e-01   9.898240e-01]
U=[ ...        
   1.119881e+00  -3.689240e-02  -6.331274e-02;
  -3.689240e-02   8.822805e-01  -2.804020e-02;
  -6.331274e-02  -2.804020e-02   1.121556e+00]
l=[ ...        
  -9.505514e-03  -3.005188e-02  -1.757748e-02;
   8.525113e-03   1.733668e-02  -4.591493e-02;
  -8.044294e-02  -7.841993e-03  -4.292773e-02]
d=[ ...        
  -9.505514e-03  -1.076338e-02  -4.901021e-02;
  -1.076338e-02   1.733668e-02  -2.687846e-02;
  -4.901021e-02  -2.687846e-02  -4.292773e-02]
     iteration=        4399999       process=              7       (i,j,k)=              1              1              1       (x,y,z)=   1.488983e-02   1.488953e-02   1.420031e-02     particles=             52
fabric=[ ...   
   3.915492e-01  -1.605517e-02  -5.688192e-02;
  -1.605517e-02   3.005173e-01   3.120238e-03;
  -5.688192e-02   3.120238e-03   3.079335e-01]
sigma=[ ...    
  -7.621345e-01  -2.577232e-01   1.819267e-01;
   1.394551e-01  -9.909624e-01   5.264013e-02;
   9.720779e-02   2.997716e-01  -2.273988e-01]
sigmaDot=[ ... 
  -1.030638e+04   2.804825e+04   1.494171e+05;
   6.035802e+05  -3.812978e+04   1.004367e+05;
  -4.073373e+04   6.091536e+05  -7.505209e+03]
intgraE=[ ...  
   4.074128e-02  -6.805084e-02  -9.901182e-04;
  -6.805084e-02   1.214605e-01  -9.401128e-02;
  -9.901182e-04  -9.401128e-02  -6.759377e-02]
E=[ ...        
  -1.328450e-01   2.124178e-01  -4.398855e-02;
   2.124178e-01  -3.651758e-01  -1.825438e-02;
  -4.398855e-02  -1.825438e-02   5.848242e-02]
e=[ ...        
  -1.930380e+01   1.276522e+01   1.750170e+00;
   1.276522e+01  -8.448084e+00  -1.214116e+00;
   1.750170e+00  -1.214116e+00  -1.208692e-01]
intgraF=[ ...  
   1.019040e+00   9.223576e-02  -4.653515e-02;
  -2.059627e-01   1.108968e+00  -1.092458e-01;
   2.487194e-02  -6.784941e-02   9.223407e-01]
F=[ ...        
   4.158628e-01   3.755657e-01  -1.482107e-03;
   7.489769e-01   3.582860e-01  -1.446569e-01;
   2.004353e-02   1.516491e-02   1.046918e+00]
R=[ ...        
   5.193459e-02   9.985550e-01   1.381098e-02;
   9.942086e-01  -5.039573e-02  -9.491813e-02;
   9.408496e-02  -1.866053e-02   9.953893e-01]
U=[ ...        
   7.681228e-01   3.771426e-01  -4.539690e-02;
   3.771426e-01   3.566840e-01  -1.372592e-02;
  -4.539690e-02  -1.372592e-02   1.055801e+00]
l=[ ...        
   1.245768e-03  -5.114461e-02   2.727224e-01;
  -4.200854e-02  -8.318975e-02  -1.828403e-01;
  -1.217060e-01   1.033109e-01   3.453839e-02]
d=[ ...        
   1.245768e-03  -4.657657e-02   7.550822e-02;
  -4.657657e-02  -8.318975e-02  -3.976468e-02;
   7.550822e-02  -3.976468e-02   3.453839e-02]
