     iteration=        3599999       process=              0       (i,j,k)=              0              0              0       (x,y,z)=   5.089936e-03   5.089938e-03   4.860329e-03     particles=             71
fabric=[ ...   
   3.417039e-01  -9.246192e-03  -3.630068e-02;
  -9.246192e-03   3.355463e-01   8.734317e-03;
  -3.630068e-02   8.734317e-03   3.227497e-01]
sigma=[ ...    
  -3.405850e+02   3.462024e+01   7.831739e+01;
   3.707550e+01  -3.328969e+02   3.706338e+01;
   7.821541e+01   3.670557e+01  -2.726690e+02]
sigmaDot=[ ... 
  -2.466821e+05   1.224296e+05   1.081454e+05;
  -5.320239e+03  -1.860398e+05   1.708153e+05;
   1.565783e+05   6.221808e+05  -3.848474e+05]
intgraE=[ ...  
   1.344512e-02  -9.122997e-03   1.875716e-02;
  -9.122997e-03  -5.401470e-03  -5.534201e-03;
   1.875716e-02  -5.534201e-03   2.619014e-02]
E=[ ...        
   2.545310e-02   5.117167e-03  -1.233875e-03;
   5.117167e-03  -1.100637e-02  -1.656670e-03;
  -1.233875e-03  -1.656670e-03   1.256250e-02]
e=[ ...        
   2.406494e-02   5.340769e-03  -1.155690e-03;
   5.340769e-03  -1.124328e-02  -1.307527e-03;
  -1.155690e-03  -1.307527e-03   1.228224e-02]
intgraF=[ ...  
   1.013280e+00  -2.125539e-02   2.492579e-02;
   3.461841e-03   9.942770e-01   2.386128e-03;
   1.194410e-02  -1.258940e-02   1.025550e+00]
F=[ ...        
   1.025011e+00  -5.442157e-03  -3.886833e-03;
   1.601228e-02   9.887944e-01   1.259484e-02;
   1.298525e-03  -1.559484e-02   1.012399e+00]
R=[ ...        
   9.999398e-01  -1.064472e-02  -2.664256e-03;
   1.068122e-02   9.998438e-01   1.408411e-02;
   2.513918e-03  -1.411172e-02   9.998973e-01]
U=[ ...        
   1.025124e+00   5.080500e-03  -1.206983e-03;
   5.080500e-03   9.889180e-01  -1.652447e-03;
  -1.206983e-03  -1.652447e-03   1.012483e+00]
l=[ ...        
  -7.346455e-03   2.282682e-02  -4.811989e-03;
   5.174464e-03   2.885562e-04   1.096212e-02;
   3.240195e-03   3.143550e-02   1.566237e-02]
d=[ ...        
  -7.346455e-03   1.400064e-02  -7.858971e-04;
   1.400064e-02   2.885562e-04   2.119881e-02;
  -7.858971e-04   2.119881e-02   1.566237e-02]
     iteration=        3599999       process=              1       (i,j,k)=              0              0              1       (x,y,z)=   5.089936e-03   5.089938e-03   1.422117e-02     particles=             54
fabric=[ ...   
   3.147647e-01  -4.752849e-02  -9.102218e-03;
  -4.752849e-02   3.553140e-01   1.678427e-02;
  -9.102218e-03   1.678427e-02   2.937767e-01]
sigma=[ ...    
  -1.369592e+02   2.520027e+01   4.286338e+01;
   2.618558e+01  -1.325470e+02  -2.413034e+01;
   3.616673e+01  -2.705702e+01  -1.437498e+02]
sigmaDot=[ ... 
  -1.610415e+05  -2.483565e+05  -2.184200e+06;
   2.418034e+06   2.030254e+05  -3.421687e+05;
   5.657456e+05  -4.068559e+06  -3.980890e+05]
intgraE=[ ...  
  -1.048874e-01   1.320659e-02  -2.524669e-01;
   1.320659e-02   7.403011e-02  -2.006798e-02;
  -2.524669e-01  -2.006798e-02   6.019414e-01]
E=[ ...        
  -2.697638e-01  -5.624030e-02   1.011541e-01;
  -5.624030e-02   1.131769e-01   1.103435e+00;
   1.011541e-01   1.103435e+00   2.701544e+00]
e=[ ...        
  -4.529318e-01  -4.084458e-01  -4.907816e-01;
  -4.084458e-01  -1.007623e+00  -3.811671e-01;
  -4.907816e-01  -3.811671e-01   1.391115e-01]
intgraF=[ ...  
   8.874774e-01   3.868068e-02  -6.452115e-01;
  -9.300583e-03   1.070009e+00  -6.479369e-02;
   5.022642e-02   4.054942e-02   1.335435e+00]
F=[ ...        
   5.775669e-01  -5.963678e-01  -1.063848e+00;
  -9.342325e-02   4.741460e-01  -4.867719e-01;
   3.437457e-01   8.036695e-01   2.243740e+00]
R=[ ...        
   8.789678e-01  -2.668377e-01  -3.952382e-01;
   6.986558e-02   8.919102e-01  -4.467830e-01;
   4.717355e-01   3.650943e-01   8.026031e-01]
U=[ ...        
   6.632927e-01  -1.119422e-01   8.935482e-02;
  -1.119422e-01   8.754443e-01   6.688946e-01;
   8.935482e-02   6.688946e-01   2.438787e+00]
l=[ ...        
  -5.185280e-03  -7.593085e-03  -3.627569e-02;
   3.015953e-02  -9.320638e-03   7.248782e-03;
   2.028362e-02  -2.745825e-03  -4.132494e-02]
d=[ ...        
  -5.185280e-03   1.128322e-02  -7.996032e-03;
   1.128322e-02  -9.320638e-03   2.251479e-03;
  -7.996032e-03   2.251479e-03  -4.132494e-02]
     iteration=        3599999       process=              2       (i,j,k)=              0              1              0       (x,y,z)=   5.089936e-03   1.491003e-02   4.860329e-03     particles=             73
fabric=[ ...   
   3.159691e-01   1.333980e-02  -2.396674e-02;
   1.333980e-02   3.612754e-01   1.225602e-02;
  -2.396674e-02   1.225602e-02   3.227555e-01]
sigma=[ ...    
  -2.501526e+02   1.072153e+01   4.961773e+01;
   1.177192e+01  -3.818305e+02  -5.019946e+01;
   5.091004e+01  -5.642630e+01  -1.798416e+02]
sigmaDot=[ ... 
  -2.269400e+05   3.886172e+05   6.888727e+06;
  -1.635761e+06   7.576628e+04  -4.937201e+03;
   1.980694e+05  -2.366687e+06  -5.305631e+05]
intgraE=[ ...  
   2.245712e-02   1.692484e-02   1.037487e-02;
   1.692484e-02  -3.734964e-02  -8.875527e-04;
   1.037487e-02  -8.875527e-04   1.006064e-03]
E=[ ...        
   2.854544e-02   3.695796e-02   1.324458e-02;
   3.695796e-02   3.987369e-04  -1.126949e-04;
   1.324458e-02  -1.126949e-04   1.817472e-02]
e=[ ...        
   2.319972e-02   3.554130e-02   1.171272e-02;
   3.554130e-02  -1.684903e-03   1.704126e-04;
   1.171272e-02   1.704126e-04   1.775566e-02]
intgraF=[ ...  
   1.021816e+00   2.372086e-02  -5.718365e-03;
   9.941698e-03   9.616311e-01  -3.703220e-03;
   2.660354e-02   1.919784e-03   1.000982e+00]
F=[ ...        
   1.026608e+00   2.920099e-02  -9.074433e-03;
   4.451030e-02   9.998378e-01   1.674109e-02;
   3.444557e-02  -1.640619e-02   1.017834e+00]
R=[ ...        
   9.997394e-01  -7.264029e-03  -2.164260e-02;
   7.625984e-03   9.998316e-01   1.668887e-02;
   2.151772e-02  -1.684957e-02   9.996265e-01]
U=[ ...        
   1.027421e+00   3.646510e-02   1.295708e-02;
   3.646510e-02   9.997338e-01  -3.458807e-04;
   1.295708e-02  -3.458807e-04   1.017930e+00]
l=[ ...        
  -1.946305e-03   4.477447e-03   3.398356e-03;
   7.600029e-03  -1.243926e-02   1.203456e-02;
  -9.300953e-03  -2.302644e-02  -1.166290e-02]
d=[ ...        
  -1.946305e-03   6.038738e-03  -2.951299e-03;
   6.038738e-03  -1.243926e-02  -5.495941e-03;
  -2.951299e-03  -5.495941e-03  -1.166290e-02]
     iteration=        3599999       process=              3       (i,j,k)=              0              1              1       (x,y,z)=   5.089936e-03   1.491003e-02   1.422117e-02     particles=             48
fabric=[ ...   
   3.317988e-01   5.901368e-02   3.778965e-03;
   5.901368e-02   3.231773e-01   2.548093e-02;
   3.778965e-03   2.548093e-02   3.450239e-01]
sigma=[ ...    
  -1.263787e+02  -2.103260e+01  -1.417605e+01;
  -2.332235e+01  -1.617625e+02  -4.408379e+01;
  -1.896466e+01  -4.573081e+01  -2.194440e+02]
sigmaDot=[ ... 
  -1.046801e+05  -2.023193e+05  -2.914516e+05;
   1.300084e+04  -6.036656e+04  -1.767449e+04;
   2.136359e+05   4.920755e+04   7.730843e+04]
intgraE=[ ...  
  -2.311749e-02   7.258683e-02  -6.741545e-02;
   7.258683e-02  -2.104119e-02  -2.004763e-02;
  -6.741545e-02  -2.004763e-02   1.565721e-01]
E=[ ...        
   9.206649e-02   8.272390e-02   3.302008e-02;
   8.272390e-02  -4.642334e-02   1.295493e-02;
   3.302008e-02   1.295493e-02   2.625864e-01]
e=[ ...        
   6.322758e-02   7.687460e-02   7.561759e-05;
   7.687460e-02  -6.487283e-02   2.343471e-02;
   7.561759e-05   2.343471e-02   1.730284e-01]
intgraF=[ ...  
   9.743004e-01   8.248570e-02  -1.253609e-01;
   6.631021e-02   9.751488e-01  -1.405517e-02;
  -1.032497e-02  -1.409083e-02   1.138961e+00]
F=[ ...        
   1.070110e+00   8.025191e-02  -1.461833e-01;
   8.430712e-02   9.490557e-01   4.286301e-02;
   1.785803e-01  -2.478934e-03   1.225547e+00]
R=[ ...        
   9.900163e-01   1.458616e-03  -1.409453e-01;
   2.215246e-03   9.996619e-01   2.590546e-02;
   1.409355e-01  -2.595906e-02   9.896784e-01]
U=[ ...        
   1.084781e+00   8.120372e-02   2.809418e-02;
   8.120372e-02   9.489163e-01   1.082125e-02;
   2.809418e-02   1.082125e-02   1.234612e+00]
l=[ ...        
   8.688624e-03  -1.812977e-02   1.827665e-03;
   2.863372e-02  -2.516376e-02   1.637097e-02;
   7.527265e-03   1.365374e-03  -1.392940e-02]
d=[ ...        
   8.688624e-03   5.251980e-03   4.677465e-03;
   5.251980e-03  -2.516376e-02   8.868170e-03;
   4.677465e-03   8.868170e-03  -1.392940e-02]
     iteration=        3599999       process=              4       (i,j,k)=              1              0              0       (x,y,z)=   1.491002e-02   5.089938e-03   4.860329e-03     particles=             64
fabric=[ ...   
   4.036710e-01  -4.068963e-04  -7.223404e-03;
  -4.068963e-04   3.661973e-01  -1.449572e-02;
  -7.223404e-03  -1.449572e-02   2.301317e-01]
sigma=[ ...    
  -6.259767e+02  -1.479224e+01  -4.085654e+01;
  -1.421918e+01  -3.959037e+02   4.590160e+01;
  -4.034764e+01   4.801368e+01  -2.145928e+02]
sigmaDot=[ ... 
  -3.823147e+05   1.511230e+06   6.178922e+06;
   2.586963e+06  -5.668961e+05   8.189699e+05;
  -5.163262e+05   3.040135e+06  -6.222558e+05]
intgraE=[ ...  
  -8.370078e-03   3.384669e-02  -1.237345e-02;
   3.384669e-02   2.840738e-02   5.002483e-03;
  -1.237345e-02   5.002483e-03   5.874910e-02]
E=[ ...        
  -4.831232e-02   7.048618e-03  -3.406824e-02;
   7.048618e-03   5.402175e-02  -1.168909e-03;
  -3.406824e-02  -1.168909e-03  -6.990637e-02]
e=[ ...        
  -5.873061e-02   2.428260e-03  -4.455298e-02;
   2.428260e-03   4.882826e-02  -5.333059e-03;
  -4.455298e-02  -5.333059e-03  -8.311199e-02]
intgraF=[ ...  
   9.899750e-01   1.662300e-02   3.257790e-03;
   5.052694e-02   1.027537e+00  -1.766845e-02;
  -2.561985e-02   2.659103e-02   1.056965e+00]
F=[ ...        
   9.482695e-01  -2.739653e-02  -2.084253e-02;
   3.679933e-02   1.051964e+00   1.994169e-02;
  -5.297220e-02  -2.576744e-02   9.270141e-01]
R=[ ...        
   9.993277e-01  -3.267639e-02   1.662290e-02;
   3.227414e-02   9.991929e-01   2.391679e-02;
  -1.739100e-02  -2.336422e-02   9.995757e-01]
U=[ ...        
   9.497410e-01   7.021253e-03  -3.630662e-02;
   7.021253e-03   1.052613e+00  -1.052308e-03;
  -3.630662e-02  -1.052308e-03   9.267513e-01]
l=[ ...        
  -1.192986e-02   1.253896e-02   1.412640e-02;
  -6.079620e-03  -2.772311e-02  -7.701024e-03;
  -9.128008e-04  -1.852189e-02  -2.633948e-02]
d=[ ...        
  -1.192986e-02   3.229670e-03   6.606802e-03;
   3.229670e-03  -2.772311e-02  -1.311146e-02;
   6.606802e-03  -1.311146e-02  -2.633948e-02]
     iteration=        3599999       process=              5       (i,j,k)=              1              0              1       (x,y,z)=   1.491002e-02   5.089938e-03   1.422117e-02     particles=             43
fabric=[ ...   
   3.113301e-01   5.148975e-03   1.186770e-02;
   5.148975e-03   3.296391e-01   1.641650e-02;
   1.186770e-02   1.641650e-02   3.352213e-01]
sigma=[ ...    
  -4.373324e+01   3.952347e+00  -6.922556e+00;
   4.501444e+00  -4.116674e+01  -8.666121e-01;
  -1.113004e+01  -2.615519e+00  -4.649724e+01]
sigmaDot=[ ... 
  -3.382169e+04  -1.840261e+05  -8.395008e+05;
  -8.448655e+05  -2.589072e+04   8.741348e+04;
  -6.681639e+04   4.831070e+05   1.956792e+04]
intgraE=[ ...  
   6.133009e-02   5.107648e-02  -1.134719e-01;
   5.107648e-02   1.646616e-02  -5.301972e-02;
  -1.134719e-01  -5.301972e-02  -6.153145e-04]
E=[ ...        
   3.038957e-01  -4.220859e-02  -2.921750e-01;
  -4.220859e-02  -1.018806e-01   7.366876e-03;
  -2.921750e-01   7.366876e-03  -5.674739e-02]
e=[ ...        
   1.436699e-01   3.504512e-03  -2.302689e-01;
   3.504512e-03  -1.320718e-01   2.604666e-02;
  -2.302689e-01   2.604666e-02  -2.967433e-01]
intgraF=[ ...  
   1.057284e+00   1.057077e-01  -1.515177e-01;
  -2.483297e-02   9.845115e-01   1.362546e-01;
  -6.476239e-02  -2.291184e-01   9.783897e-01]
F=[ ...        
   1.258720e+00  -7.352991e-03  -3.757313e-01;
  -5.491967e-02   8.715883e-01  -1.717677e-01;
  -1.428295e-01   1.910984e-01   8.460656e-01]
R=[ ...        
   9.925857e-01   3.587254e-02  -1.161329e-01;
  -5.997150e-02   9.755968e-01  -2.112210e-01;
   1.057219e-01   2.166196e-01   9.705147e-01]
U=[ ...        
   1.237580e+00  -3.936565e-02  -2.731967e-01;
  -3.936565e-02   8.914507e-01   2.219927e-03;
  -2.731967e-01   2.219927e-03   9.010349e-01]
l=[ ...        
  -3.800879e-02  -6.824933e-03   2.066268e-02;
   7.154958e-03   5.100212e-02   1.688543e-02;
  -4.009211e-02   5.392312e-02   4.368632e-04]
d=[ ...        
  -3.800879e-02   1.650127e-04  -9.714714e-03;
   1.650127e-04   5.100212e-02   3.540427e-02;
  -9.714714e-03   3.540427e-02   4.368632e-04]
     iteration=        3599999       process=              6       (i,j,k)=              1              1              0       (x,y,z)=   1.491002e-02   1.491003e-02   4.860329e-03     particles=             61
fabric=[ ...   
   3.312268e-01  -1.444982e-03  -2.124512e-02;
  -1.444982e-03   3.536667e-01   9.296940e-03;
  -2.124512e-02   9.296940e-03   3.012176e-01]
sigma=[ ...    
  -9.010218e+01   3.667686e+01   8.707955e-02;
   3.690645e+01  -9.017040e+01  -6.968247e+00;
   3.764782e-02  -8.942278e+00  -3.711481e+01]
sigmaDot=[ ... 
   1.380519e+05   1.647696e+05  -1.966722e+05;
  -9.267663e+05  -1.693271e+03   6.791938e+03;
   2.969881e+05   9.567298e+05  -1.433994e+05]
intgraE=[ ...  
  -6.371461e-02   6.799501e-02  -3.836591e-02;
   6.799501e-02  -9.334156e-02   2.383793e-04;
  -3.836591e-02   2.383793e-04  -2.136472e-02]
E=[ ...        
   1.239826e-01   2.463602e-02  -1.084911e-01;
   2.463602e-02  -2.156348e-01  -5.964207e-02;
  -1.084911e-01  -5.964207e-02  -6.016365e-02]
e=[ ...        
   7.976761e-02   1.426891e-02  -1.010980e-01;
   1.426891e-02  -4.333011e-01  -7.370544e-02;
  -1.010980e-01  -7.370544e-02  -8.026801e-02]
intgraF=[ ...  
   9.291332e-01   6.761681e-02  -2.849835e-02;
   7.619734e-02   8.953934e-01   9.374836e-02;
  -5.895986e-02  -8.375895e-02   9.734833e-01]
F=[ ...        
   1.110730e+00   7.795638e-04  -1.029911e-01;
   3.839645e-02   7.324728e-01   6.513021e-02;
  -1.130025e-01  -1.794810e-01   9.299589e-01]
R=[ ...        
   9.995824e-01  -2.889278e-02   5.222215e-04;
   2.850048e-02   9.886736e-01   1.473508e-01;
  -4.773682e-03  -1.472744e-01   9.890842e-01]
U=[ ...        
   1.111900e+00   2.251185e-02  -1.055311e-01;
   2.251185e-02   7.505869e-01  -6.959094e-02;
  -1.055311e-01  -6.959094e-02   9.293508e-01]
l=[ ...        
  -2.625921e-02  -1.070448e-02  -3.537046e-02;
   1.008898e-03  -3.528724e-02  -1.622987e-02;
  -1.533746e-02   8.828417e-03   3.014623e-02]
d=[ ...        
  -2.625921e-02  -4.847793e-03  -2.535396e-02;
  -4.847793e-03  -3.528724e-02  -3.700728e-03;
  -2.535396e-02  -3.700728e-03   3.014623e-02]
     iteration=        3599999       process=              7       (i,j,k)=              1              1              1       (x,y,z)=   1.491002e-02   1.491003e-02   1.422117e-02     particles=             51
fabric=[ ...   
   4.583560e-01   6.079813e-02  -1.319797e-02;
   6.079813e-02   2.181042e-01  -4.171959e-02;
  -1.319797e-02  -4.171959e-02   2.663970e-01]
sigma=[ ...    
  -1.498955e+01  -1.796784e+00  -1.274220e-01;
  -3.805368e+00  -5.389103e+00   5.734986e-01;
  -1.645156e+00   3.287126e-01  -3.780228e+00]
sigmaDot=[ ... 
   7.409720e+04  -7.766925e+03   2.098012e+04;
   2.916705e+04   2.113106e+04  -4.365613e+04;
  -1.690591e+02  -1.981277e+05   1.368741e+04]
intgraE=[ ...  
   4.053335e-02  -6.290265e-02  -8.072995e-03;
  -6.290265e-02   1.448776e-01  -1.086297e-01;
  -8.072995e-03  -1.086297e-01  -6.628232e-02]
E=[ ...        
   3.333045e-02   8.363433e-02   2.591192e-01;
   8.363433e-02  -2.183721e-01  -5.518797e-01;
   2.591192e-01  -5.518797e-01   3.437220e+00]
e=[ ...        
  -8.702556e-01   2.518460e-01   3.777876e-01;
   2.518460e-01   7.573313e-03  -2.025263e-01;
   3.777876e-01  -2.025263e-01   2.848568e-01]
intgraF=[ ...  
   1.019954e+00   9.921267e-02  -7.234200e-02;
  -1.984435e-01   1.128241e+00  -1.179850e-01;
   3.716107e-02  -8.356659e-02   9.210220e-01]
F=[ ...        
   2.190438e-01   5.173530e-01   6.552326e-01;
   8.940505e-01   2.984180e-01  -9.255183e-01;
   4.683528e-01  -4.544760e-01   2.566812e+00]
R=[ ...        
   4.745016e-02   9.382485e-01   3.426926e-01;
   9.243312e-01   8.880220e-02  -3.711145e-01;
   3.786295e-01  -3.343709e-01   8.630387e-01]
U=[ ...        
   1.014125e+00   1.283076e-01   1.474762e-01;
   1.283076e-01   6.638694e-01  -3.256846e-01;
   1.474762e-01  -3.256846e-01   2.783275e+00]
l=[ ...        
  -1.346784e-02   1.939612e-02   3.944823e-02;
  -8.746970e-02   7.963390e-02   1.334165e-01;
  -2.408108e-02   1.219752e-01  -1.195755e-01]
d=[ ...        
  -1.346784e-02  -3.403679e-02   7.683574e-03;
  -3.403679e-02   7.963390e-02   1.276959e-01;
   7.683574e-03   1.276959e-01  -1.195755e-01]
