     iteration=         599999       process=              0       (i,j,k)=              0              0              0       (x,y,z)=   5.015000e-03   5.015000e-03   4.785373e-03     particles=             76
fabric=[ ...   
   3.659199e-01  -9.648946e-03   2.478937e-02;
  -9.648946e-03   2.862438e-01   4.020633e-03;
   2.478937e-02   4.020633e-03   3.023818e-01]
sigma=[ ...    
  -2.311215e+00   2.579203e-01   2.458500e-01;
   6.163427e-01  -3.411932e+00   4.284372e-01;
   1.723672e-01   9.629881e-01  -1.951832e+00]
sigmaDot=[ ... 
   9.467719e+04   2.290700e+04  -2.121842e+05;
   2.165495e+05  -1.179503e+04   3.331207e+04;
   2.255707e+04  -1.513988e+04  -8.868269e+02]
intgraE=[ ...  
  -2.982719e-03   1.607248e-03  -3.173390e-03;
   1.607248e-03   2.054834e-03  -4.507675e-03;
  -3.173390e-03  -4.507675e-03  -7.387115e-03]
E=[ ...        
  -3.510494e-03   2.063297e-03  -4.420853e-03;
   2.063297e-03   1.164658e-03  -3.999971e-03;
  -4.420853e-03  -3.999971e-03  -1.026880e-02]
e=[ ...        
  -3.589819e-03   2.012452e-03  -4.523734e-03;
   2.012452e-03   1.102925e-03  -4.105623e-03;
  -4.523734e-03  -4.105623e-03  -1.053416e-02]
intgraF=[ ...  
   9.970044e-01  -5.579134e-04  -4.735974e-03;
   3.751255e-03   1.002026e+00  -1.779434e-03;
  -1.630427e-03  -7.289093e-03   9.925725e-01]
F=[ ...        
   9.964655e-01  -2.784285e-04  -4.851730e-03;
   4.369077e-03   1.001136e+00  -6.634490e-04;
  -4.046038e-03  -7.413704e-03   9.896658e-01]
R=[ ...        
   9.999972e-01  -2.334220e-03  -4.178657e-04;
   2.335626e-03   9.999915e-01   3.395852e-03;
   4.099355e-04  -3.396818e-03   9.999941e-01]
U=[ ...        
   9.964713e-01   2.056813e-03  -4.447567e-03;
   2.056813e-03   1.001154e+00  -4.013833e-03;
  -4.447567e-03  -4.013833e-03   9.896598e-01]
l=[ ...        
  -5.146691e-03   1.218934e-02  -7.288027e-03;
   4.854803e-03   8.406877e-03   7.685515e-04;
   7.222866e-03  -8.541115e-03  -1.566544e-02]
d=[ ...        
  -5.146691e-03   8.522073e-03  -3.258085e-05;
   8.522073e-03   8.406877e-03  -3.886282e-03;
  -3.258085e-05  -3.886282e-03  -1.566544e-02]
     iteration=         599999       process=              1       (i,j,k)=              0              0              1       (x,y,z)=   5.015000e-03   5.015000e-03   1.429612e-02     particles=             52
fabric=[ ...   
   2.648175e-01  -1.428692e-01   6.861149e-02;
  -1.428692e-01   4.238700e-01  -2.193926e-02;
   6.861149e-02  -2.193926e-02   1.574663e-01]
sigma=[ ...    
  -2.218974e+00   3.111461e-02  -2.340261e+00;
  -7.547628e-01  -2.023688e-01  -2.105631e-02;
  -1.177864e+00  -1.132679e-01  -1.272626e+00]
sigmaDot=[ ... 
   5.656505e+04   3.868893e+05  -3.058008e+06;
  -1.500452e+06   1.184876e+05   3.847944e+04;
  -1.018477e+04  -1.473716e+05   1.806309e+04]
intgraE=[ ...  
  -2.648146e-02  -2.108367e-03  -2.931266e-02;
  -2.108367e-03   1.073913e-02  -1.272080e-02;
  -2.931266e-02  -1.272080e-02   1.198414e-02]
E=[ ...        
  -2.809252e-02   4.711594e-03  -2.509822e-02;
   4.711594e-03   8.395810e-03  -1.168525e-02;
  -2.509822e-02  -1.168525e-02   5.027251e-03]
e=[ ...        
  -3.103607e-02   4.121662e-03  -2.643211e-02;
   4.121662e-03   7.818312e-03  -1.122318e-02;
  -2.643211e-02  -1.122318e-02   3.383221e-03]
intgraF=[ ...  
   9.728889e-01  -9.143355e-03  -3.683786e-02;
   4.076494e-03   1.010335e+00  -6.320777e-04;
  -2.253031e-02  -2.486033e-02   1.011242e+00]
F=[ ...        
   9.712337e-01   3.257597e-03  -2.884253e-02;
   5.804512e-03   1.008186e+00  -4.687427e-03;
  -2.205517e-02  -1.846599e-02   1.004590e+00]
R=[ ...        
   9.999930e-01  -1.383339e-03  -3.463826e-03;
   1.407105e-03   9.999754e-01   6.868357e-03;
   3.454239e-03  -6.873183e-03   9.999704e-01]
U=[ ...        
   9.711589e-01   4.612413e-03  -2.537883e-02;
   4.612413e-03   1.008284e+00  -1.155214e-02;
  -2.537883e-02  -1.155214e-02   1.004628e+00]
l=[ ...        
  -6.253273e-02  -2.923049e-02  -1.683106e-01;
   1.008408e-02   1.365763e-02  -1.553414e-02;
   1.018622e-03  -2.839963e-02   3.535959e-02]
d=[ ...        
  -6.253273e-02  -9.573205e-03  -8.364599e-02;
  -9.573205e-03   1.365763e-02  -2.196689e-02;
  -8.364599e-02  -2.196689e-02   3.535959e-02]
     iteration=         599999       process=              2       (i,j,k)=              0              1              0       (x,y,z)=   5.015000e-03   1.498500e-02   4.785373e-03     particles=             74
fabric=[ ...   
   3.444315e-01   1.836850e-02  -2.001027e-02;
   1.836850e-02   3.125815e-01   1.893139e-03;
  -2.001027e-02   1.893139e-03   2.968332e-01]
sigma=[ ...    
  -6.485832e+00  -1.898324e+00   1.990918e+00;
  -2.276180e+00  -4.937475e+00  -1.078330e-02;
   2.356103e+00  -3.491536e-01  -3.699517e+00]
sigmaDot=[ ... 
  -3.140522e+04  -4.703252e+04  -1.008304e+05;
   1.392847e+05  -1.495900e+04  -7.446144e+03;
   5.823807e+03   1.469520e+04  -2.135416e+04]
intgraE=[ ...  
   2.051906e-03   7.976316e-03  -2.651163e-04;
   7.976316e-03  -8.851616e-03   2.303664e-03;
  -2.651163e-04   2.303664e-03  -4.955688e-03]
E=[ ...        
   7.887800e-04   5.829414e-03   5.745042e-04;
   5.829414e-03  -7.120203e-03   8.746656e-04;
   5.745042e-04   8.746656e-04  -3.952339e-03]
e=[ ...        
   6.898917e-04   5.928290e-03   5.449558e-04;
   5.928290e-03  -7.260829e-03   8.779306e-04;
   5.449558e-04   8.779306e-04  -3.991423e-03]
intgraF=[ ...  
   1.001968e+00   3.624704e-03   2.394442e-03;
   1.242739e-02   9.911013e-01   5.968688e-03;
  -3.018622e-03  -1.323529e-03   9.950112e-01]
F=[ ...        
   1.000750e+00   3.228681e-03   3.211890e-03;
   8.487387e-03   9.928489e-01   2.246726e-03;
  -2.092664e-03  -4.936573e-04   9.960321e-01]
R=[ ...        
   9.999930e-01  -2.640373e-03   2.651864e-03;
   2.636739e-03   9.999956e-01   1.372783e-03;
  -2.655477e-03  -1.365781e-03   9.999955e-01]
U=[ ...        
   1.000771e+00   5.847853e-03   5.728509e-04;
   5.847853e-03   9.928367e-01   8.778734e-04;
   5.728509e-04   8.778734e-04   9.960393e-01]
l=[ ...        
   1.442681e-02  -1.895549e-03   2.070723e-02;
   4.522370e-03  -2.189126e-02   5.535227e-03;
   3.282588e-03  -9.182774e-03  -2.244377e-03]
d=[ ...        
   1.442681e-02   1.313411e-03   1.199491e-02;
   1.313411e-03  -2.189126e-02  -1.823773e-03;
   1.199491e-02  -1.823773e-03  -2.244377e-03]
     iteration=         599999       process=              3       (i,j,k)=              0              1              1       (x,y,z)=   5.015000e-03   1.498500e-02   1.429612e-02     particles=             44
fabric=[ ...   
   3.272109e-01   9.455127e-02  -2.290119e-02;
   9.455127e-02   3.199326e-01  -2.234742e-03;
  -2.290119e-02  -2.234742e-03   1.710382e-01]
sigma=[ ...    
  -3.421196e+00  -2.381113e+00  -2.879993e-01;
  -1.956526e+00  -4.047192e+00  -8.677520e-01;
  -2.650609e-01  -3.853826e-01  -1.420592e-01]
sigmaDot=[ ... 
  -1.711855e+04  -5.541415e+04  -5.289102e+03;
  -6.069980e+04  -2.300953e+04   1.426468e+03;
  -6.233238e+03  -1.071835e+04  -4.428640e+03]
intgraE=[ ...  
  -1.070028e-03   8.800237e-03  -4.307808e-03;
   8.800237e-03  -6.632584e-03  -3.401552e-03;
  -4.307808e-03  -3.401552e-03  -4.391158e-03]
E=[ ...        
   2.713312e-03   9.904549e-03  -6.601432e-03;
   9.904549e-03  -2.251941e-03   3.619593e-03;
  -6.601432e-03   3.619593e-03   7.088649e-03]
e=[ ...        
   2.565190e-03   9.945053e-03  -6.516208e-03;
   9.945053e-03  -2.578780e-03   3.754865e-03;
  -6.516208e-03   3.754865e-03   6.820900e-03]
intgraF=[ ...  
   9.989132e-01   1.196661e-02  -8.556220e-03;
   5.685138e-03   9.932728e-01  -7.610814e-03;
  -2.553998e-05   8.627542e-04   9.955333e-01]
F=[ ...        
   1.002681e+00   1.234102e-02  -1.422912e-02;
   7.442611e-03   9.976251e-01  -2.030960e-03;
   1.072060e-03   9.375660e-03   1.006961e+00]
R=[ ...        
   9.999681e-01   2.459778e-03  -7.597209e-03;
  -2.502745e-03   9.999809e-01  -5.651260e-03;
   7.583163e-03   5.670094e-03   9.999552e-01]
U=[ ...        
   1.002639e+00   9.914922e-03  -6.587629e-03;
   9.914922e-03   9.976896e-01   3.643643e-03;
  -6.587629e-03   3.643643e-03   1.007036e+00]
l=[ ...        
  -1.027848e-02   4.076249e-02  -6.791122e-02;
   1.680579e-02  -5.013325e-03  -3.439211e-03;
   2.712157e-02  -6.794479e-03   4.462457e-02]
d=[ ...        
  -1.027848e-02   2.878414e-02  -2.039482e-02;
   2.878414e-02  -5.013325e-03  -5.116845e-03;
  -2.039482e-02  -5.116845e-03   4.462457e-02]
     iteration=         599999       process=              4       (i,j,k)=              1              0              0       (x,y,z)=   1.498500e-02   5.015000e-03   4.785373e-03     particles=             70
fabric=[ ...   
   3.380026e-01   2.694492e-02   1.365051e-02;
   2.694492e-02   2.979640e-01  -1.430819e-02;
   1.365051e-02  -1.430819e-02   2.731243e-01]
sigma=[ ...    
  -1.669671e+00  -5.868718e-01   4.906412e-03;
  -3.330828e-01  -2.668010e+00  -1.969995e-01;
  -4.567449e-02   1.431426e-02  -3.665866e-01]
sigmaDot=[ ... 
   5.259277e+02  -2.999230e+04  -1.398561e+04;
  -4.204273e+04   6.235519e+03   1.083802e+04;
  -3.308020e+03  -2.849016e+03  -1.017135e+03]
intgraE=[ ...  
  -1.521890e-03   1.936665e-03   5.029809e-03;
   1.936665e-03   5.097443e-03  -4.912203e-03;
   5.029809e-03  -4.912203e-03  -2.034814e-02]
E=[ ...        
  -1.048174e-04   2.454187e-03   2.952955e-03;
   2.454187e-03   5.781882e-03  -4.053778e-03;
   2.952955e-03  -4.053778e-03  -1.668385e-02]
e=[ ...        
  -1.244341e-04   2.527529e-03   3.082957e-03;
   2.527529e-03   5.564214e-03  -4.375640e-03;
   3.082957e-03  -4.375640e-03  -1.721775e-02]
intgraF=[ ...  
   9.984454e-01   8.605579e-03   3.751018e-03;
  -4.604186e-03   1.004947e+00   4.044793e-03;
   6.466095e-03  -1.421394e-02   9.794250e-01]
F=[ ...        
   9.998696e-01   8.606196e-03  -1.614894e-04;
  -3.595858e-03   1.005644e+00   4.663998e-03;
   6.188339e-03  -1.301563e-02   9.831635e-01]
R=[ ...        
   9.999763e-01   6.104828e-03  -3.173186e-03;
  -6.076337e-03   9.999418e-01   8.912001e-03;
   3.227408e-03  -8.892509e-03   9.999553e-01]
U=[ ...        
   9.998877e-01   2.453352e-03   2.983244e-03;
   2.453352e-03   1.005754e+00  -4.080049e-03;
   2.983244e-03  -4.080049e-03   9.831616e-01]
l=[ ...        
  -1.854370e-02   1.760093e-02   7.400040e-04;
  -1.150016e-02  -5.111365e-03  -4.996980e-03;
  -6.619529e-03  -1.617000e-03   4.416438e-04]
d=[ ...        
  -1.854370e-02   3.050382e-03  -2.939762e-03;
   3.050382e-03  -5.111365e-03  -3.306990e-03;
  -2.939762e-03  -3.306990e-03   4.416438e-04]
     iteration=         599999       process=              5       (i,j,k)=              1              0              1       (x,y,z)=   1.498500e-02   5.015000e-03   1.429612e-02     particles=             41
fabric=[ ...   
   2.765618e-01   8.983646e-02   9.316142e-03;
   8.983646e-02   2.451667e-01   6.385388e-02;
   9.316142e-03   6.385388e-02   2.282715e-01]
sigma=[ ...    
  -2.139577e+00  -8.185558e-01   4.340448e-02;
  -1.411674e+00  -1.862690e+00  -8.400009e-02;
  -5.785116e-03  -3.097665e-01   9.252094e-03]
sigmaDot=[ ... 
   7.672363e+05   1.483385e+06   9.611553e+04;
  -1.205581e+06   2.944703e+03   1.776635e+05;
  -6.072815e+03   1.299692e+06  -3.335397e+04]
intgraE=[ ...  
   1.383190e-02  -1.698831e-03   2.935826e-02;
  -1.698831e-03   1.509899e-02  -2.010318e-03;
   2.935826e-02  -2.010318e-03   5.551101e-03]
E=[ ...        
   1.991172e-02   2.857576e-03   2.896986e-02;
   2.857576e-03   1.273182e-02   4.294186e-04;
   2.896986e-02   4.294186e-04   2.881442e-02]
e=[ ...        
   1.731184e-02   3.470501e-03   2.627385e-02;
   3.470501e-03   1.244528e-02   7.415041e-04;
   2.627385e-02   7.415041e-04   2.610245e-02]
intgraF=[ ...  
   1.012953e+00  -7.021616e-03   1.857738e-02;
   5.011379e-03   1.014372e+00   3.044186e-02;
   3.955201e-02  -3.459993e-02   1.004903e+00]
F=[ ...        
   1.019109e+00   4.581005e-04   2.171502e-02;
   6.217927e-03   1.012202e+00   3.147018e-02;
   3.465415e-02  -3.016961e-02   1.027700e+00]
R=[ ...        
   9.999768e-01  -2.317378e-03  -6.403457e-03;
   2.509578e-03   9.995416e-01   3.017195e-02;
   6.330602e-03  -3.018732e-02   9.995242e-01]
U=[ ...        
   1.019321e+00   2.807299e-03   2.829945e-02;
   2.807299e-03   1.012648e+00   3.819297e-04;
   2.829945e-02   3.819297e-04   1.028021e+00]
l=[ ...        
   1.834834e-02   2.443630e-03  -1.362163e-02;
   1.404092e-03   1.138410e-02   8.586665e-02;
  -4.620045e-02   4.684207e-03   2.844806e-04]
d=[ ...        
   1.834834e-02   1.923861e-03  -2.991104e-02;
   1.923861e-03   1.138410e-02   4.527543e-02;
  -2.991104e-02   4.527543e-02   2.844806e-04]
     iteration=         599999       process=              6       (i,j,k)=              1              1              0       (x,y,z)=   1.498500e-02   1.498500e-02   4.785373e-03     particles=             58
fabric=[ ...   
   2.205006e-01  -3.191399e-02   2.739825e-02;
  -3.191399e-02   2.652201e-01   1.459385e-02;
   2.739825e-02   1.459385e-02   3.580293e-01]
sigma=[ ...    
  -3.920225e-01   4.946850e-02  -3.278832e-01;
   1.226161e-01  -1.751385e-01  -5.712891e-02;
  -1.753670e-01  -1.319698e-01  -5.632436e-01]
sigmaDot=[ ... 
  -8.727843e+03  -4.419900e+04  -2.046145e+05;
   1.417361e+05  -7.672095e+03  -2.141008e+03;
  -6.139484e+03  -1.051627e+05  -2.062897e+04]
intgraE=[ ...  
  -1.316807e-02  -4.358772e-03   1.486639e-03;
  -4.358772e-03  -7.757831e-03   1.111979e-03;
   1.486639e-03   1.111979e-03  -1.985032e-02]
E=[ ...        
  -1.581661e-02  -2.380978e-03  -3.409864e-03;
  -2.380978e-03  -4.001444e-03   3.289022e-03;
  -3.409864e-03   3.289022e-03  -9.225826e-03]
e=[ ...        
  -1.639801e-02  -2.430495e-03  -3.543186e-03;
  -2.430495e-03  -4.049727e-03   3.365754e-03;
  -3.543186e-03   3.365754e-03  -9.437163e-03]
intgraF=[ ...  
   9.867266e-01  -3.352216e-03   5.169035e-03;
  -5.442685e-03   9.921964e-01  -2.091081e-03;
  -2.182320e-03   4.404433e-03   9.799328e-01]
F=[ ...        
   9.840289e-01  -7.205086e-04  -7.546030e-04;
  -4.057922e-03   9.959885e-01   4.764179e-03;
  -6.114591e-03   1.849599e-03   9.907195e-01]
R=[ ...        
   9.999949e-01   1.676470e-03   2.714443e-03;
  -1.680451e-03   9.999975e-01   1.465115e-03;
  -2.711980e-03  -1.469669e-03   9.999952e-01]
U=[ ...        
   9.840473e-01  -2.399231e-03  -3.449417e-03;
  -2.399231e-03   9.959821e-01   3.306872e-03;
  -3.449417e-03   3.306872e-03   9.907197e-01]
l=[ ...        
  -3.414424e-02   1.230217e-02   4.276277e-02;
  -5.333995e-03  -3.601992e-02  -2.156491e-02;
  -2.980000e-02  -1.360971e-02  -5.997537e-02]
d=[ ...        
  -3.414424e-02   3.484085e-03   6.481386e-03;
   3.484085e-03  -3.601992e-02  -1.758731e-02;
   6.481386e-03  -1.758731e-02  -5.997537e-02]
     iteration=         599999       process=              7       (i,j,k)=              1              1              1       (x,y,z)=   1.498500e-02   1.498500e-02   1.429612e-02     particles=             50
fabric=[ ...   
   1.932769e-01  -9.030709e-03  -6.671255e-02;
  -9.030709e-03   2.910348e-01  -5.062471e-03;
  -6.671255e-02  -5.062471e-03   2.849190e-01]
sigma=[ ...    
  -3.627306e-01   1.953938e-01  -1.029682e-01;
   1.593810e-01  -8.494433e-01   1.940721e-01;
  -4.144046e-02   7.774912e-02  -2.293158e-02]
sigmaDot=[ ... 
   2.119966e+02   1.379199e+04  -2.991865e+03;
   1.556602e+04   1.038876e+01   2.457536e+03;
  -5.116586e+03   6.736008e+03  -2.093178e+03]
intgraE=[ ...  
   2.343811e-03   2.542820e-03  -1.229904e-02;
   2.542820e-03  -2.594870e-02   4.429323e-03;
  -1.229904e-02   4.429323e-03  -1.150704e-02]
E=[ ...        
   2.046981e-03  -1.667928e-03  -3.640415e-02;
  -1.667928e-03  -9.207472e-03   6.782226e-03;
  -3.640415e-02   6.782226e-03  -4.417769e-02]
e=[ ...        
   5.889029e-04  -1.506987e-03  -3.893288e-02;
  -1.506987e-03  -9.412923e-03   7.664879e-03;
  -3.893288e-02   7.664879e-03  -5.329218e-02]
intgraF=[ ...  
   1.002316e+00   9.157862e-03  -1.886837e-02;
  -4.206201e-03   9.736625e-01   9.628992e-03;
  -5.712926e-03  -3.480551e-04   9.881990e-01]
F=[ ...        
   1.001820e+00   7.062048e-03  -5.499466e-02;
  -1.044044e-02   9.907179e-01   1.058144e-02;
  -1.846816e-02   3.640123e-03   9.531570e-01]
R=[ ...        
   9.997864e-01   8.818113e-03  -1.869389e-02;
  -8.754724e-03   9.999557e-01   3.470013e-03;
   1.872366e-02  -3.305612e-03   9.998192e-01]
U=[ ...        
   1.001352e+00  -1.544766e-03  -3.722897e-02;
  -1.544766e-03   9.907242e-01   6.945252e-03;
  -3.722897e-02   6.945252e-03   9.540495e-01]
l=[ ...        
  -1.862720e-02   6.122961e-02  -2.842273e-02;
   3.004718e-02  -9.848158e-02   7.509767e-02;
  -3.272470e-02  -2.968360e-02   3.962836e-02]
d=[ ...        
  -1.862720e-02   4.563840e-02  -3.057372e-02;
   4.563840e-02  -9.848158e-02   2.270704e-02;
  -3.057372e-02   2.270704e-02   3.962836e-02]
