     iteration=        3999999       process=              0       (i,j,k)=              0              0              0       (x,y,z)=   5.099506e-03   5.098426e-03   4.868096e-03     particles=             71
fabric=[ ...   
   3.297530e-01  -9.807472e-03  -5.621205e-02;
  -9.807472e-03   3.493613e-01   3.128103e-03;
  -5.621205e-02   3.128103e-03   3.208857e-01]
sigma=[ ...    
  -4.140333e+02   5.422024e+01   7.912760e+01;
   5.003517e+01  -2.761428e+02  -4.346559e+00;
   9.411675e+01  -1.445364e+00  -2.791413e+02]
sigmaDot=[ ... 
   6.537103e+05  -1.765533e+06   1.030086e+07;
   2.856341e+06  -8.180054e+04   2.365891e+05;
  -3.284973e+05  -2.865719e+06   6.509479e+05]
intgraE=[ ...  
   1.157397e-02  -8.040132e-03   2.055099e-02;
  -8.040132e-03  -8.508581e-03  -3.254421e-03;
   2.055099e-02  -3.254421e-03   2.831519e-02]
E=[ ...        
   3.166505e-02   1.089472e-02  -2.447425e-03;
   1.089472e-02  -1.258691e-02  -1.401134e-03;
  -2.447425e-03  -1.401134e-03   2.118597e-02]
e=[ ...        
   2.934013e-02   1.093925e-02  -2.211244e-03;
   1.093925e-02  -1.294258e-02  -1.142736e-03;
  -2.211244e-03  -1.142736e-03   2.031647e-02]
intgraF=[ ...  
   1.011393e+00  -1.757567e-02   2.524758e-02;
   1.821330e-03   9.912726e-01   1.396032e-03;
   1.514598e-02  -7.248778e-03   1.027614e+00]
F=[ ...        
   1.030955e+00   5.768983e-04  -4.375560e-03;
   2.146384e-02   9.873080e-01   4.377622e-03;
  -4.679995e-04  -6.975682e-03   1.020947e+00]
R=[ ...        
   9.999445e-01  -1.035078e-02  -1.970657e-03;
   1.036179e-02   9.999303e-01   5.665999e-03;
   1.911872e-03  -5.686104e-03   9.999820e-01]
U=[ ...        
   1.031120e+00   1.079381e-02  -2.378036e-03;
   1.079381e-02   9.872729e-01  -1.382606e-03;
  -2.378036e-03  -1.382606e-03   1.020962e+00]
l=[ ...        
  -1.058791e-02  -6.910793e-03   4.535198e-03;
  -5.324704e-02  -2.132123e-02   1.050830e-02;
   3.714603e-02  -8.058741e-03   2.938223e-02]
d=[ ...        
  -1.058791e-02  -3.007892e-02   2.084062e-02;
  -3.007892e-02  -2.132123e-02   1.224777e-03;
   2.084062e-02   1.224777e-03   2.938223e-02]
     iteration=        3999999       process=              1       (i,j,k)=              0              0              1       (x,y,z)=   5.099506e-03   5.098426e-03   1.421042e-02     particles=             54
fabric=[ ...   
   3.065965e-01  -5.496558e-02  -2.743560e-02;
  -5.496558e-02   4.036927e-01   3.737504e-02;
  -2.743560e-02   3.737504e-02   2.897108e-01]
sigma=[ ...    
  -2.389445e+02   7.976059e+01   6.437533e+01;
   7.579229e+01  -2.237728e+02  -2.361720e+01;
   6.396619e+01  -2.011167e+01  -2.536632e+02]
sigmaDot=[ ... 
  -7.776754e+04   4.940747e+04  -2.726382e+04;
   1.474890e+05   8.024443e+03   9.502809e+04;
  -1.213287e+04   8.426475e+03  -6.339134e+04]
intgraE=[ ...  
  -1.052977e-01   1.384561e-02  -2.540148e-01;
   1.384561e-02   7.078272e-02  -2.424938e-02;
  -2.540148e-01  -2.424938e-02   5.975930e-01]
E=[ ...        
  -2.399658e-01  -9.884808e-02   7.532997e-02;
  -9.884808e-02   2.910214e-01   1.296434e+00;
   7.532997e-02   1.296434e+00   2.610480e+00]
e=[ ...        
  -3.230014e-01  -4.999632e-01  -4.838117e-01;
  -4.999632e-01  -1.264093e+00  -5.176680e-01;
  -4.838117e-01  -5.176680e-01   9.379433e-02]
intgraF=[ ...  
   8.870675e-01   3.641528e-02  -6.478709e-01;
  -6.080468e-03   1.067154e+00  -7.035127e-02;
   4.978788e-02   3.770421e-02   1.330601e+00]
F=[ ...        
   6.223670e-01  -7.679869e-01  -1.074966e+00;
  -9.853550e-02   4.011174e-01  -5.530959e-01;
   3.507400e-01   9.117806e-01   2.181627e+00]
R=[ ...        
   8.601590e-01  -3.492932e-01  -3.716461e-01;
   1.203849e-01   8.471364e-01  -5.175590e-01;
   4.956148e-01   4.004425e-01   7.707216e-01]
U=[ ...        
   6.973043e-01  -1.604104e-01   9.002053e-02;
  -1.604104e-01   9.731694e-01   7.805464e-01;
   9.002053e-02   7.805464e-01   2.367193e+00]
l=[ ...        
  -2.675898e-02  -1.886024e-02   2.868075e-02;
  -4.878341e-03  -1.639916e-02  -2.638798e-02;
  -7.102966e-02  -1.683707e-02   3.051055e-02]
d=[ ...        
  -2.675898e-02  -1.186929e-02  -2.117445e-02;
  -1.186929e-02  -1.639916e-02  -2.161252e-02;
  -2.117445e-02  -2.161252e-02   3.051055e-02]
     iteration=        3999999       process=              2       (i,j,k)=              0              1              0       (x,y,z)=   5.099506e-03   1.489952e-02   4.868096e-03     particles=             74
fabric=[ ...   
   3.216531e-01   6.606569e-03  -2.617180e-02;
   6.606569e-03   3.652245e-01   5.811752e-03;
  -2.617180e-02   5.811752e-03   3.131224e-01]
sigma=[ ...    
  -3.612594e+02   4.318167e+01   9.925785e+01;
   4.543431e+01  -5.239978e+02  -4.862024e+01;
   9.871945e+01  -5.008134e+01  -3.203543e+02]
sigmaDot=[ ... 
  -1.094913e+05  -6.756925e+04   1.666582e+05;
  -3.350390e+05  -2.585162e+05  -5.184482e+04;
  -2.665088e+05   4.981671e+06  -5.743632e+05]
intgraE=[ ...  
   2.307872e-02   1.594973e-02   1.181012e-02;
   1.594973e-02  -4.081465e-02  -3.202331e-03;
   1.181012e-02  -3.202331e-03   8.663597e-04]
E=[ ...        
   1.915804e-02   3.584945e-02   1.997903e-02;
   3.584945e-02   2.301256e-03   7.913677e-03;
   1.997903e-02   7.913677e-03   3.742031e-02]
e=[ ...        
   1.401852e-02   3.481006e-02   1.583688e-02;
   3.481006e-02   8.022607e-04   8.187932e-03;
   1.583688e-02   8.187932e-03   3.440743e-02]
intgraF=[ ...  
   1.022396e+00   2.060944e-02  -3.378217e-03;
   1.139482e-02   9.580894e-01  -3.187308e-03;
   2.708726e-02  -3.278509e-03   1.000855e+00]
F=[ ...        
   1.017092e+00   2.716375e-02  -5.888552e-03;
   4.505615e-02   1.001622e+00   4.169016e-02;
   4.254202e-02  -2.487760e-02   1.035890e+00]
R=[ ...        
   9.996733e-01  -8.057765e-03  -2.425502e-02;
   8.853776e-03   9.994197e-01   3.289197e-02;
   2.397591e-02  -3.309597e-02   9.991646e-01]
U=[ ...        
   1.018179e+00   3.542654e-02   1.931888e-02;
   3.542654e-02   1.001645e+00   7.429633e-03;
   1.931888e-02   7.429633e-03   1.036539e+00]
l=[ ...        
   3.737874e-03  -1.005313e-02   1.828646e-02;
  -7.771859e-03  -1.208468e-02   2.492822e-02;
   2.036082e-02  -3.733504e-02  -2.131917e-04]
d=[ ...        
   3.737874e-03  -8.912494e-03   1.932364e-02;
  -8.912494e-03  -1.208468e-02  -6.203408e-03;
   1.932364e-02  -6.203408e-03  -2.131917e-04]
     iteration=        3999999       process=              3       (i,j,k)=              0              1              1       (x,y,z)=   5.099506e-03   1.489952e-02   1.421042e-02     particles=             48
fabric=[ ...   
   2.381236e-01   3.535357e-02   9.540619e-03;
   3.535357e-02   3.625184e-01   2.699497e-02;
   9.540619e-03   2.699497e-02   3.993579e-01]
sigma=[ ...    
  -1.975264e+02  -4.246774e+01  -3.951464e+01;
  -4.840362e+01  -3.124370e+02  -8.229523e+01;
  -3.980238e+01  -7.436125e+01  -3.893630e+02]
sigmaDot=[ ... 
  -2.761949e+05  -1.998022e+05  -1.664921e+06;
  -1.135318e+06  -1.188559e+04  -2.553789e+05;
  -5.375929e+05   1.368636e+06  -1.685413e+05]
intgraE=[ ...  
  -2.146166e-02   7.309034e-02  -6.765118e-02;
   7.309034e-02  -2.400200e-02  -2.257953e-02;
  -6.765118e-02  -2.257953e-02   1.505596e-01]
E=[ ...        
  -2.705536e-02   3.712282e-02   7.877191e-02;
   3.712282e-02  -8.045382e-02   7.989802e-02;
   7.877191e-02   7.989802e-02   2.639420e-01]
e=[ ...        
  -4.824668e-02   2.880019e-02   2.345315e-02;
   2.880019e-02  -1.030610e-01   8.193827e-02;
   2.345315e-02   8.193827e-02   1.615980e-01]
intgraF=[ ...  
   9.758258e-01   8.099335e-02  -1.262529e-01;
   6.885989e-02   9.721163e-01  -1.186584e-02;
  -9.954592e-03  -2.064092e-02   1.133595e+00]
F=[ ...        
   9.516716e-01   6.056165e-02  -9.374104e-02;
   1.450447e-02   9.138617e-01   1.586290e-01;
   2.000004e-01   1.677880e-02   1.222266e+00]
R=[ ...        
   9.901593e-01   3.737056e-02  -1.348632e-01;
  -2.795851e-02   9.970829e-01   7.102143e-02;
   1.371239e-01  -6.655195e-02   9.883157e-01]
U=[ ...        
   9.693257e-01   3.671624e-02   7.034823e-02;
   3.671624e-02   9.123424e-01   7.331898e-02;
   7.034823e-02   7.331898e-02   1.231893e+00]
l=[ ...        
   1.279458e-02  -2.245963e-02   2.440159e-02;
   2.251081e-02  -1.057521e-02   1.608026e-02;
   2.498606e-02  -3.156283e-02  -3.903936e-02]
d=[ ...        
   1.279458e-02   2.559008e-05   2.469382e-02;
   2.559008e-05  -1.057521e-02  -7.741288e-03;
   2.469382e-02  -7.741288e-03  -3.903936e-02]
     iteration=        3999999       process=              4       (i,j,k)=              1              0              0       (x,y,z)=   1.489988e-02   5.098426e-03   4.868096e-03     particles=             64
fabric=[ ...   
   4.212653e-01  -1.999103e-02  -1.823333e-02;
  -1.999103e-02   3.392367e-01  -3.399797e-02;
  -1.823333e-02  -3.399797e-02   2.394980e-01]
sigma=[ ...    
  -1.034602e+03   7.121432e+01  -3.553403e+01;
   7.411745e+01  -6.799811e+02   1.232282e+02;
  -3.743109e+01   1.113146e+02  -3.922567e+02]
sigmaDot=[ ... 
  -4.685766e+05  -3.294363e+05   8.223357e+05;
  -4.123790e+04  -3.912294e+05  -1.823373e+05;
  -6.528446e+05   5.486444e+06  -8.604456e+05]
intgraE=[ ...  
  -1.029154e-02   3.257480e-02  -1.566596e-02;
   3.257480e-02   2.712913e-02   6.695207e-03;
  -1.566596e-02   6.695207e-03   5.740398e-02]
E=[ ...        
   1.200332e-01   6.810466e-03   8.672296e-02;
   6.810466e-03   5.246475e-02   1.932277e-02;
   8.672296e-02   1.932277e-02  -7.845052e-03]
e=[ ...        
   7.681523e-02   3.522068e-03   7.859662e-02;
   3.522068e-03   4.760373e-02   1.804030e-02;
   7.859662e-02   1.804030e-02  -1.245139e-02]
intgraF=[ ...  
   9.879392e-01   1.474858e-02   8.510845e-04;
   5.005200e-02   1.026322e+00  -1.425690e-02;
  -2.979798e-02   2.653098e-02   1.055748e+00]
F=[ ...        
   1.102607e+00  -1.781288e-02   1.894827e-02;
   3.169452e-02   1.051005e+00   3.739736e-02;
   1.527062e-01  -3.245983e-04   9.912378e-01]
R=[ ...        
   9.977402e-01  -2.111600e-02  -6.378565e-02;
   2.224495e-02   9.996073e-01   1.704104e-02;
   6.340076e-02  -1.842144e-02   9.978181e-01]
U=[ ...        
   1.110502e+00   5.586355e-03   8.258258e-02;
   5.586355e-03   1.050975e+00   1.872254e-02;
   8.258258e-02   1.872254e-02   9.885037e-01]
l=[ ...        
  -1.419101e-02  -3.934462e-02  -5.589691e-02;
   8.494417e-03  -1.930357e-02  -2.565685e-02;
  -2.219067e-02  -6.713888e-03  -2.681280e-02]
d=[ ...        
  -1.419101e-02  -1.542510e-02  -3.904379e-02;
  -1.542510e-02  -1.930357e-02  -1.618537e-02;
  -3.904379e-02  -1.618537e-02  -2.681280e-02]
     iteration=        3999999       process=              5       (i,j,k)=              1              0              1       (x,y,z)=   1.489988e-02   5.098426e-03   1.421042e-02     particles=             42
fabric=[ ...   
   2.422676e-01  -1.810940e-04   1.120091e-02;
  -1.810940e-04   3.662557e-01  -1.204621e-03;
   1.120091e-02  -1.204621e-03   3.289767e-01]
sigma=[ ...    
  -3.652917e+01  -5.428444e+00  -8.116387e+00;
  -6.637436e+00  -6.143915e+01   2.361773e+00;
  -1.313911e+01  -4.169391e-01  -4.985998e+01]
sigmaDot=[ ... 
  -1.016474e+05   4.524698e+04  -1.202907e+05;
   4.946062e+04  -4.675643e+04   3.878191e+04;
  -4.966047e+03  -5.929842e+05  -6.828483e+04]
intgraE=[ ...  
   4.927865e-02   2.984450e-02  -1.073117e-01;
   2.984450e-02   2.170535e-02  -5.600832e-02;
  -1.073117e-01  -5.600832e-02  -2.435906e-03]
E=[ ...        
   2.030685e-01  -5.781458e-02  -1.204143e-01;
  -5.781458e-02  -1.328020e-01   3.816250e-02;
  -1.204143e-01   3.816250e-02  -6.942291e-02]
e=[ ...        
   1.020162e-01  -4.955118e-02  -1.193496e-01;
  -4.955118e-02  -1.994062e-01   4.567219e-02;
  -1.193496e-01   4.567219e-02  -8.613186e-02]
intgraF=[ ...  
   1.045733e+00   7.116480e-02  -1.416007e-01;
  -3.004652e-02   9.914566e-01   1.294970e-01;
  -6.400443e-02  -2.352873e-01   9.789321e-01]
F=[ ...        
   1.163448e+00   1.434853e-04  -4.989562e-02;
  -1.016504e-01   8.444696e-01  -6.918521e-02;
  -2.054101e-01   1.458322e-01   9.240552e-01]
R=[ ...        
   9.959494e-01   6.082278e-02   6.622290e-02;
  -5.225526e-02   9.908809e-01  -1.241948e-01;
  -7.317288e-02   1.202313e-01   9.900455e-01]
U=[ ...        
   1.179077e+00  -5.465604e-02  -1.136940e-01;
  -5.465604e-02   8.543112e-01   3.951123e-02;
  -1.136940e-01   3.951123e-02   9.201449e-01]
l=[ ...        
  -6.525187e-02  -3.119142e-01   2.341133e-01;
  -3.494289e-02  -4.794027e-02  -6.400470e-02;
   4.839114e-02   4.563635e-02  -7.237685e-02]
d=[ ...        
  -6.525187e-02  -1.734285e-01   1.412522e-01;
  -1.734285e-01  -4.794027e-02  -9.184173e-03;
   1.412522e-01  -9.184173e-03  -7.237685e-02]
     iteration=        3999999       process=              6       (i,j,k)=              1              1              0       (x,y,z)=   1.489988e-02   1.489952e-02   4.868096e-03     particles=             60
fabric=[ ...   
   3.429272e-01   1.635775e-02   1.635890e-02;
   1.635775e-02   3.693526e-01   3.931038e-02;
   1.635890e-02   3.931038e-02   2.668868e-01]
sigma=[ ...    
  -1.202237e+02   8.534030e+01   2.319162e+00;
   8.655560e+01  -1.190539e+02  -1.721908e+01;
   2.610627e+00  -1.765909e+01  -4.867188e+01]
sigmaDot=[ ... 
  -8.181608e+04  -4.951643e+04  -4.873808e+04;
  -1.324322e+04  -9.634897e+04  -3.956579e+04;
  -3.252808e+04  -3.485695e+04  -6.039512e+04]
intgraE=[ ...  
  -6.931260e-02   6.505295e-02  -4.141375e-02;
   6.505295e-02  -9.735104e-02  -3.996723e-03;
  -4.141375e-02  -3.996723e-03  -1.915567e-02]
E=[ ...        
   1.224666e-01   2.871848e-02  -1.433161e-01;
   2.871848e-02  -1.445264e-01  -2.071046e-02;
  -1.433161e-01  -2.071046e-02   3.469506e-02]
e=[ ...        
   7.084968e-02   1.324593e-02  -1.171172e-01;
   1.324593e-02  -2.071823e-01   1.312186e-02;
  -1.171172e-01   1.312186e-02   1.602814e-03]
intgraF=[ ...  
   9.230933e-01   6.584073e-02  -2.840553e-02;
   7.120577e-02   8.902689e-01   9.348209e-02;
  -6.483339e-02  -9.156529e-02   9.757781e-01]
F=[ ...        
   1.107297e+00   1.533774e-02  -1.379856e-01;
   2.297208e-02   8.280151e-01   1.466203e-01;
  -1.352717e-01  -1.584389e-01   1.014324e+00]
R=[ ...        
   9.998761e-01  -1.520722e-02  -4.060253e-03;
   1.566796e-02   9.862583e-01   1.644661e-01;
   1.503385e-03  -1.645094e-01   9.863744e-01]
U=[ ...        
   1.107317e+00   2.807095e-02  -1.341463e-01;
   2.807095e-02   8.424682e-01  -2.016191e-02;
  -1.341463e-01  -2.016191e-02   1.025177e+00]
l=[ ...        
  -3.858512e-02   1.306188e-02   6.311872e-03;
  -2.625935e-02  -4.667250e-02   1.682734e-02;
  -6.836220e-02  -1.907477e-02   4.323115e-02]
d=[ ...        
  -3.858512e-02  -6.598733e-03  -3.102516e-02;
  -6.598733e-03  -4.667250e-02  -1.123717e-03;
  -3.102516e-02  -1.123717e-03   4.323115e-02]
     iteration=        3999999       process=              7       (i,j,k)=              1              1              1       (x,y,z)=   1.489988e-02   1.489952e-02   1.421042e-02     particles=             52
fabric=[ ...   
   2.778613e-01   9.801325e-03  -2.415505e-02;
   9.801325e-03   3.115210e-01  -2.577188e-02;
  -2.415505e-02  -2.577188e-02   4.106177e-01]
sigma=[ ...    
  -1.064642e+00  -3.911694e-01   6.299632e-01;
  -4.689251e-01  -2.006571e+00   4.231939e-01;
   3.725469e-01   6.544440e-01  -1.189701e+00]
sigmaDot=[ ... 
   5.167432e+04  -4.525149e+04  -3.674034e+05;
  -2.523715e+05   1.364490e+02   3.642391e+04;
   3.238572e+04   5.068238e+05   6.716983e+04]
intgraE=[ ...  
   4.100193e-02  -6.162257e-02  -3.167954e-03;
  -6.162257e-02   1.380792e-01  -9.917775e-02;
  -3.167954e-03  -9.917775e-02  -7.189237e-02]
E=[ ...        
   3.588851e-01   2.003681e-01  -3.819631e-02;
   2.003681e-01  -3.244249e-01  -3.469739e-01;
  -3.819631e-02  -3.469739e-01   2.433259e+00]
e=[ ...        
  -1.974557e+00   5.626658e-01   9.059230e-01;
   5.626658e-01   1.157147e-01  -3.091539e-01;
   9.059230e-01  -3.091539e-01   1.794505e-02]
intgraF=[ ...  
   1.020573e+00   9.953533e-02  -5.987468e-02;
  -1.975750e-01   1.122206e+00  -1.034977e-01;
   3.740569e-02  -8.310090e-02   9.175612e-01]
F=[ ...        
   3.849283e-01   4.133097e-01   5.745783e-01;
   1.156644e+00   3.234435e-01  -1.118831e+00;
   4.814301e-01  -2.751537e-01   2.069926e+00]
R=[ ...        
   1.380580e-01   9.334489e-01   3.310788e-01;
   8.879944e-01   3.138712e-02  -4.587819e-01;
   4.386410e-01  -3.573346e-01   8.245641e-01]
U=[ ...        
   1.291411e+00   2.235830e-01  -6.235707e-03;
   2.235830e-01   4.942774e-01  -2.384338e-01;
  -6.235707e-03  -2.384338e-01   2.410317e+00]
l=[ ...        
   1.679596e-02  -1.664166e-02   6.013108e-02;
   1.469291e-02  -2.483096e-02   6.289753e-02;
  -5.939820e-02   2.559979e-02  -7.294038e-03]
d=[ ...        
   1.679596e-02  -9.743760e-04   3.664362e-04;
  -9.743760e-04  -2.483096e-02   4.424866e-02;
   3.664362e-04   4.424866e-02  -7.294038e-03]
