     iteration=        1699999       process=              0       (i,j,k)=              0              0              0       (x,y,z)=   5.042436e-03   5.042438e-03   4.812829e-03     particles=             72
fabric=[ ...   
   3.176834e-01  -2.503447e-03  -3.136067e-02;
  -2.503447e-03   2.925558e-01   1.272308e-03;
  -3.136067e-02   1.272308e-03   3.630942e-01]
sigma=[ ...    
  -8.084031e+00   2.503402e+00   3.966479e+00;
   2.139919e+00  -1.122311e+01   7.293930e-01;
   3.459986e+00   2.101391e+00  -1.418726e+01]
sigmaDot=[ ... 
  -4.336389e+03  -5.641427e+03   3.227855e+05;
   2.507898e+05   1.879743e+05  -6.007320e+05;
   1.884878e+05   1.399367e+06  -1.919243e+04]
intgraE=[ ...  
   1.455543e-02  -1.311909e-02   6.893207e-03;
  -1.311909e-02   8.525114e-03  -1.422650e-02;
   6.893207e-03  -1.422650e-02   7.810127e-03]
E=[ ...        
   4.429817e-03   6.589763e-03  -6.908264e-02;
   6.589763e-03  -1.600191e-03  -1.842035e-02;
  -6.908264e-02  -1.842035e-02  -8.739769e-02]
e=[ ...        
  -2.652581e-05   4.320198e-03  -7.900287e-02;
   4.320198e-03  -2.477440e-03  -2.327498e-02;
  -7.900287e-02  -2.327498e-02  -1.282998e-01]
intgraF=[ ...  
   1.014408e+00  -2.981079e-02   2.213007e-02;
   3.757343e-03   1.007735e+00  -2.470007e-03;
  -8.588516e-03  -2.511496e-02   1.007534e+00]
F=[ ...        
   1.003827e+00  -8.349224e-03  -1.126722e-01;
   2.099140e-02   9.981162e-01  -1.778536e-02;
  -2.739471e-02  -2.222500e-02   9.012177e-01]
R=[ ...        
   9.988767e-01  -1.512632e-02  -4.490631e-02;
   1.526302e-02   9.998799e-01   2.702893e-03;
   4.486003e-02  -3.385263e-03   9.989875e-01]
U=[ ...        
   1.001791e+00   5.897410e-03  -7.238840e-02;
   5.897410e-03   9.981978e-01  -1.912977e-02;
  -7.238840e-02  -1.912977e-02   9.053168e-01]
l=[ ...        
   2.819257e-02  -2.650031e-03   2.269130e-02;
  -1.916589e-02  -6.452109e-03   3.076216e-03;
   3.489047e-02  -1.694856e-02   1.893446e-02]
d=[ ...        
   2.819257e-02  -1.090796e-02   2.879089e-02;
  -1.090796e-02  -6.452109e-03  -6.936171e-03;
   2.879089e-02  -6.936171e-03   1.893446e-02]
     iteration=        1699999       process=              1       (i,j,k)=              0              0              1       (x,y,z)=   5.042436e-03   5.042438e-03   1.426867e-02     particles=             57
fabric=[ ...   
   3.115954e-01  -4.093316e-02   1.582523e-02;
  -4.093316e-02   3.256385e-01   4.089538e-03;
   1.582523e-02   4.089538e-03   3.400388e-01]
sigma=[ ...    
  -3.675389e+00  -1.459348e-02  -7.500188e-01;
   9.103209e-01  -2.897161e+00  -6.123193e-01;
  -7.223245e-01  -1.027785e+00  -4.600370e+00]
sigmaDot=[ ... 
  -3.105821e+02   3.964905e+04  -2.732627e+04;
   1.139294e+05  -2.083740e+04  -1.185309e+04;
  -1.585917e+04  -8.995701e+04  -1.436984e+04]
intgraE=[ ...  
  -1.344110e-01  -9.352385e-03  -2.070291e-01;
  -9.352385e-03   6.546314e-02  -2.511387e-02;
  -2.070291e-01  -2.511387e-02   6.732855e-01]
E=[ ...        
  -1.436142e-01   1.034120e-02   4.370955e-02;
   1.034120e-02  -7.267851e-03  -2.535651e-02;
   4.370955e-02  -2.535651e-02   2.467392e-01]
e=[ ...        
  -2.060047e-01   8.852104e-03   5.045643e-02;
   8.852104e-03  -5.765064e-03  -2.565125e-02;
   5.045643e-02  -2.565125e-02   1.581046e-01]
intgraF=[ ...  
   8.547268e-01   2.779342e-04  -5.147742e-01;
  -1.828157e-02   1.063052e+00  -8.652890e-02;
   1.690848e-02   2.909383e-02   1.440171e+00]
F=[ ...        
   8.431859e-01  -1.504436e-02   6.799374e-02;
   3.290714e-02   9.922360e-01  -8.267250e-02;
   2.694982e-02   2.656562e-02   1.217383e+00]
R=[ ...        
   9.994386e-01  -2.657208e-02   2.040823e-02;
   2.755973e-02   9.983817e-01  -4.974383e-02;
  -1.905341e-02   5.027835e-02   9.985535e-01]
U=[ ...        
   8.431059e-01   1.180368e-02   4.248184e-02;
   1.180368e-02   9.923657e-01  -2.313745e-02;
   4.248184e-02  -2.313745e-02   1.221122e+00]
l=[ ...        
  -7.169716e-03  -4.736399e-02   9.802002e-02;
  -1.213108e-02   1.317622e-03   3.859299e-02;
   2.318751e-03  -6.358172e-02   1.028468e-01]
d=[ ...        
  -7.169716e-03  -2.974753e-02   5.016939e-02;
  -2.974753e-02   1.317622e-03  -1.249437e-02;
   5.016939e-02  -1.249437e-02   1.028468e-01]
     iteration=        1699999       process=              2       (i,j,k)=              0              1              0       (x,y,z)=   5.042436e-03   1.495753e-02   4.812829e-03     particles=             74
fabric=[ ...   
   3.248837e-01   4.669572e-02   1.158377e-02;
   4.669572e-02   3.290029e-01   9.424807e-03;
   1.158377e-02   9.424807e-03   3.162626e-01]
sigma=[ ...    
  -4.486123e+00  -1.009846e+00   5.096653e-01;
  -5.144835e-01  -3.599787e+00  -1.555866e+00;
  -1.161016e-01  -1.184640e+00  -6.275613e+00]
sigmaDot=[ ... 
  -5.617960e+04  -8.538179e+03  -5.461995e+04;
   5.136064e+05   1.092897e+05   1.806074e+04;
  -2.389186e+05  -6.001385e+05   4.647905e+04]
intgraE=[ ...  
   1.030925e-02   1.565606e-02   1.086152e-03;
   1.565606e-02  -2.259910e-02   1.425952e-03;
   1.086152e-03   1.425952e-03  -1.010846e-02]
E=[ ...        
   6.083634e-03   1.492645e-02   1.465677e-03;
   1.492645e-02  -1.735557e-03   6.151360e-03;
   1.465677e-03   6.151360e-03  -1.090520e-02]
e=[ ...        
   5.514113e-03   1.474750e-02   1.453915e-03;
   1.474750e-02  -2.247588e-03   6.414186e-03;
   1.453915e-03   6.414186e-03  -1.118955e-02]
intgraF=[ ...  
   1.010092e+00   2.294046e-02  -1.376858e-02;
   8.153472e-03   9.768108e-01  -7.674522e-03;
   1.631017e-02   1.077515e-02   9.897144e-01]
F=[ ...        
   1.005887e+00   1.373253e-02  -7.115465e-03;
   1.599125e-02   9.981387e-01   4.785737e-03;
   1.012356e-02   7.708415e-03   9.889975e-01]
R=[ ...        
   9.999622e-01  -1.107279e-03  -8.626575e-03;
   1.095140e-03   9.999984e-01  -1.411803e-03;
   8.628125e-03   1.402302e-03   9.999618e-01]
U=[ ...        
   1.005954e+00   1.489162e-02   1.423239e-03;
   1.489162e-02   9.981327e-01   6.180481e-03;
   1.423239e-03   6.180481e-03   9.890143e-01]
l=[ ...        
  -5.381668e-03   9.557766e-03  -6.214733e-03;
  -6.669337e-03  -1.241364e-02   1.184201e-02;
   9.296919e-03  -1.512379e-02   4.040386e-03]
d=[ ...        
  -5.381668e-03   1.444215e-03   1.541093e-03;
   1.444215e-03  -1.241364e-02  -1.640888e-03;
   1.541093e-03  -1.640888e-03   4.040386e-03]
     iteration=        1699999       process=              3       (i,j,k)=              0              1              1       (x,y,z)=   5.042436e-03   1.495753e-02   1.426867e-02     particles=             46
fabric=[ ...   
   3.918386e-01   1.153679e-01  -4.121364e-02;
   1.153679e-01   3.292336e-01   2.296188e-02;
  -4.121364e-02   2.296188e-02   2.789278e-01]
sigma=[ ...    
  -3.370534e+00  -1.977630e+00  -8.296338e-02;
  -2.213576e+00  -4.076093e+00  -8.876443e-01;
  -2.172766e-01  -3.630387e-01  -2.056811e-01]
sigmaDot=[ ... 
  -2.107330e+04  -6.663564e+04   5.480900e+03;
  -1.476834e+04  -2.826822e+04   5.851903e+02;
  -1.633201e+03  -3.117697e+04  -2.897019e+03]
intgraE=[ ...  
  -4.223714e-02   6.403366e-02  -7.765121e-02;
   6.403366e-02   9.372403e-03  -2.400269e-02;
  -7.765121e-02  -2.400269e-02   1.836363e-01]
E=[ ...        
  -5.721208e-03   5.646077e-02   4.897256e-02;
   5.646077e-02  -1.491253e-03  -6.698585e-02;
   4.897256e-02  -6.698585e-02   1.086460e-01]
e=[ ...        
  -2.362082e-02   7.631241e-02   2.404035e-02;
   7.631241e-02  -2.756085e-02  -4.890629e-02;
   2.404035e-02  -4.890629e-02   9.433756e-02]
intgraF=[ ...  
   9.548685e-01   7.415769e-02  -1.327517e-01;
   5.722901e-02   1.006478e+00  -5.604236e-02;
  -2.183296e-02   1.572278e-02   1.160392e+00]
F=[ ...        
   9.671774e-01   1.275716e-01  -1.584747e-01;
   5.200202e-03   9.880078e-01  -4.036749e-02;
   2.304307e-01  -6.770224e-02   1.091122e+00]
R=[ ...        
   9.811941e-01   5.851253e-02  -1.839411e-01;
  -5.484204e-02   9.981824e-01   2.498348e-02;
   1.850687e-01  -1.442594e-02   9.826197e-01]
U=[ ...        
   9.913492e-01   5.845857e-02   4.865199e-02;
   5.845857e-02   9.946532e-01  -6.530734e-02;
   4.865199e-02  -6.530734e-02   1.100300e+00]
l=[ ...        
   6.779009e-03   2.658091e-02   5.634907e-02;
   7.023395e-02  -2.096966e-02   1.336659e-02;
  -4.446688e-02  -4.769960e-02  -1.025268e-02]
d=[ ...        
   6.779009e-03   4.840743e-02   5.941097e-03;
   4.840743e-02  -2.096966e-02  -1.716651e-02;
   5.941097e-03  -1.716651e-02  -1.025268e-02]
     iteration=        1699999       process=              4       (i,j,k)=              1              0              0       (x,y,z)=   1.495752e-02   5.042438e-03   4.812829e-03     particles=             66
fabric=[ ...   
   3.932573e-01  -3.139736e-02   5.689341e-03;
  -3.139736e-02   3.746994e-01   1.901174e-02;
   5.689341e-03   1.901174e-02   2.320433e-01]
sigma=[ ...    
  -1.218528e+01  -5.659011e+00  -5.012744e+00;
  -5.401710e+00  -7.238808e+00  -6.266563e-01;
  -4.093184e+00  -1.031350e+00  -7.883053e+00]
sigmaDot=[ ... 
   1.109158e+03  -5.028203e+04  -2.658900e+04;
  -7.872497e+04  -3.196948e+04   2.355134e+04;
  -6.785981e+04   5.887954e+04  -2.492521e+04]
intgraE=[ ...  
  -3.777134e-03   2.761388e-02  -6.882155e-03;
   2.761388e-02   3.282418e-02   9.808194e-03;
  -6.882155e-03   9.808194e-03   6.052402e-02]
E=[ ...        
   3.254850e-03   3.515041e-02   1.098878e-02;
   3.515041e-02   6.293337e-02   5.750891e-02;
   1.098878e-02   5.750891e-02  -1.648287e-02]
e=[ ...        
  -9.804436e-04   2.701117e-02   7.306568e-03;
   2.701117e-02   5.091283e-02   5.369318e-02;
   7.306568e-03   5.369318e-02  -2.392622e-02]
intgraF=[ ...  
   9.951552e-01   8.958678e-03  -4.108716e-03;
   4.509574e-02   1.031952e+00  -6.967157e-03;
  -8.841728e-03   2.535310e-02   1.058765e+00]
F=[ ...        
   1.000240e+00   8.222572e-03  -3.423630e-02;
   5.620797e-02   1.060014e+00   6.568636e-02;
   5.357004e-02   4.657511e-02   9.805853e-01]
R=[ ...        
   9.987971e-01  -2.180469e-02  -4.391936e-02;
   2.224047e-02   9.997079e-01   9.458040e-03;
   4.370031e-02  -1.042345e-02   9.989903e-01]
U=[ ...        
   1.002628e+00   3.382323e-02   1.011765e-02;
   3.382323e-02   1.059040e+00   5.619260e-02;
   1.011765e-02   5.619260e-02   9.817201e-01]
l=[ ...        
  -2.126307e-02   5.255438e-02  -3.641418e-02;
   7.431950e-03  -2.446156e-03   2.109321e-02;
  -1.431855e-02   7.751486e-03   2.783902e-02]
d=[ ...        
  -2.126307e-02   2.999317e-02  -2.536636e-02;
   2.999317e-02  -2.446156e-03   1.442235e-02;
  -2.536636e-02   1.442235e-02   2.783902e-02]
     iteration=        1699999       process=              5       (i,j,k)=              1              0              1       (x,y,z)=   1.495752e-02   5.042438e-03   1.426867e-02     particles=             42
fabric=[ ...   
   2.690324e-01   6.922199e-02  -1.570545e-02;
   6.922199e-02   2.881397e-01  -4.591352e-02;
  -1.570545e-02  -4.591352e-02   2.761613e-01]
sigma=[ ...    
  -2.186196e+00  -1.114243e+00   9.831764e-03;
  -1.509148e+00  -1.709620e+00   3.053619e-02;
  -5.964866e-04   2.510915e-02  -1.819090e-02]
sigmaDot=[ ... 
  -2.054485e+04  -3.865099e+04   6.293409e+02;
  -2.682603e+04  -9.386773e+03   1.222432e+02;
   8.409758e+02   6.393272e+02   1.619764e+02]
intgraE=[ ...  
   8.125018e-02   7.339530e-02  -1.097634e-01;
   7.339530e-02   8.413655e-03  -5.928933e-02;
  -1.097634e-01  -5.928933e-02   1.684583e-02]
E=[ ...        
   1.868519e-01  -5.932213e-02  -4.054381e-02;
  -5.932213e-02  -4.971291e-02   2.804170e-02;
  -4.054381e-02   2.804170e-02  -2.179705e-01]
e=[ ...        
   1.068602e-01   6.563546e-03  -1.366687e-01;
   6.563546e-03  -9.102559e-02   8.424646e-02;
  -1.366687e-01   8.424646e-02  -3.493348e-01]
intgraF=[ ...  
   1.076065e+00   1.301488e-01  -1.406435e-01;
  -8.596044e-03   9.742871e-01   1.278020e-01;
  -6.716824e-02  -2.250627e-01   9.987881e-01]
F=[ ...        
   1.145911e+00  -1.695869e-01   7.486282e-02;
   1.263206e-01   9.144790e-01  -7.800892e-02;
  -2.112707e-01   1.885277e-01   7.432154e-01]
R=[ ...        
   9.790080e-01  -1.271339e-01   1.593120e-01;
   1.495021e-01   9.791793e-01  -1.373212e-01;
  -1.385368e-01   1.582560e-01   9.776311e-01]
U=[ ...        
   1.170010e+00  -5.542840e-02  -4.133391e-02;
  -5.542840e-02   9.468347e-01   3.171598e-02;
  -4.133391e-02   3.171598e-02   7.492293e-01]
l=[ ...        
  -1.387789e-02  -4.947142e-02  -8.051214e-02;
  -4.587922e-02   8.111874e-02   1.438765e-01;
   1.965295e-02  -7.903470e-02  -3.496694e-02]
d=[ ...        
  -1.387789e-02  -4.767532e-02  -3.042960e-02;
  -4.767532e-02   8.111874e-02   3.242089e-02;
  -3.042960e-02   3.242089e-02  -3.496694e-02]
     iteration=        1699999       process=              6       (i,j,k)=              1              1              0       (x,y,z)=   1.495752e-02   1.495753e-02   4.812829e-03     particles=             60
fabric=[ ...   
   2.322065e-01   2.537265e-02   1.989064e-02;
   2.537265e-02   3.209437e-01   1.317478e-01;
   1.989064e-02   1.317478e-01   3.468497e-01]
sigma=[ ...    
  -6.283941e-01   2.950194e-02  -6.106180e-02;
   5.698746e-02  -9.438920e-01  -4.609121e-01;
  -1.169714e-01  -6.129680e-01  -1.465843e+00]
sigmaDot=[ ... 
   6.511739e+03   3.706543e+03   1.717642e+05;
  -3.664177e+04  -3.793038e+03  -2.819141e+04;
  -1.321667e+04  -1.026295e+04  -5.626904e+03]
intgraE=[ ...  
  -4.420651e-02   6.995946e-02  -3.319447e-02;
   6.995946e-02  -7.585225e-02  -1.049589e-02;
  -3.319447e-02  -1.049589e-02  -5.353474e-03]
E=[ ...        
   1.034927e+00   1.079069e-01  -7.158745e-02;
   1.079069e-01  -2.123224e-01  -1.186293e-01;
  -7.158745e-02  -1.186293e-01  -1.261459e-01]
e=[ ...        
   2.892341e-01  -1.702893e-01  -1.409870e-01;
  -1.702893e-01  -5.222106e-01  -2.749243e-01;
  -1.409870e-01  -2.749243e-01  -2.244208e-01]
intgraF=[ ...  
   9.516503e-01   7.474322e-02  -4.921668e-02;
   7.265727e-02   9.131167e-01   8.346602e-02;
  -2.587763e-02  -9.448155e-02   9.899011e-01]
F=[ ...        
   1.707753e+00   2.263376e-01   1.634226e-02;
  -3.124303e-01   6.963022e-01  -1.016490e-01;
  -2.362607e-01  -1.982166e-01   8.585503e-01]
R=[ ...        
   9.690149e-01   2.189755e-01   1.142797e-01;
  -2.242115e-01   9.739112e-01   3.501578e-02;
  -1.036307e-01  -5.955364e-02   9.928313e-01]
U=[ ...        
   1.749373e+00   8.374691e-02  -5.034541e-02;
   8.374691e-02   7.395034e-01  -1.465483e-01;
  -5.034541e-02  -1.465483e-01   8.507039e-01]
l=[ ...        
  -4.337498e-02   3.885003e-02   1.449575e-02;
   1.579244e-02  -1.384127e-03   7.440010e-03;
  -1.842992e-02  -2.835524e-02   1.534705e-02]
d=[ ...        
  -4.337498e-02   2.732123e-02  -1.967084e-03;
   2.732123e-02  -1.384127e-03  -1.045762e-02;
  -1.967084e-03  -1.045762e-02   1.534705e-02]
     iteration=        1699999       process=              7       (i,j,k)=              1              1              1       (x,y,z)=   1.495752e-02   1.495753e-02   1.426867e-02     particles=             48
fabric=[ ...   
   2.816994e-01  -9.926768e-03   2.099239e-02;
  -9.926768e-03   4.093124e-01  -5.549747e-02;
   2.099239e-02  -5.549747e-02   1.756549e-01]
sigma=[ ...    
  -4.850031e-01  -1.672668e-01   8.397620e-02;
  -8.611192e-03  -6.155242e-01   9.350633e-02;
  -1.454946e-02   3.570893e-03   6.112549e-03]
sigmaDot=[ ... 
   9.856406e+03   2.034022e+04  -1.416107e+03;
   2.121960e+04   1.939288e+03  -1.210251e+03;
  -2.333997e+02   6.690302e+02  -1.707896e+02]
intgraE=[ ...  
   2.764726e-02  -2.404753e-02  -2.151665e-02;
  -2.404753e-02   1.908309e-01  -1.299045e-01;
  -2.151665e-02  -1.299045e-01  -5.210390e-02]
E=[ ...        
  -1.968686e-02   6.273511e-02   2.072527e-01;
   6.273511e-02   7.216112e-02  -7.582604e-02;
   2.072527e-01  -7.582604e-02   1.111341e-01]
e=[ ...        
  -2.141537e-01   1.129200e-01   1.841087e-01;
   1.129200e-01   4.195758e-02  -6.854689e-02;
   1.841087e-01  -6.854689e-02   8.416358e-02]
intgraF=[ ...  
   1.016292e+00   1.197821e-01  -1.056957e-01;
  -1.425314e-01   1.166834e+00  -1.511581e-01;
   4.614763e-02  -7.623691e-02   9.283167e-01]
F=[ ...        
   8.965684e-01   7.716284e-02  -9.273870e-03;
   7.444066e-02   1.065301e+00  -8.043893e-02;
   3.889086e-01  -5.917396e-02   1.102593e+00]
R=[ ...        
   9.807046e-01  -6.177398e-03  -1.953980e-01;
   5.513805e-03   9.999770e-01  -3.939865e-03;
   1.954179e-01   2.786457e-03   9.807161e-01]
U=[ ...        
   9.556789e-01   6.998416e-02   2.059280e-01;
   6.998416e-02   1.064635e+00  -7.730746e-02;
   2.059280e-01  -7.730746e-02   1.083460e+00]
l=[ ...        
   3.416065e-02   1.344064e-02   6.285158e-02;
  -1.878017e-01   1.640175e-02  -1.616153e-01;
  -5.218057e-02  -9.039393e-02  -9.992188e-02]
d=[ ...        
   3.416065e-02  -8.718051e-02   5.335507e-03;
  -8.718051e-02   1.640175e-02  -1.260046e-01;
   5.335507e-03  -1.260046e-01  -9.992188e-02]
