     iteration=        2499999       process=              0       (i,j,k)=              0              0              0       (x,y,z)=   5.062436e-03   5.062438e-03   4.832829e-03     particles=             71
fabric=[ ...   
   3.398824e-01  -1.063165e-02  -3.146336e-02;
  -1.063165e-02   3.382818e-01  -1.154540e-02;
  -3.146336e-02  -1.154540e-02   2.892271e-01]
sigma=[ ...    
  -6.825381e+00  -2.949524e-01   1.406986e+00;
   1.272894e-01  -7.403228e+00   1.179338e+00;
   1.328752e+00   1.078990e+00  -6.073153e+00]
sigmaDot=[ ... 
   2.765437e+03   2.701895e+04   3.006301e+04;
   9.676717e+03  -9.702957e+03   6.175086e+04;
   3.215205e+04   4.338170e+04   2.582442e+02]
intgraE=[ ...  
   1.537950e-02  -1.273076e-02   1.247005e-02;
  -1.273076e-02   1.675656e-03  -1.429612e-02;
   1.247005e-02  -1.429612e-02   1.564335e-02]
E=[ ...        
   3.010331e-02   5.808672e-03  -4.277678e-03;
   5.808672e-03  -5.689499e-03  -1.425329e-02;
  -4.277678e-03  -1.425329e-02   8.783426e-03]
e=[ ...        
   2.812960e-02   5.869401e-03  -3.711132e-03;
   5.869401e-03  -6.465847e-03  -1.398485e-02;
  -3.711132e-03  -1.398485e-02   8.617033e-03]
intgraF=[ ...  
   1.015261e+00  -2.712924e-02   2.484743e-02;
   2.071743e-03   1.000898e+00   1.126045e-03;
  -2.845237e-04  -2.860982e-02   1.015218e+00]
F=[ ...        
   1.029440e+00  -8.871722e-03  -2.932466e-03;
   2.072103e-02   9.938451e-01   2.514924e-04;
  -5.493749e-03  -2.853313e-02   1.008741e+00]
R=[ ...        
   9.998921e-01  -1.465322e-02   1.007498e-03;
   1.463719e-02   9.997891e-01   1.440635e-02;
  -1.218385e-03  -1.439005e-02   9.998957e-01]
U=[ ...        
   1.029639e+00   5.711104e-03  -4.157503e-03;
   5.711104e-03   9.941761e-01  -1.422142e-02;
  -4.157503e-03  -1.422142e-02   1.008636e+00]
l=[ ...        
  -8.148346e-03   4.131653e-03   7.113314e-03;
  -7.581574e-03  -9.015849e-03   6.522860e-03;
   1.547479e-02   5.142342e-03   1.258835e-02]
d=[ ...        
  -8.148346e-03  -1.724961e-03   1.129405e-02;
  -1.724961e-03  -9.015849e-03   5.832601e-03;
   1.129405e-02   5.832601e-03   1.258835e-02]
     iteration=        2499999       process=              1       (i,j,k)=              0              0              1       (x,y,z)=   5.062436e-03   5.062438e-03   1.424867e-02     particles=             57
fabric=[ ...   
   3.219048e-01  -6.941354e-02   6.813789e-03;
  -6.941354e-02   3.345703e-01   4.428640e-02;
   6.813789e-03   4.428640e-02   2.980704e-01]
sigma=[ ...    
  -2.705642e+00   1.514903e-01  -1.796696e+00;
  -5.505061e-02  -7.311972e-01   8.283837e-02;
  -4.556123e-01   3.066778e-02  -1.262665e+00]
sigmaDot=[ ... 
   4.416607e+04   2.789221e+05  -2.190024e+06;
  -9.291557e+05   8.650842e+04   2.557763e+04;
  -3.071707e+04  -1.796166e+05   3.282832e+04]
intgraE=[ ...  
  -1.099253e-01   4.229530e-03  -2.364164e-01;
   4.229530e-03   6.490835e-02  -2.368058e-02;
  -2.364164e-01  -2.368058e-02   6.352535e-01]
E=[ ...        
  -9.622995e-02   3.138773e-02  -8.938135e-02;
   3.138773e-02  -9.106365e-02  -1.264667e-01;
  -8.938135e-02  -1.264667e-01   1.138992e-01]
e=[ ...        
  -1.183322e-01   4.542803e-02  -1.044137e-01;
   4.542803e-02  -1.306439e-01  -1.420804e-01;
  -1.044137e-01  -1.420804e-01   7.545599e-03]
intgraF=[ ...  
   8.820803e-01   3.128722e-02  -6.022589e-01;
  -1.934599e-02   1.061924e+00  -7.100073e-02;
   4.134710e-02   3.398519e-02   1.379402e+00]
F=[ ...        
   8.979951e-01   4.073988e-02  -2.108106e-01;
   2.983794e-02   9.022827e-01  -2.166797e-01;
   1.595596e-02  -4.581388e-02   1.066024e+00]
R=[ ...        
   9.936211e-01  -2.408565e-03  -1.127440e-01;
  -7.106003e-03   9.964478e-01  -8.391296e-02;
   1.125456e-01   8.417885e-02   9.900744e-01]
U=[ ...        
   8.938507e-01   2.891223e-02  -8.794978e-02;
   2.891223e-02   8.951229e-01  -1.256655e-01;
  -8.794978e-02  -1.256655e-01   1.097393e+00]
l=[ ...        
   1.540700e-01   4.922995e-02  -1.090415e-01;
   6.571085e-03  -1.528107e-02   2.705369e-02;
   7.656931e-02  -1.022026e-02  -1.051465e-01]
d=[ ...        
   1.540700e-01   2.790052e-02  -1.623610e-02;
   2.790052e-02  -1.528107e-02   8.416716e-03;
  -1.623610e-02   8.416716e-03  -1.051465e-01]
     iteration=        2499999       process=              2       (i,j,k)=              0              1              0       (x,y,z)=   5.062436e-03   1.493753e-02   4.832829e-03     particles=             73
fabric=[ ...   
   3.242401e-01  -1.435613e-02  -7.044738e-03;
  -1.435613e-02   3.518442e-01   1.224414e-02;
  -7.044738e-03   1.224414e-02   2.920008e-01]
sigma=[ ...    
  -6.415649e+00  -9.863022e-01   6.145066e-01;
  -9.836870e-01  -6.309353e+00  -2.016778e+00;
  -1.868488e-01  -1.663441e+00  -8.297813e+00]
sigmaDot=[ ... 
  -2.376827e+04  -5.992043e+04  -7.835762e+04;
  -9.954192e+04  -1.027234e+04  -5.832765e+03;
   5.979145e+04   1.441239e+05   4.266361e+04]
intgraE=[ ...  
   1.262497e-02   1.632737e-02   3.187985e-03;
   1.632737e-02  -2.762408e-02  -7.516298e-05;
   3.187985e-03  -7.516298e-05  -8.397585e-03]
E=[ ...        
   1.496923e-02   1.969962e-02   7.614527e-03;
   1.969962e-02  -6.545322e-03   9.059601e-03;
   7.614527e-03   9.059601e-03  -9.584886e-03]
e=[ ...        
   1.317959e-02   1.936048e-02   7.399732e-03;
   1.936048e-02  -7.252665e-03   9.354936e-03;
   7.399732e-03   9.354936e-03  -9.857021e-03]
intgraF=[ ...  
   1.012330e+00   2.223829e-02  -1.145706e-02;
   1.028790e-02   9.716962e-01  -8.046462e-03;
   1.821247e-02   7.991358e-03   9.914680e-01]
F=[ ...        
   1.014282e+00   1.034442e-02  -3.086799e-03;
   2.889211e-02   9.933144e-01   6.956942e-03;
   1.833607e-02   1.135035e-02   9.903395e-01]
R=[ ...        
   9.999013e-01  -9.208926e-03  -1.061281e-02;
   9.186140e-03   9.999554e-01  -2.193734e-03;
   1.063254e-02   2.096027e-03   9.999413e-01]
U=[ ...        
   1.014642e+00   1.958881e-02   7.507235e-03;
   1.958881e-02   9.931986e-01   9.060835e-03;
   7.507235e-03   9.060835e-03   9.902988e-01]
l=[ ...        
  -2.261946e-04  -2.057794e-03   5.717980e-03;
   1.543200e-03  -2.006188e-02   2.641170e-03;
   1.240122e-02  -2.162018e-03   1.182662e-02]
d=[ ...        
  -2.261946e-04  -2.572971e-04   9.059600e-03;
  -2.572971e-04  -2.006188e-02   2.395756e-04;
   9.059600e-03   2.395756e-04   1.182662e-02]
     iteration=        2499999       process=              3       (i,j,k)=              0              1              1       (x,y,z)=   5.062436e-03   1.493753e-02   1.424867e-02     particles=             46
fabric=[ ...   
   3.063230e-01   9.031526e-02  -2.970777e-02;
   9.031526e-02   3.171525e-01   1.784117e-02;
  -2.970777e-02   1.784117e-02   3.494975e-01]
sigma=[ ...    
  -4.712983e+00  -1.900515e+00  -1.511022e-02;
  -1.826039e+00  -4.660169e+00  -1.132691e+00;
  -2.527124e-01  -5.833809e-01  -1.124712e+00]
sigmaDot=[ ... 
  -1.233562e+05  -1.790633e+05  -4.140201e+05;
   8.059608e+05  -1.040193e+05   1.296062e+04;
  -6.670436e+03   1.921943e+05   6.966961e+04]
intgraE=[ ...  
  -2.964026e-02   6.709081e-02  -7.555273e-02;
   6.709081e-02  -4.006663e-03  -2.528460e-02;
  -7.555273e-02  -2.528460e-02   1.759281e-01]
E=[ ...        
   1.045856e-01   1.049489e-01   4.465278e-03;
   1.049489e-01  -2.969023e-03  -7.084202e-02;
   4.465278e-03  -7.084202e-02   7.237611e-02]
e=[ ...        
   6.773272e-02   9.978044e-02   1.404995e-02;
   9.978044e-02  -3.529185e-02  -5.344945e-02;
   1.404995e-02  -5.344945e-02   6.060977e-02]
intgraF=[ ...  
   9.677251e-01   7.479887e-02  -1.309912e-01;
   6.208838e-02   9.931484e-01  -3.298747e-02;
  -1.930508e-02  -6.935931e-03   1.154820e+00]
F=[ ...        
   1.086950e+00   1.142580e-01  -1.195656e-01;
   9.708950e-02   9.875927e-01  -4.866622e-02;
   1.352183e-01  -7.528406e-02   1.062115e+00]
R=[ ...        
   9.929423e-01   5.889309e-03  -1.184521e-01;
  -3.630276e-03   9.998076e-01   1.927801e-02;
   1.185429e-01  -1.871194e-02   9.927726e-01]
U=[ ...        
   1.094956e+00   1.009420e-01   7.361122e-03;
   1.009420e-01   9.894843e-01  -6.923524e-02;
   7.361122e-03  -6.923524e-02   1.067663e+00]
l=[ ...        
   2.400476e-02  -6.388977e-03   2.813973e-02;
   1.254135e-02  -2.753654e-02   1.792930e-02;
   1.655268e-02  -3.785660e-02   7.751914e-03]
d=[ ...        
   2.400476e-02   3.076186e-03   2.234620e-02;
   3.076186e-03  -2.753654e-02  -9.963653e-03;
   2.234620e-02  -9.963653e-03   7.751914e-03]
     iteration=        2499999       process=              4       (i,j,k)=              1              0              0       (x,y,z)=   1.493752e-02   5.062438e-03   4.832829e-03     particles=             64
fabric=[ ...   
   3.690074e-01  -1.828347e-02  -5.772636e-03;
  -1.828347e-02   3.046804e-01   1.155652e-03;
  -5.772636e-03   1.155652e-03   2.801583e-01]
sigma=[ ...    
  -2.013336e+01  -6.410493e+00  -5.726450e+00;
  -6.190017e+00  -1.111351e+01   2.762568e-01;
  -5.484975e+00  -8.907275e-01  -1.197418e+01]
sigmaDot=[ ... 
  -6.288824e+03  -8.979742e+04  -1.880800e+05;
  -6.808968e+04  -3.307500e+04   2.331220e+04;
  -9.556742e+04   1.427925e+05  -3.151849e+04]
intgraE=[ ...  
  -8.713120e-03   3.104649e-02  -8.680708e-03;
   3.104649e-02   3.720638e-02   9.873950e-03;
  -8.680708e-03   9.873950e-03   6.417316e-02]
E=[ ...        
   4.088754e-04   1.822616e-02   1.171903e-02;
   1.822616e-02   5.876097e-02   1.497244e-02;
   1.171903e-02   1.497244e-02  -3.159607e-02]
e=[ ...        
  -1.367945e-03   1.507191e-02   1.220137e-02;
   1.507191e-02   5.249253e-02   1.338408e-02;
   1.220137e-02   1.338408e-02  -3.436700e-02]
intgraF=[ ...  
   9.901327e-01   1.705209e-02   4.562321e-04;
   4.408494e-02   1.036011e+00  -9.992336e-03;
  -1.635550e-02   2.833044e-02   1.062189e+00]
F=[ ...        
   9.994244e-01   8.896263e-04  -5.506924e-03;
   3.357197e-02   1.057126e+00   2.601517e-02;
   2.901061e-02   2.530671e-03   9.675230e-01]
R=[ ...        
   9.997231e-01  -1.559601e-02  -1.762232e-02;
   1.580034e-02   9.998089e-01   1.151575e-02;
   1.743935e-02  -1.179100e-02   9.997784e-01]
U=[ ...        
   1.000184e+00   1.763646e-02   1.177862e-02;
   1.763646e-02   1.056880e+00   1.468802e-02;
   1.177862e-02   1.468802e-02   9.677052e-01]
l=[ ...        
  -9.173740e-03  -1.418916e-02   1.242871e-03;
  -8.661051e-03  -6.383835e-03  -4.110602e-03;
  -2.904257e-02  -3.054079e-04   2.870530e-03]
d=[ ...        
  -9.173740e-03  -1.142510e-02  -1.389985e-02;
  -1.142510e-02  -6.383835e-03  -2.208005e-03;
  -1.389985e-02  -2.208005e-03   2.870530e-03]
     iteration=        2499999       process=              5       (i,j,k)=              1              0              1       (x,y,z)=   1.493752e-02   5.062438e-03   1.424867e-02     particles=             44
fabric=[ ...   
   2.283587e-01   2.099107e-02   6.099889e-02;
   2.099107e-02   3.966240e-01  -1.937222e-02;
   6.099889e-02  -1.937222e-02   2.321602e-01]
sigma=[ ...    
  -2.532497e+00  -1.337768e+00  -5.255653e-03;
  -9.636831e-01  -1.805711e+00  -1.137966e-02;
   1.503716e-02  -4.775086e-02  -8.581603e-02]
sigmaDot=[ ... 
  -1.217273e+04  -3.032994e+04   3.309142e+03;
  -2.875104e+04  -1.551492e+04  -1.000072e+03;
   1.412047e+03  -1.091982e+04   1.222286e+03]
intgraE=[ ...  
   7.284182e-02   6.089735e-02  -1.110089e-01;
   6.089735e-02   1.651177e-02  -6.512922e-02;
  -1.110089e-01  -6.512922e-02  -4.677986e-03]
E=[ ...        
   7.675873e-02  -1.172123e-01  -1.019747e-01;
  -1.172123e-01  -6.874645e-02   4.227373e-02;
  -1.019747e-01   4.227373e-02  -3.693954e-02]
e=[ ...        
   1.782657e-02  -9.424091e-02  -1.149687e-01;
  -9.424091e-02  -1.374625e-01   2.609827e-02;
  -1.149687e-01   2.609827e-02  -3.306827e-02]
intgraF=[ ...  
   1.068519e+00   1.152544e-01  -1.504276e-01;
  -1.581462e-02   9.825495e-01   1.168388e-01;
  -6.083991e-02  -2.331019e-01   9.769157e-01]
F=[ ...        
   1.049398e+00  -1.748802e-01   1.303857e-02;
  -1.861569e-02   8.996993e-01  -6.345046e-02;
  -2.278903e-01   1.498840e-01   9.601692e-01]
R=[ ...        
   9.904612e-01  -6.992756e-02   1.187297e-01;
   8.180005e-02   9.917934e-01  -9.825750e-02;
  -1.108844e-01   1.070323e-01   9.880530e-01]
U=[ ...        
   1.063135e+00  -1.162364e-01  -9.874384e-02;
  -1.162364e-01   9.205872e-01   3.892765e-02;
  -9.874384e-02   3.892765e-02   9.564806e-01]
l=[ ...        
  -2.307771e-02  -2.392176e-02  -1.471865e-02;
  -5.761177e-03  -2.292590e-02   1.150042e-03;
   1.183736e-02  -1.043487e-02  -2.007518e-02]
d=[ ...        
  -2.307771e-02  -1.484147e-02  -1.440644e-03;
  -1.484147e-02  -2.292590e-02  -4.642415e-03;
  -1.440644e-03  -4.642415e-03  -2.007518e-02]
     iteration=        2499999       process=              6       (i,j,k)=              1              1              0       (x,y,z)=   1.493752e-02   1.493753e-02   4.832829e-03     particles=             60
fabric=[ ...   
   3.153706e-01   1.012536e-02  -1.242145e-02;
   1.012536e-02   3.251098e-01   4.200600e-02;
  -1.242145e-02   4.200600e-02   3.267327e-01]
sigma=[ ...    
  -3.043146e+00   7.065615e-01  -1.117510e-01;
   9.079183e-01  -3.885633e+00  -6.970475e-01;
  -5.036611e-01  -7.376472e-01  -2.470381e+00]
sigmaDot=[ ... 
  -4.551732e+04  -4.762683e+03   1.662242e+05;
   5.084418e+05  -6.765752e+04  -1.605578e+05;
   1.747607e+04  -3.870700e+05  -4.574338e+03]
intgraE=[ ...  
  -5.223640e-02   6.898990e-02  -3.603137e-02;
   6.898990e-02  -8.268210e-02  -6.954572e-03;
  -3.603137e-02  -6.954572e-03  -1.017606e-02]
E=[ ...        
   1.618693e-01   2.435373e-02  -9.552212e-02;
   2.435373e-02  -1.186078e-01   1.760343e-02;
  -9.552212e-02   1.760343e-02  -7.676301e-02]
e=[ ...        
   9.793414e-02   2.698681e-02  -1.032773e-01;
   2.698681e-02  -1.508261e-01   3.481598e-02;
  -1.032773e-01   3.481598e-02  -1.100828e-01]
intgraF=[ ...  
   9.424618e-01   6.993629e-02  -4.171963e-02;
   7.543384e-02   9.061733e-01   8.863292e-02;
  -4.003354e-02  -9.270699e-02   9.849120e-01]
F=[ ...        
   1.140075e+00   4.467984e-03  -5.139288e-02;
   3.868535e-02   8.708508e-01   1.100259e-01;
  -1.499016e-01  -6.620646e-02   9.119907e-01]
R=[ ...        
   9.986449e-01  -2.468882e-02   4.581276e-02;
   2.003286e-02   9.948416e-01   9.944283e-02;
  -4.803157e-02  -9.839032e-02   9.939881e-01]
U=[ ...        
   1.146505e+00   2.508756e-02  -9.292344e-02;
   2.508756e-02   8.727624e-01   2.099613e-02;
  -9.292344e-02   2.099613e-02   9.150947e-01]
l=[ ...        
  -1.441215e-03   1.249978e-02   2.553830e-02;
  -2.378484e-03  -2.180028e-02   1.808632e-02;
  -2.646472e-02   3.159286e-02  -1.519593e-02]
d=[ ...        
  -1.441215e-03   5.060646e-03  -4.632090e-04;
   5.060646e-03  -2.180028e-02   2.483959e-02;
  -4.632090e-04   2.483959e-02  -1.519593e-02]
     iteration=        2499999       process=              7       (i,j,k)=              1              1              1       (x,y,z)=   1.493752e-02   1.493753e-02   1.424867e-02     particles=             50
fabric=[ ...   
   3.030412e-01   8.347149e-02   3.706945e-02;
   8.347149e-02   3.076049e-01   1.547431e-02;
   3.706945e-02   1.547431e-02   2.529903e-01]
sigma=[ ...    
  -3.983228e-01  -1.663450e-01   5.735751e-02;
  -1.432727e-01  -9.540185e-01  -1.880060e-01;
   8.527044e-03  -2.596805e-02  -2.052818e-01]
sigmaDot=[ ... 
   7.970547e+02  -1.565209e+04   2.958530e+05;
   7.135014e+04  -1.847849e+04   7.342804e+03;
  -1.055131e+05  -2.277850e+05   1.390918e+04]
intgraE=[ ...  
   3.970776e-02  -4.356211e-02  -1.883304e-02;
  -4.356211e-02   1.697408e-01  -1.287107e-01;
  -1.883304e-02  -1.287107e-01  -4.893281e-02]
E=[ ...        
   1.156676e+00  -7.387099e-01   2.183054e+00;
  -7.387099e-01   7.144416e-01  -2.330853e+00;
   2.183054e+00  -2.330853e+00   4.508151e+00]
e=[ ...        
  -1.119790e+01   3.443718e+00   8.554589e+00;
   3.443718e+00  -8.331633e-01  -2.688554e+00;
   8.554589e+00  -2.688554e+00  -5.904179e+00]
intgraF=[ ...  
   1.023820e+00   1.128017e-01  -8.835868e-02;
  -1.739181e-01   1.147799e+00  -1.369058e-01;
   3.097801e-02  -9.651750e-02   9.357264e-01]
F=[ ...        
   1.081891e+00  -2.665140e-01   1.342433e+00;
   2.815659e-01   1.122511e+00  -1.640735e+00;
   1.436518e+00  -1.047770e+00   2.349929e+00]
R=[ ...        
   3.029039e-01   6.635772e-01   6.840428e-01;
   6.441846e-01   3.863989e-01  -6.600925e-01;
   7.023357e-01  -6.405945e-01   3.104245e-01]
U=[ ...        
   1.518007e+00  -9.351049e-02   1.000131e+00;
  -9.351049e-02   9.280803e-01  -1.248522e+00;
   1.000131e+00  -1.248522e+00   2.730794e+00]
l=[ ...        
   2.677135e-02  -3.724747e-02   2.122790e-02;
  -7.986094e-02  -2.692526e-02   7.471312e-02;
  -4.286992e-02   4.894372e-02   6.021676e-02]
d=[ ...        
   2.677135e-02  -5.855421e-02  -1.082101e-02;
  -5.855421e-02  -2.692526e-02   6.182842e-02;
  -1.082101e-02   6.182842e-02   6.021676e-02]
