     iteration=        4699999       process=              0       (i,j,k)=              0              0              0       (x,y,z)=   5.116811e-03   5.115921e-03   4.885227e-03     particles=             70
fabric=[ ...   
   3.283405e-01  -4.318257e-02  -3.655764e-02;
  -4.318257e-02   3.247841e-01  -3.506594e-03;
  -3.655764e-02  -3.506594e-03   3.276446e-01]
sigma=[ ...    
  -3.563844e+01   5.307848e+00   1.114935e+01;
   5.556552e+00  -3.259831e+01   5.066661e+00;
   1.089189e+01   5.705636e+00  -2.988981e+01]
sigmaDot=[ ... 
  -3.773882e+04   6.501423e+03  -2.730891e+04;
   1.747416e+04  -3.373850e+04   1.462751e+05;
   6.600595e+02  -3.805655e+05   2.073352e+04]
intgraE=[ ...  
   1.243586e-02  -1.113779e-02   2.622332e-02;
  -1.113779e-02  -1.340775e-02  -1.119476e-03;
   2.622332e-02  -1.119476e-03   2.835538e-02]
E=[ ...        
   2.988945e-02   8.584490e-03   2.101692e-02;
   8.584490e-03  -1.126867e-02   1.813356e-03;
   2.101692e-02   1.813356e-03   5.141200e-02]
e=[ ...        
   2.775873e-02   8.672686e-03   1.820340e-02;
   8.672686e-03  -1.152312e-02   1.679505e-03;
   1.820340e-02   1.679505e-03   4.537119e-02]
intgraF=[ ...  
   1.012158e+00  -1.952131e-02   3.146048e-02;
  -2.513225e-03   9.863061e-01   3.330874e-04;
   2.005339e-02  -1.901080e-03   1.027483e+00]
F=[ ...        
   1.029303e+00   3.048903e-04   3.588977e-02;
   1.706445e-02   9.886614e-01   7.200724e-03;
   4.735043e-03  -3.338021e-03   1.049516e+00]
R=[ ...        
   9.998537e-01  -8.305213e-03   1.495029e-02;
   8.229998e-03   9.999532e-01   5.085561e-03;
  -1.499183e-02  -4.961776e-03   9.998753e-01]
U=[ ...        
   1.029222e+00   8.491570e-03   2.020962e-02;
   8.491570e-03   9.886292e-01   1.694851e-03;
   2.020962e-02   1.694851e-03   1.049958e+00]
l=[ ...        
  -2.533323e-03   4.725137e-03   7.918526e-04;
  -1.194354e-02  -2.280730e-02  -3.977503e-03;
   5.422624e-03   2.872492e-02  -2.761931e-03]
d=[ ...        
  -2.533323e-03  -3.609199e-03   3.107238e-03;
  -3.609199e-03  -2.280730e-02   1.237371e-02;
   3.107238e-03   1.237371e-02  -2.761931e-03]
     iteration=        4699999       process=              1       (i,j,k)=              0              0              1       (x,y,z)=   5.116811e-03   5.115921e-03   1.419281e-02     particles=             56
fabric=[ ...   
   2.519107e-01  -4.427577e-02   4.233745e-03;
  -4.427577e-02   3.441365e-01  -6.862004e-03;
   4.233745e-03  -6.862004e-03   3.878237e-01]
sigma=[ ...    
  -5.223239e+00  -7.679590e-02   4.899321e-01;
   7.910862e-01  -2.984938e+00   1.294979e-01;
  -3.914665e-01   2.809802e-02  -6.348265e+00]
sigmaDot=[ ... 
  -2.794597e+04  -3.553642e+04   1.369775e+05;
  -2.189681e+05  -3.344521e+04   2.057000e+03;
  -5.515268e+04   2.790959e+05   6.043101e+04]
intgraE=[ ...  
  -1.031560e-01   1.317797e-02  -2.672083e-01;
   1.317797e-02   5.993833e-02  -1.297809e-02;
  -2.672083e-01  -1.297809e-02   5.899991e-01]
E=[ ...        
   1.093931e-01  -1.155411e-01  -2.807480e-01;
  -1.155411e-01   3.127132e-02   2.007840e-01;
  -2.807480e-01   2.007840e-01  -1.420051e-01]
e=[ ...        
  -2.939219e-01   4.130580e-01  -4.906232e-01;
   4.130580e-01  -5.611085e-01   4.308599e-01;
  -4.906232e-01   4.308599e-01  -2.426622e-01]
intgraF=[ ...  
   8.896198e-01   3.344500e-02  -6.709331e-01;
  -5.359196e-03   1.056628e+00  -6.289075e-02;
   4.728651e-02   4.790575e-02   1.313732e+00]
F=[ ...        
   1.022646e+00  -1.257458e-01  -2.253906e-01;
   2.086502e-01   7.353624e-01  -2.449588e-01;
  -3.597860e-01   7.113177e-01   7.779358e-01]
R=[ ...        
   9.913081e-01  -6.898052e-02   1.120265e-01;
   1.171785e-01   8.500729e-01  -5.134639e-01;
  -5.981167e-02   5.221281e-01   8.507672e-01]
U=[ ...        
   1.059726e+00  -8.102922e-02  -2.986650e-01;
  -8.102922e-02   1.005185e+00   2.134969e-01;
  -2.986650e-01   2.134969e-01   7.623701e-01]
l=[ ...        
   3.647269e-02   1.378620e-02  -3.486121e-02;
  -1.646303e-02  -2.974123e-02   3.189622e-02;
   1.844772e-02   1.270744e-02  -6.442983e-02]
d=[ ...        
   3.647269e-02  -1.338414e-03  -8.206743e-03;
  -1.338414e-03  -2.974123e-02   2.230183e-02;
  -8.206743e-03   2.230183e-02  -6.442983e-02]
     iteration=        4699999       process=              2       (i,j,k)=              0              1              0       (x,y,z)=   5.116811e-03   1.488203e-02   4.885227e-03     particles=             74
fabric=[ ...   
   2.759424e-01   7.399889e-03  -1.349275e-02;
   7.399889e-03   3.560929e-01   1.398742e-02;
  -1.349275e-02   1.398742e-02   3.590362e-01]
sigma=[ ...    
  -1.712411e+01  -8.613861e-03   9.807384e-02;
  -7.370470e-01  -2.231394e+01  -1.731896e+00;
   9.371159e-01  -1.554927e+00  -2.108631e+01]
sigmaDot=[ ... 
  -3.839837e+04  -2.611126e+04   1.905371e+03;
  -4.733310e+04  -2.003989e+04  -7.802870e+04;
   1.509834e+04   1.247258e+05  -1.224003e+04]
intgraE=[ ...  
   2.078873e-02   1.317439e-02   1.297083e-02;
   1.317439e-02  -4.325477e-02  -5.233540e-03;
   1.297083e-02  -5.233540e-03   2.306304e-03]
E=[ ...        
   2.328699e-03   3.347813e-03   1.519230e-02;
   3.347813e-03   3.002215e-03   3.078617e-02;
   1.519230e-02   3.078617e-02   1.754383e-02]
e=[ ...        
   1.469542e-03   1.666318e-03   1.476506e-02;
   1.666318e-03  -4.998336e-05   2.911105e-02;
   1.476506e-02   2.911105e-02   1.636382e-02]
intgraF=[ ...  
   1.020169e+00   1.558418e-02  -6.701332e-04;
   1.108751e-02   9.556243e-01  -5.220921e-03;
   2.662223e-02  -5.454907e-03   1.002290e+00]
F=[ ...        
   1.001771e+00   1.835936e-02  -6.409425e-04;
  -1.321065e-02   1.001577e+00   1.058506e-02;
   3.063537e-02   5.011352e-02   1.017337e+00]
R=[ ...        
   9.997512e-01   1.569147e-02  -1.585071e-02;
  -1.599657e-02   9.996856e-01  -1.930846e-02;
   1.554275e-02   1.955722e-02   9.996879e-01]
U=[ ...        
   1.002209e+00   3.111897e-03   1.500211e-02;
   3.111897e-03   1.002530e+00   3.046796e-02;
   1.500211e-02   3.046796e-02   1.016826e+00]
l=[ ...        
  -7.880387e-05  -4.068632e-02   2.681447e-02;
  -3.660339e-03  -2.143365e-02  -3.952150e-03;
   1.279153e-02  -1.573870e-02   3.347014e-03]
d=[ ...        
  -7.880387e-05  -2.217333e-02   1.980300e-02;
  -2.217333e-02  -2.143365e-02  -9.845426e-03;
   1.980300e-02  -9.845426e-03   3.347014e-03]
     iteration=        4699999       process=              3       (i,j,k)=              0              1              1       (x,y,z)=   5.116811e-03   1.488203e-02   1.419281e-02     particles=             48
fabric=[ ...   
   2.738157e-01   6.883406e-02   3.230696e-02;
   6.883406e-02   3.703282e-01   2.539918e-02;
   3.230696e-02   2.539918e-02   3.558560e-01]
sigma=[ ...    
  -1.190312e+01  -3.483220e+00  -3.576700e+00;
  -4.075541e+00  -1.115465e+01  -2.062542e+00;
  -3.043465e+00  -1.349535e+00  -1.333225e+01]
sigmaDot=[ ... 
  -3.064863e+04  -1.181084e+04   2.875857e+05;
  -2.865618e+05  -1.522510e+04   3.754190e+03;
  -6.534124e+04  -3.281643e+05  -8.113357e+04]
intgraE=[ ...  
   5.148203e-03   8.403749e-02  -9.170347e-02;
   8.403749e-02  -2.644829e-02  -3.455173e-02;
  -9.170347e-02  -3.455173e-02   1.612267e-01]
E=[ ...        
   2.475358e-02   9.583742e-02   1.204110e-01;
   9.583742e-02  -6.734053e-02   5.513651e-02;
   1.204110e-01   5.513651e-02   3.020727e-01]
e=[ ...        
  -3.138453e-02   1.010312e-01   2.239500e-02;
   1.010312e-01  -9.229023e-02   7.086192e-02;
   2.239500e-02   7.086192e-02   1.840514e-01]
intgraF=[ ...  
   1.001149e+00   8.241046e-02  -1.616387e-01;
   8.793149e-02   9.694975e-01  -3.446066e-02;
  -1.630208e-02  -1.965940e-02   1.138042e+00]
F=[ ...        
   9.786180e-01   8.023321e-02  -1.253648e-01;
   1.287897e-01   9.264860e-01   1.602065e-01;
   2.742756e-01  -2.247620e-02   1.250105e+00]
R=[ ...        
   9.836207e-01  -6.856173e-03  -1.801204e-01;
   2.321616e-02   9.957719e-01   8.887783e-02;
   1.787495e-01  -9.160377e-02   9.796210e-01]
U=[ ...        
   1.014606e+00   9.641089e-02   1.038636e-01;
   9.641089e-02   9.240776e-01   4.587427e-02;
   1.038636e-01   4.587427e-02   1.261449e+00]
l=[ ...        
   2.321790e-02   7.590098e-03  -2.122880e-02;
  -2.857405e-03  -3.914361e-03   3.653811e-02;
   2.592013e-02  -1.666259e-02  -4.044318e-02]
d=[ ...        
   2.321790e-02   2.366346e-03   2.345666e-03;
   2.366346e-03  -3.914361e-03   9.937760e-03;
   2.345666e-03   9.937760e-03  -4.044318e-02]
     iteration=        4699999       process=              4       (i,j,k)=              1              0              0       (x,y,z)=   1.488233e-02   5.115921e-03   4.885227e-03     particles=             67
fabric=[ ...   
   4.295779e-01  -9.506226e-03  -8.797690e-03;
  -9.506226e-03   3.543593e-01  -1.923563e-02;
  -8.797690e-03  -1.923563e-02   2.051933e-01]
sigma=[ ...    
  -4.550122e+01  -1.205496e+01  -5.966334e+00;
  -1.025003e+01  -2.400025e+01   3.743349e+00;
  -3.618620e+00   2.849412e+00  -1.716571e+01]
sigmaDot=[ ... 
  -3.997315e+04  -4.320830e+04  -4.117021e+04;
   4.602546e+05  -2.668273e+04  -1.092965e+04;
  -9.978043e+04  -1.168203e+05   3.037631e+04]
intgraE=[ ...  
  -1.832550e-02   4.407333e-02  -2.116806e-02;
   4.407333e-02   1.276738e-02  -6.465007e-03;
  -2.116806e-02  -6.465007e-03   6.698613e-02]
E=[ ...        
  -1.095156e-02   4.198602e-03   3.800429e-02;
   4.198602e-03   2.073125e-02   2.528438e-02;
   3.800429e-02   2.528438e-02  -2.010911e-01]
e=[ ...        
  -1.323797e-02  -1.589933e-03   5.555059e-02;
  -1.589933e-03   1.323988e-02   5.954158e-02;
   5.555059e-02   5.954158e-02  -3.465276e-01]
intgraF=[ ...  
   9.793371e-01   3.889701e-02   3.569147e-03;
   4.917624e-02   1.011917e+00  -5.752963e-03;
  -4.277427e-02  -6.805895e-03   1.064860e+00]
F=[ ...        
   9.881849e-01  -2.887112e-02   6.208344e-02;
   3.486257e-02   1.017294e+00  -5.937115e-03;
   1.928931e-02   7.577974e-02   7.706674e-01]
R=[ ...        
   9.991385e-01  -3.251625e-02   2.578724e-02;
   3.367847e-02   9.983738e-01  -4.599497e-02;
  -2.424972e-02   4.682382e-02   9.986088e-01]
U=[ ...        
   9.880399e-01   3.577008e-03   4.314153e-02;
   3.577008e-03   1.020126e+00   2.813941e-02;
   4.314153e-02   2.813941e-02   7.714693e-01]
l=[ ...        
  -2.631431e-02   2.852290e-02   4.988979e-02;
  -2.879637e-02  -1.201956e-02   7.034451e-03;
  -6.897143e-02   1.251454e-02   3.530150e-02]
d=[ ...        
  -2.631431e-02  -1.367351e-04  -9.540823e-03;
  -1.367351e-04  -1.201956e-02   9.774493e-03;
  -9.540823e-03   9.774493e-03   3.530150e-02]
     iteration=        4699999       process=              5       (i,j,k)=              1              0              1       (x,y,z)=   1.488233e-02   5.115921e-03   1.419281e-02     particles=             40
fabric=[ ...   
   3.391664e-01   8.261649e-03  -3.404818e-02;
   8.261649e-03   2.998753e-01   1.013452e-02;
  -3.404818e-02   1.013452e-02   3.021348e-01]
sigma=[ ...    
  -3.603567e+00  -5.489979e-01   3.761607e-01;
  -1.130278e+00  -2.873445e+00  -1.595777e-01;
   2.611588e-01  -4.303874e-01  -1.957468e+00]
sigmaDot=[ ... 
  -3.401709e+04  -4.577211e+04   1.424904e+04;
  -1.821219e+05  -5.682240e+03   2.316202e+04;
  -4.893498e+03   1.724719e+05  -1.544615e+04]
intgraE=[ ...  
   4.256496e-02   1.351305e-02  -1.029266e-01;
   1.351305e-02   1.839426e-02  -5.560239e-02;
  -1.029266e-01  -5.560239e-02  -4.332790e-05]
E=[ ...        
   3.679842e-01  -3.583210e-01  -8.938748e-01;
  -3.583210e-01   2.202756e-01   1.939169e-01;
  -8.938748e-01   1.939169e-01   1.631889e+00]
e=[ ...        
  -9.678306e-02  -3.081421e-01  -2.024640e-01;
  -3.081421e-01  -2.034501e-02  -3.821273e-02;
  -2.024640e-01  -3.821273e-02   2.931244e-01]
intgraF=[ ...  
   1.038878e+00   4.813295e-02  -1.309639e-01;
  -3.737359e-02   9.946562e-01   1.050750e-01;
  -6.682215e-02  -2.124399e-01   9.857591e-01]
F=[ ...        
   1.190315e+00  -3.788396e-01  -6.277582e-01;
  -2.998755e-01   1.128686e+00   3.924752e-01;
  -4.787424e-01  -1.519851e-01   1.927605e+00]
R=[ ...        
   9.968042e-01  -7.359512e-02  -3.106607e-02;
   7.808875e-02   9.796761e-01   1.847616e-01;
   1.683713e-02  -1.865971e-01   9.822922e-01]
U=[ ...        
   1.155033e+00  -2.920503e-01  -5.626488e-01;
  -2.920503e-01   1.161987e+00   7.101311e-02;
  -5.626488e-01   7.101311e-02   1.985488e+00]
l=[ ...        
  -4.069615e-02  -3.113920e-02   2.565231e-03;
   4.448899e-02   3.189562e-03   9.957703e-03;
  -3.736363e-02   4.761241e-02  -5.515131e-02]
d=[ ...        
  -4.069615e-02   6.674895e-03  -1.739920e-02;
   6.674895e-03   3.189562e-03   2.878506e-02;
  -1.739920e-02   2.878506e-02  -5.515131e-02]
     iteration=        4699999       process=              6       (i,j,k)=              1              1              0       (x,y,z)=   1.488233e-02   1.488203e-02   4.885227e-03     particles=             58
fabric=[ ...   
   3.011871e-01  -4.936376e-02  -4.395157e-02;
  -4.936376e-02   3.591762e-01   1.265050e-02;
  -4.395157e-02   1.265050e-02   3.396367e-01]
sigma=[ ...    
  -2.930555e+00   1.310016e+00   6.915254e-02;
   1.098222e+00  -4.274883e+00  -2.536509e-01;
  -2.610635e-02  -5.649811e-01  -2.481201e+00]
sigmaDot=[ ... 
   6.372975e+03   1.707563e+04  -2.207087e+04;
  -5.620748e+05  -1.327380e+04  -1.607933e+05;
   3.187171e+05  -5.123816e+03   9.746232e+04]
intgraE=[ ...  
  -7.533743e-02   6.337739e-02  -4.620362e-02;
   6.337739e-02  -9.409515e-02  -7.845552e-04;
  -4.620362e-02  -7.845552e-04  -2.104615e-02]
E=[ ...        
  -1.491313e-02  -6.816909e-03   1.170181e-02;
  -6.816909e-03  -1.098221e-01  -3.174022e-02;
   1.170181e-02  -3.174022e-02   1.594208e-02]
e=[ ...        
  -1.810021e-02  -6.359908e-03   7.863494e-03;
  -6.359908e-03  -1.520513e-01  -1.548734e-02;
   7.863494e-03  -1.548734e-02   2.308196e-02]
intgraF=[ ...  
   9.157985e-01   6.208885e-02  -2.853324e-02;
   7.101163e-02   8.948463e-01   9.260756e-02;
  -7.480373e-02  -8.488086e-02   9.739186e-01]
F=[ ...        
   9.776253e-01   2.122633e-02  -9.606935e-02;
  -1.725659e-02   8.678923e-01   1.181839e-01;
   1.188478e-01  -1.633043e-01   1.004334e+00]
R=[ ...        
   9.940711e-01   2.805906e-02  -1.050493e-01;
  -1.215399e-02   9.887494e-01   1.490866e-01;
   1.080507e-01  -1.469259e-01   9.832283e-01]
U=[ ...        
   9.848803e-01  -7.093018e-03   1.158286e-02;
  -7.093018e-03   8.827172e-01  -3.340411e-02;
   1.158286e-02  -3.340411e-02   1.015202e+00]
l=[ ...        
  -2.983626e-02  -1.473367e-02   1.635053e-02;
   2.433127e-02  -1.338452e-02   4.463731e-03;
  -1.122876e-02  -9.898225e-03   3.327858e-02]
d=[ ...        
  -2.983626e-02   4.798796e-03   2.560884e-03;
   4.798796e-03  -1.338452e-02  -2.717247e-03;
   2.560884e-03  -2.717247e-03   3.327858e-02]
     iteration=        4699999       process=              7       (i,j,k)=              1              1              1       (x,y,z)=   1.488233e-02   1.488203e-02   1.419281e-02     particles=             52
fabric=[ ...   
   3.734068e-01  -5.882714e-02  -7.750141e-02;
  -5.882714e-02   3.073970e-01  -1.163684e-02;
  -7.750141e-02  -1.163684e-02   3.191962e-01]
sigma=[ ...    
  -1.991154e+00   2.914464e-01   1.157597e-01;
   4.079390e-01  -8.454300e-01   3.701699e-02;
   1.136629e-01   4.861206e-01  -2.984080e+00]
sigmaDot=[ ... 
   1.026636e+04   6.266156e+03   2.856902e+04;
   6.781661e+05  -5.962236e+04   1.023130e+05;
  -2.088656e+02   4.952145e+05  -7.767181e+03]
intgraE=[ ...  
   3.512006e-02  -6.426584e-02   6.207831e-04;
  -6.426584e-02   1.074099e-01  -9.215946e-02;
   6.207831e-04  -9.215946e-02  -7.222941e-02]
E=[ ...        
   6.725756e-02   2.738814e-01   2.114987e-01;
   2.738814e-01  -3.164401e-01  -3.685268e-02;
   2.114987e-01  -3.685268e-02  -2.744565e-02]
e=[ ...        
  -5.602349e+01   4.684901e+01   6.269663e+01;
   4.684901e+01  -3.899489e+01  -5.210685e+01;
   6.269663e+01  -5.210685e+01  -6.989370e+01]
intgraF=[ ...  
   1.014480e+00   9.219449e-02  -4.395294e-02;
  -2.009512e-01   1.096267e+00  -1.081767e-01;
   2.625749e-02  -6.721787e-02   9.175550e-01]
F=[ ...        
   8.262513e-01   2.765973e-01   5.454649e-01;
   6.333323e-01   5.329284e-01  -3.080686e-01;
   2.251979e-01  -8.124760e-02   7.434181e-01]
R=[ ...        
   9.253516e-01  -2.472678e-01   2.873725e-01;
   3.289474e-01   9.005096e-01  -2.843870e-01;
  -1.884620e-01   3.576884e-01   9.146262e-01]
U=[ ...        
   9.304648e-01   4.465672e-01   2.633024e-01;
   4.465672e-01   3.824522e-01  -1.463826e-01;
   2.633024e-01  -1.463826e-01   9.243120e-01]
l=[ ...        
  -5.011868e-02   1.942983e-02  -2.967074e-02;
  -4.729812e-03  -7.581314e-02   7.300270e-02;
   5.001799e-02  -5.150055e-02  -8.710967e-02]
d=[ ...        
  -5.011868e-02   7.350011e-03   1.017362e-02;
   7.350011e-03  -7.581314e-02   1.075108e-02;
   1.017362e-02   1.075108e-02  -8.710967e-02]
