     iteration=        4199999       process=              0       (i,j,k)=              0              0              0       (x,y,z)=   5.104311e-03   5.103426e-03   4.872724e-03     particles=             71
fabric=[ ...   
   3.252538e-01  -4.989787e-03  -3.716927e-02;
  -4.989787e-03   3.303301e-01   1.635780e-02;
  -3.716927e-02   1.635780e-02   2.777494e-01]
sigma=[ ...    
  -2.646280e+00  -1.037635e-01  -3.777783e-02;
   1.245033e-01  -2.917264e+00   2.330427e-01;
   1.784311e-01   5.344052e-01  -2.217026e+00]
sigmaDot=[ ... 
   6.826356e+03   8.953423e+04  -4.726767e+05;
  -2.772422e+05  -1.695050e+03   3.549657e+04;
   1.001347e+05  -2.232985e+05  -1.132712e+04]
intgraE=[ ...  
   1.213616e-02  -9.514617e-03   2.216786e-02;
  -9.514617e-03  -9.273732e-03  -4.192815e-03;
   2.216786e-02  -4.192815e-03   2.737402e-02]
E=[ ...        
   3.772515e-02   1.618257e-02  -1.234977e-03;
   1.618257e-02  -1.253913e-02  -8.686490e-04;
  -1.234977e-03  -8.686490e-04   2.438416e-02]
e=[ ...        
   3.418299e-02   1.608773e-02  -1.136244e-03;
   1.608773e-02  -1.295514e-02  -6.613547e-04;
  -1.136244e-03  -6.613547e-04   2.325371e-02]
intgraF=[ ...  
   1.011923e+00  -1.850880e-02   2.672612e-02;
  -1.830001e-04   9.904850e-01  -6.740936e-04;
   1.684179e-02  -7.035701e-03   1.026661e+00]
F=[ ...        
   1.036603e+00   2.597720e-03  -1.029630e-03;
   3.004387e-02   9.873626e-01   3.924063e-03;
  -1.484767e-03  -5.477175e-03   1.024086e+00]
R=[ ...        
   9.999080e-01  -1.356244e-02   1.469266e-04;
   1.356161e-02   9.998971e-01   4.681620e-03;
  -2.104057e-04  -4.679197e-03   9.999890e-01]
U=[ ...        
   1.036915e+00   1.598886e-02  -1.191793e-03;
   1.598886e-02   9.872514e-01  -8.542758e-04;
  -1.191793e-03  -8.542758e-04   1.024093e+00]
l=[ ...        
   1.249370e-03  -1.730219e-02   2.917078e-02;
  -1.301966e-02  -2.159690e-02  -7.917559e-03;
   1.493042e-02   1.671275e-02  -4.706140e-03]
d=[ ...        
   1.249370e-03  -1.516093e-02   2.205060e-02;
  -1.516093e-02  -2.159690e-02   4.397597e-03;
   2.205060e-02   4.397597e-03  -4.706140e-03]
     iteration=        4199999       process=              1       (i,j,k)=              0              0              1       (x,y,z)=   5.104311e-03   5.103426e-03   1.420530e-02     particles=             53
fabric=[ ...   
   3.652094e-01  -4.130858e-02   1.686641e-02;
  -4.130858e-02   3.537501e-01  -1.639165e-02;
   1.686641e-02  -1.639165e-02   2.547247e-01]
sigma=[ ...    
  -3.403444e+00   2.325906e-01  -8.761988e-01;
   7.282242e-01  -1.184862e+00   2.664908e-01;
  -1.027981e+00   2.088183e-01  -2.407015e+00]
sigmaDot=[ ... 
  -9.112200e+03  -1.907932e+03   1.526205e+04;
   6.855735e+03   3.647327e+03  -2.326571e+04;
  -1.719574e+04  -7.219494e+03   3.522481e+04]
intgraE=[ ...  
  -1.037033e-01   1.221457e-02  -2.560625e-01;
   1.221457e-02   6.737297e-02  -2.172383e-02;
  -2.560625e-01  -2.172383e-02   5.978343e-01]
E=[ ...        
  -2.287671e-01  -7.773148e-02   9.269253e-02;
  -7.773148e-02   2.121421e-01   1.208987e+00;
   9.269253e-02   1.208987e+00   2.587862e+00]
e=[ ...        
  -2.903535e-01  -3.994715e-01  -4.367837e-01;
  -3.994715e-01  -1.120975e+00  -4.498163e-01;
  -4.367837e-01  -4.498163e-01   1.333551e-01]
intgraF=[ ...  
   8.888141e-01   3.198535e-02  -6.524290e-01;
  -5.672471e-03   1.064007e+00  -7.135040e-02;
   5.070253e-02   4.014890e-02   1.328501e+00]
F=[ ...        
   6.326339e-01  -6.907293e-01  -1.049753e+00;
  -9.820602e-02   4.086012e-01  -5.685857e-01;
   3.641370e-01   8.833019e-01   2.179553e+00]
R=[ ...        
   8.698895e-01  -3.166776e-01  -3.781635e-01;
   9.035945e-02   8.560196e-01  -5.089849e-01;
   4.848994e-01   4.085900e-01   7.732573e-01]
U=[ ...        
   7.180175e-01  -1.356245e-01   9.231790e-02;
  -1.356245e-01   9.294174e-01   7.362564e-01;
   9.231790e-02   7.362564e-01   2.371735e+00]
l=[ ...        
   1.926834e-02  -3.487449e-02  -3.159248e-02;
   3.096876e-03  -4.481527e-02  -2.320568e-02;
   1.143049e-02   3.662997e-02   2.276281e-03]
d=[ ...        
   1.926834e-02  -1.588881e-02  -1.008100e-02;
  -1.588881e-02  -4.481527e-02   6.712148e-03;
  -1.008100e-02   6.712148e-03   2.276281e-03]
     iteration=        4199999       process=              2       (i,j,k)=              0              1              0       (x,y,z)=   5.104311e-03   1.489452e-02   4.872724e-03     particles=             74
fabric=[ ...   
   2.939750e-01   5.850721e-02  -1.884596e-02;
   5.850721e-02   2.640681e-01   1.401730e-02;
  -1.884596e-02   1.401730e-02   3.419569e-01]
sigma=[ ...    
  -1.208922e+00  -7.029598e-01   1.118766e-01;
  -5.017496e-01  -1.391540e+00  -5.190793e-02;
   1.091001e-01  -2.905712e-02  -6.422234e-01]
sigmaDot=[ ... 
  -3.458890e+04  -3.680384e+04  -1.352808e+05;
   1.033092e+05  -1.222655e+02   3.134425e+04;
   1.259021e+04   1.384741e+05   5.799828e+03]
intgraE=[ ...  
   2.142221e-02   1.707346e-02   1.168928e-02;
   1.707346e-02  -4.051611e-02  -3.050169e-03;
   1.168928e-02  -3.050169e-03   1.022408e-03]
E=[ ...        
   1.641403e-02   3.007548e-02   2.231062e-02;
   3.007548e-02   1.001087e-02   1.898592e-02;
   2.231062e-02   1.898592e-02   4.322160e-02]
e=[ ...        
   1.160000e-02   2.813501e-02   1.731774e-02;
   2.813501e-02   9.447528e-03   1.787279e-02;
   1.731774e-02   1.787279e-02   3.840079e-02]
intgraF=[ ...  
   1.020803e+00   2.163712e-02  -1.954672e-03;
   1.265088e-02   9.583805e-01  -3.660886e-03;
   2.539447e-02  -2.546942e-03   1.001013e+00]
F=[ ...        
   1.014158e+00   1.222927e-02  -4.551220e-03;
   4.767866e-02   1.009848e+00   4.678523e-02;
   4.514339e-02  -8.853167e-03   1.041265e+00]
R=[ ...        
   9.995577e-01  -1.666495e-02  -2.463049e-02;
   1.733110e-02   9.994829e-01   2.708446e-02;
   2.416639e-02  -2.749936e-02   9.993297e-01]
U=[ ...        
   1.015627e+00   2.951169e-02   2.142526e-02;
   2.951169e-02   1.009366e+00   1.820276e-02;
   2.142526e-02   1.820276e-02   1.041947e+00]
l=[ ...        
  -1.938832e-02   6.302659e-03   1.513928e-03;
   1.523682e-02  -1.947150e-02  -6.960007e-03;
  -2.306697e-02   1.030668e-02  -1.352497e-02]
d=[ ...        
  -1.938832e-02   1.076974e-02  -1.077652e-02;
   1.076974e-02  -1.947150e-02   1.673336e-03;
  -1.077652e-02   1.673336e-03  -1.352497e-02]
     iteration=        4199999       process=              3       (i,j,k)=              0              1              1       (x,y,z)=   5.104311e-03   1.489452e-02   1.420530e-02     particles=             47
fabric=[ ...   
   3.189174e-01   7.292955e-02   1.156427e-02;
   7.292955e-02   2.748549e-01   3.916729e-02;
   1.156427e-02   3.916729e-02   3.662278e-01]
sigma=[ ...    
  -4.848485e+00  -3.071255e+00  -7.989251e-01;
  -2.050334e+00  -4.662022e+00  -9.164326e-01;
  -8.098378e-01  -5.783345e-01  -1.383549e+00]
sigmaDot=[ ... 
  -2.406199e+04  -4.657510e+04  -2.352587e+05;
   2.351866e+05   2.396251e+05  -4.042875e+04;
  -2.256390e+05   1.451332e+05  -2.299516e+04]
intgraE=[ ...  
  -1.857041e-02   7.293788e-02  -6.834167e-02;
   7.293788e-02  -2.466843e-02  -2.031430e-02;
  -6.834167e-02  -2.031430e-02   1.439257e-01]
E=[ ...        
  -2.763962e-02   2.754005e-02   9.952053e-02;
   2.754005e-02  -8.811637e-02   7.624306e-02;
   9.952053e-02   7.624306e-02   2.451967e-01]
e=[ ...        
  -6.216799e-02   1.271968e-02   3.658321e-02;
   1.271968e-02  -1.109851e-01   8.079123e-02;
   3.658321e-02   8.079123e-02   1.569389e-01]
intgraF=[ ...  
   9.788537e-01   8.108858e-02  -1.323160e-01;
   6.833221e-02   9.714233e-01  -6.875107e-03;
  -5.940680e-03  -2.060259e-02   1.127074e+00]
F=[ ...        
   9.386765e-01   5.795941e-02  -1.113171e-01;
  -2.533314e-03   9.056872e-01   1.598211e-01;
   2.521919e-01   1.177419e-02   1.205180e+00]
R=[ ...        
   9.846375e-01   4.889452e-02  -1.676258e-01;
  -3.651659e-02   9.964277e-01   7.614732e-02;
   1.707502e-01  -6.885638e-02   9.829055e-01]
U=[ ...        
   9.674104e-01   2.600685e-02   9.034155e-02;
   2.600685e-02   9.044750e-01   7.082308e-02;
   9.034155e-02   7.082308e-02   1.215408e+00]
l=[ ...        
  -1.628763e-02   3.981969e-03   7.097568e-03;
  -3.724277e-03  -3.265914e-03   2.406266e-02;
   2.988808e-02   1.759757e-02  -3.165709e-02]
d=[ ...        
  -1.628763e-02   1.288464e-04   1.849283e-02;
   1.288464e-04  -3.265914e-03   2.083012e-02;
   1.849283e-02   2.083012e-02  -3.165709e-02]
     iteration=        4199999       process=              4       (i,j,k)=              1              0              0       (x,y,z)=   1.489481e-02   5.103426e-03   4.872724e-03     particles=             64
fabric=[ ...   
   3.507446e-01  -6.439997e-02   9.657547e-03;
  -6.439997e-02   3.480566e-01   3.940042e-03;
   9.657547e-03   3.940042e-03   1.583417e-01]
sigma=[ ...    
  -4.746182e-01  -9.509396e-02  -1.339994e-01;
   3.946982e-03  -5.061851e-01  -1.809865e-02;
  -1.117448e-01   5.191199e-02  -3.670693e-01]
sigmaDot=[ ... 
   5.260449e+02   2.871997e+03  -2.494037e+03;
   4.854204e+02  -3.223783e+03   8.460655e+03;
  -2.438321e+03   7.436688e+02  -4.419609e+02]
intgraE=[ ...  
  -1.104878e-02   3.285159e-02  -1.783119e-02;
   3.285159e-02   2.944509e-02   7.284547e-03;
  -1.783119e-02   7.284547e-03   5.288314e-02]
E=[ ...        
   8.533301e-02   9.498688e-03   5.174475e-02;
   9.498688e-03   6.396422e-02   2.429515e-02;
   5.174475e-02   2.429515e-02  -1.780925e-02]
e=[ ...        
   6.647506e-02   5.559935e-03   4.768653e-02;
   5.559935e-03   5.639259e-02   2.159461e-02;
   4.768653e-02   2.159461e-02  -2.295201e-02]
intgraF=[ ...  
   9.870925e-01   1.516275e-02  -1.198945e-03;
   5.010419e-02   1.028612e+00  -1.122413e-02;
  -3.225557e-02   2.485278e-02   1.051494e+00]
F=[ ...        
   1.079145e+00  -7.342726e-03   2.761418e-02;
   2.465188e-02   1.061967e+00   3.671165e-02;
   7.419797e-02   9.996894e-03   9.809542e-01]
R=[ ...        
   9.996435e-01  -1.424267e-02  -2.258526e-02;
   1.453082e-02   9.998145e-01   1.264593e-02;
   2.240095e-02  -1.296961e-02   9.996649e-01]
U=[ ...        
   1.080780e+00   8.315087e-03   5.011209e-02;
   8.315087e-03   1.061745e+00   2.358895e-02;
   5.011209e-02   2.358895e-02   9.804661e-01]
l=[ ...        
  -1.445046e-02  -6.712433e-03   6.332775e-04;
   1.534499e-02   3.257115e-02   3.608243e-02;
  -2.872645e-02  -3.140678e-02  -4.031215e-02]
d=[ ...        
  -1.445046e-02   4.316280e-03  -1.404659e-02;
   4.316280e-03   3.257115e-02   2.337828e-03;
  -1.404659e-02   2.337828e-03  -4.031215e-02]
     iteration=        4199999       process=              5       (i,j,k)=              1              0              1       (x,y,z)=   1.489481e-02   5.103426e-03   1.420530e-02     particles=             43
fabric=[ ...   
   4.303605e-01   1.091304e-01   4.109899e-02;
   1.091304e-01   3.320910e-01   4.980706e-02;
   4.109899e-02   4.980706e-02   2.375485e-01]
sigma=[ ...    
  -3.613623e+00  -1.665152e+00   7.260166e-03;
  -2.716476e+00  -4.785369e+00  -7.870119e-02;
  -1.639596e-01  -1.079480e-01  -1.254393e-01]
sigmaDot=[ ... 
  -3.826131e+04  -6.703930e+04   4.563700e+03;
  -5.818466e+04  -5.662558e+04  -3.854253e+03;
  -3.756673e+03   2.981759e+02  -2.302289e+03]
intgraE=[ ...  
   4.816396e-02   2.982107e-02  -1.084191e-01;
   2.982107e-02   2.957017e-02  -5.270714e-02;
  -1.084191e-01  -5.270714e-02  -5.738602e-03]
E=[ ...        
   2.626596e-01   3.013029e-02  -6.119113e-01;
   3.013029e-02  -2.081003e-01   8.321665e-02;
  -6.119113e-01   8.321665e-02   9.520845e-01]
e=[ ...        
   5.916192e-02   1.991408e-02  -2.308529e-01;
   1.991408e-02  -3.724185e-01   2.091136e-01;
  -2.308529e-01   2.091136e-01   1.347463e-01]
intgraF=[ ...  
   1.044341e+00   7.414053e-02  -1.403495e-01;
  -3.328894e-02   1.000478e+00   1.289159e-01;
  -6.760938e-02  -2.295386e-01   9.758102e-01]
F=[ ...        
   1.191296e+00   1.330911e-01  -6.003582e-01;
  -1.343242e-01   7.523292e-01   3.467125e-01;
  -2.967981e-01  -9.318242e-03   1.556769e+00]
R=[ ...        
   9.866492e-01   1.222176e-01  -1.076391e-01;
  -1.072506e-01   9.849830e-01   1.352993e-01;
   1.225586e-01  -1.219486e-01   9.849406e-01]
U=[ ...        
   1.153423e+00   4.948443e-02  -4.387326e-01;
   4.948443e-02   7.584339e-01   7.828588e-02;
  -4.387326e-01   7.828588e-02   1.644857e+00]
l=[ ...        
  -3.095649e-02   2.834398e-02  -2.197978e-02;
  -1.652520e-02   6.798800e-02  -1.495455e-02;
  -5.207395e-03   1.782444e-02  -6.616130e-03]
d=[ ...        
  -3.095649e-02   5.909390e-03  -1.359359e-02;
   5.909390e-03   6.798800e-02   1.434946e-03;
  -1.359359e-02   1.434946e-03  -6.616130e-03]
     iteration=        4199999       process=              6       (i,j,k)=              1              1              0       (x,y,z)=   1.489481e-02   1.489452e-02   4.872724e-03     particles=             60
fabric=[ ...   
   2.904830e-01  -3.490351e-02  -3.030610e-02;
  -3.490351e-02   3.291302e-01  -1.641480e-02;
  -3.030610e-02  -1.641480e-02   3.072160e-01]
sigma=[ ...    
  -1.219169e+00   4.189782e-01   1.005790e-01;
   1.601124e-01  -1.341959e+00  -4.547407e-02;
  -1.087214e-01  -2.153163e-01  -8.467909e-01]
sigmaDot=[ ... 
  -9.259672e+03   8.977286e+03  -4.439871e+04;
  -1.961569e+04   6.970047e+03  -1.364397e+04;
  -1.528586e+04  -2.769989e+04  -5.680936e+03]
intgraE=[ ...  
  -7.046608e-02   6.448156e-02  -4.093210e-02;
   6.448156e-02  -9.704383e-02  -3.075324e-03;
  -4.093210e-02  -3.075324e-03  -2.026898e-02]
E=[ ...        
   1.373058e-01  -1.161919e-01   9.512774e-02;
  -1.161919e-01  -6.907436e-02  -4.127333e-01;
   9.512774e-02  -4.127333e-01   7.731725e-01]
e=[ ...        
   6.489741e-02  -1.450921e-01  -5.704192e-02;
  -1.450921e-01  -2.469705e-01  -3.525399e-01;
  -5.704192e-02  -3.525399e-01   1.089391e-01]
intgraF=[ ...  
   9.220202e-01   6.702668e-02  -2.722514e-02;
   6.885947e-02   8.906938e-01   9.353307e-02;
  -6.484554e-02  -8.991308e-02   9.746653e-01]
F=[ ...        
   1.108762e+00  -3.172968e-02   1.193898e-02;
  -2.098285e-01   9.077919e-01  -5.963048e-01;
   3.506325e-02  -1.917248e-01   1.480075e+00]
R=[ ...        
   9.964326e-01   8.369769e-02  -1.080567e-02;
  -8.432962e-02   9.825609e-01  -1.657183e-01;
  -3.253008e-03   1.660383e-01   9.861139e-01]
U=[ ...        
   1.122388e+00  -1.075465e-01   5.736785e-02;
  -1.075465e-01   8.574715e-01  -3.391573e-01;
   5.736785e-02  -3.391573e-01   1.558213e+00]
l=[ ...        
  -9.673824e-03   2.359286e-02   1.627787e-02;
  -1.143319e-03   1.736900e-02  -1.415344e-02;
  -1.646298e-02   3.110154e-02  -3.429510e-02]
d=[ ...        
  -9.673824e-03   1.122477e-02  -9.255483e-05;
   1.122477e-02   1.736900e-02   8.474049e-03;
  -9.255483e-05   8.474049e-03  -3.429510e-02]
     iteration=        4199999       process=              7       (i,j,k)=              1              1              1       (x,y,z)=   1.489481e-02   1.489452e-02   1.420530e-02     particles=             53
fabric=[ ...   
   4.899382e-01   7.228120e-02   4.339257e-04;
   7.228120e-02   2.518717e-01  -2.914697e-02;
   4.339257e-04  -2.914697e-02   1.915234e-01]
sigma=[ ...    
  -6.139210e-01  -1.642523e-01   1.180802e-01;
  -2.012133e-01  -6.597700e-01   6.679804e-02;
   7.460301e-02   2.989737e-02  -1.648765e-01]
sigmaDot=[ ... 
   8.744384e+03   1.579847e+04  -4.312545e+03;
   2.537090e+04   8.613853e+03  -3.627354e+03;
   4.020255e+03  -1.177124e+04   3.814315e+02]
intgraE=[ ...  
   3.768486e-02  -5.985009e-02  -4.254488e-03;
  -5.985009e-02   1.338730e-01  -9.454753e-02;
  -4.254488e-03  -9.454753e-02  -7.227130e-02]
E=[ ...        
   5.651982e-02   2.561752e-01   3.168516e-02;
   2.561752e-01  -3.573715e-01  -2.369821e-01;
   3.168516e-02  -2.369821e-01   2.077246e+00]
e=[ ...        
  -9.429082e+02   9.546255e+02   5.979679e+02;
   9.546255e+02  -9.662187e+02  -6.053568e+02;
   5.979679e+02  -6.053568e+02  -3.787357e+02]
intgraF=[ ...  
   1.017655e+00   1.007555e-01  -5.963473e-02;
  -1.960198e-01   1.118365e+00  -9.575446e-02;
   3.639289e-02  -8.278618e-02   9.180045e-01]
F=[ ...        
   7.752702e-01   3.217327e-01   5.121344e-01;
   7.071992e-01   3.960695e-01  -7.900282e-01;
   1.089268e-01  -1.577153e-01   2.065930e+00]
R=[ ...        
   3.993316e-01   8.683069e-01   2.942403e-01;
   8.792505e-01  -2.717964e-01  -3.912102e-01;
   2.597171e-01  -4.149335e-01   8.719961e-01]
U=[ ...        
   9.596852e-01   4.357610e-01   4.643596e-02;
   4.357610e-01   2.371539e-01  -1.978068e-01;
   4.643596e-02  -1.978068e-01   2.261240e+00]
l=[ ...        
  -2.346689e-03   5.760213e-03  -2.383086e-02;
   2.458131e-02  -4.057620e-02   7.345863e-02;
  -1.563837e-02  -1.662446e-02   1.883552e-02]
d=[ ...        
  -2.346689e-03   1.517076e-02  -1.973462e-02;
   1.517076e-02  -4.057620e-02   2.841709e-02;
  -1.973462e-02   2.841709e-02   1.883552e-02]
